1.004471182823181152e+00
9.997544288635253906e-01
9.974478483200073242e-01
1.003060936927795410e+00
9.906595945358276367e-01
9.940376281738281250e-01
9.772649407386779785e-01
1.019986748695373535e+00
9.925418496131896973e-01
9.811264276504516602e-01
1.001414418220520020e+00
1.016071796417236328e+00
1.014353990554809570e+00
1.004697561264038086e+00
9.813411831855773926e-01
1.008151888847351074e+00
9.890042543411254883e-01
9.839724302291870117e-01
9.997829794883728027e-01
9.922795295715332031e-01
1.019826531410217285e+00
1.010216116905212402e+00
1.004334449768066406e+00
9.991233944892883301e-01
9.766653776168823242e-01
1.019872188568115234e+00
1.003642797470092773e+00
9.979308247566223145e-01
9.860250353813171387e-01
1.020218014717102051e+00
9.862272143363952637e-01
1.022850513458251953e+00
1.004691481590270996e+00
9.841603636741638184e-01
9.827203154563903809e-01
9.859087467193603516e-01
9.752908349037170410e-01
9.921576976776123047e-01
9.926910400390625000e-01
1.001719117164611816e+00
1.020815730094909668e+00
9.858247637748718262e-01
9.886193871498107910e-01
1.022424817085266113e+00
9.790011048316955566e-01
1.006977438926696777e+00
9.863609671592712402e-01
1.005404829978942871e+00
1.012840867042541504e+00
9.954155683517456055e-01
1.004951238632202148e+00
1.004846453666687012e+00
1.005109310150146484e+00
9.901937246322631836e-01
1.011294841766357422e+00
1.000074863433837891e+00
1.020135521888732910e+00
9.787548184394836426e-01
1.006084322929382324e+00
9.815784096717834473e-01
9.807317256927490234e-01
9.971279501914978027e-01
1.037972092628479004e+00
1.004611372947692871e+00
9.799873828887939453e-01
9.959067702293395996e-01
9.856283068656921387e-01
9.947719573974609375e-01
9.886464476585388184e-01
1.025215983390808105e+00
9.994155764579772949e-01
9.891470074653625488e-01
1.009676575660705566e+00
1.031115055084228516e+00
1.033472657203674316e+00
1.005160093307495117e+00
1.013868927955627441e+00
1.016175508499145508e+00
1.005242109298706055e+00
9.838455319404602051e-01
1.006540894508361816e+00
9.958663582801818848e-01
1.007358431816101074e+00
9.952719807624816895e-01
1.012524604797363281e+00
9.942486286163330078e-01
9.791349768638610840e-01
9.900144338607788086e-01
9.878911972045898438e-01
1.014606237411499023e+00
1.020065069198608398e+00
9.901545047760009766e-01
9.947817325592041016e-01
1.012445926666259766e+00
9.866160154342651367e-01
1.001596689224243164e+00
1.035533189773559570e+00
9.945114254951477051e-01
9.895439743995666504e-01
9.871401786804199219e-01
9.913001656532287598e-01
9.920457601547241211e-01
9.742643237113952637e-01
9.993931651115417480e-01
9.879394173622131348e-01
9.806609153747558594e-01
1.016243934631347656e+00
9.997723102569580078e-01
1.017105460166931152e+00
1.026701092720031738e+00
1.014153599739074707e+00
9.858171939849853516e-01
9.917422533035278320e-01
1.017335534095764160e+00
1.022257089614868164e+00
9.974334239959716797e-01
9.843980073928833008e-01
1.015768885612487793e+00
1.002635836601257324e+00
9.737449288368225098e-01
1.031139492988586426e+00
9.922417998313903809e-01
9.815312623977661133e-01
1.010537624359130859e+00
9.860895872116088867e-01
1.016129851341247559e+00
1.003970384597778320e+00
9.802771210670471191e-01
1.010076999664306641e+00
9.848054051399230957e-01
9.983860254287719727e-01
1.016504645347595215e+00
9.936699867248535156e-01
1.009292960166931152e+00
1.004458308219909668e+00
9.943495392799377441e-01
9.931801557540893555e-01
9.847120642662048340e-01
1.017492413520812988e+00
1.003396034240722656e+00
1.004497647285461426e+00
1.000462412834167480e+00
1.002415537834167480e+00
1.013547420501708984e+00
9.842139482498168945e-01
1.025167465209960938e+00
1.006723880767822266e+00
1.011787414550781250e+00
1.013013482093811035e+00
9.877654314041137695e-01
9.788298606872558594e-01
9.817575812339782715e-01
9.875421524047851562e-01
9.815052151679992676e-01
9.960281252861022949e-01
1.002735972404479980e+00
9.918217062950134277e-01
9.966549277305603027e-01
9.870254993438720703e-01
1.024715304374694824e+00
9.859585762023925781e-01
9.988307356834411621e-01
9.887438416481018066e-01
1.056625366210937500e+00
1.007290005683898926e+00
1.004485487937927246e+00
9.943231940269470215e-01
9.725010395050048828e-01
1.018585085868835449e+00
9.795823097229003906e-01
9.915473461151123047e-01
9.925943613052368164e-01
1.009303569793701172e+00
9.819314479827880859e-01
1.000888228416442871e+00
1.013756394386291504e+00
1.011091947555541992e+00
1.003881573677062988e+00
1.010661602020263672e+00
1.004012465476989746e+00
1.007648825645446777e+00
1.011378169059753418e+00
1.001375436782836914e+00
9.895147681236267090e-01
1.021139383316040039e+00
9.859612584114074707e-01
9.909451603889465332e-01
9.826506972312927246e-01
9.822204113006591797e-01
1.025684595108032227e+00
1.016499042510986328e+00
1.019984364509582520e+00
1.007881641387939453e+00
9.833195805549621582e-01
9.950690865516662598e-01
9.799137115478515625e-01
1.017588973045349121e+00
1.005191206932067871e+00
1.010527729988098145e+00
9.788416028022766113e-01
1.016551852226257324e+00
9.842857718467712402e-01
1.007296323776245117e+00
1.007340550422668457e+00
1.003672122955322266e+00
1.003835916519165039e+00
9.986449480056762695e-01
1.030650138854980469e+00
9.826076626777648926e-01
1.005762100219726562e+00
9.880827069282531738e-01
1.007854580879211426e+00
1.001637935638427734e+00
1.000003576278686523e+00
1.018096804618835449e+00
9.766879677772521973e-01
1.012978792190551758e+00
9.825229048728942871e-01
1.018796086311340332e+00
9.841887354850769043e-01
9.909192919731140137e-01
9.845227599143981934e-01
1.005397200584411621e+00
9.899047613143920898e-01
9.792059659957885742e-01
1.020192980766296387e+00
9.915613532066345215e-01
9.967691302299499512e-01
9.864902496337890625e-01
1.010868310928344727e+00
9.895483851432800293e-01
1.044021487236022949e+00
1.013792276382446289e+00
9.932954907417297363e-01
1.008519530296325684e+00
9.878618121147155762e-01
9.979324936866760254e-01
1.011873602867126465e+00
9.849529862403869629e-01
1.019804954528808594e+00
9.734460115432739258e-01
9.947918653488159180e-01
1.017943859100341797e+00
9.762299656867980957e-01
9.842362403869628906e-01
9.861105680465698242e-01
1.007774114608764648e+00
9.768921732902526855e-01
1.003114581108093262e+00
1.001157641410827637e+00
1.000695228576660156e+00
9.861866235733032227e-01
1.004589676856994629e+00
9.934453964233398438e-01
1.030497431755065918e+00
1.052891135215759277e+00
9.954355359077453613e-01
1.008531928062438965e+00
1.006104469299316406e+00
1.001482367515563965e+00
9.959066510200500488e-01
9.876053333282470703e-01
1.038104534149169922e+00
9.861334562301635742e-01
9.940965175628662109e-01
1.005362033843994141e+00
9.891803860664367676e-01
9.956387281417846680e-01
9.957076311111450195e-01
1.002366542816162109e+00
1.018951416015625000e+00
9.971569776535034180e-01
9.883372783660888672e-01
9.835624098777770996e-01
9.800736904144287109e-01
1.011281728744506836e+00
9.882851243019104004e-01
1.019924044609069824e+00
1.011239767074584961e+00
9.938160181045532227e-01
1.025170207023620605e+00
1.008918523788452148e+00
9.828079938888549805e-01
9.831395149230957031e-01
9.988204836845397949e-01
1.009234428405761719e+00
1.021154284477233887e+00
1.013719558715820312e+00
9.984775781631469727e-01
9.992908835411071777e-01
9.793099164962768555e-01
1.023467063903808594e+00
1.013994216918945312e+00
1.005176544189453125e+00
9.859549999237060547e-01
9.814159274101257324e-01
1.001082777976989746e+00
9.806355237960815430e-01
9.851057529449462891e-01
1.015525937080383301e+00
9.840837121009826660e-01
9.813427925109863281e-01
9.892290234565734863e-01
1.014149546623229980e+00
9.944429993629455566e-01
9.987677931785583496e-01
9.949020743370056152e-01
9.939638376235961914e-01
1.011914014816284180e+00
1.020360827445983887e+00
9.969179630279541016e-01
9.764622449874877930e-01
1.020609378814697266e+00
9.818902611732482910e-01
9.947307705879211426e-01
9.936820864677429199e-01
1.011749148368835449e+00
9.811738729476928711e-01
1.041242957115173340e+00
9.970505237579345703e-01
1.035071372985839844e+00
9.912870526313781738e-01
1.004662275314331055e+00
1.024760842323303223e+00
9.760060310363769531e-01
9.936762452125549316e-01
9.872562289237976074e-01
9.927643537521362305e-01
1.038758158683776855e+00
1.017330408096313477e+00
1.005414724349975586e+00
9.979298710823059082e-01
9.812150597572326660e-01
9.964246153831481934e-01
1.046090722084045410e+00
1.011051177978515625e+00
1.007958769798278809e+00
1.000348925590515137e+00
1.016350746154785156e+00
1.011264443397521973e+00
9.959405064582824707e-01
1.006105542182922363e+00
1.011813282966613770e+00
9.802380800247192383e-01
9.813513159751892090e-01
1.003272175788879395e+00
9.986068606376647949e-01
1.014829397201538086e+00
9.849037528038024902e-01
9.790558815002441406e-01
1.024893164634704590e+00
1.016228556632995605e+00
9.851853251457214355e-01
9.884216189384460449e-01
9.752938747406005859e-01
9.929420948028564453e-01
1.002400994300842285e+00
9.843956828117370605e-01
9.925718903541564941e-01
9.980025291442871094e-01
9.981133937835693359e-01
9.940139651298522949e-01
9.994069337844848633e-01
1.030408501625061035e+00
1.004734039306640625e+00
9.786101579666137695e-01
9.909895062446594238e-01
9.987167119979858398e-01
9.819853901863098145e-01
9.877440929412841797e-01
1.008448839187622070e+00
1.013754725456237793e+00
9.807091951370239258e-01
9.946314692497253418e-01
9.868056178092956543e-01
9.896702766418457031e-01
9.872198104858398438e-01
9.871710538864135742e-01
1.033752083778381348e+00
9.771992564201354980e-01
1.000174164772033691e+00
9.983283877372741699e-01
9.883600473403930664e-01
9.936857223510742188e-01
9.950509071350097656e-01
1.033513188362121582e+00
1.020974278450012207e+00
1.054341197013854980e+00
1.014247536659240723e+00
9.882555007934570312e-01
1.035951614379882812e+00
9.716680645942687988e-01
9.883753657341003418e-01
9.818859696388244629e-01
1.013047695159912109e+00
1.001373529434204102e+00
1.016501069068908691e+00
1.003796935081481934e+00
9.833768606185913086e-01
9.994340538978576660e-01
1.021760821342468262e+00
1.033810377120971680e+00
1.013699054718017578e+00
9.878266453742980957e-01
9.745997786521911621e-01
1.017337679862976074e+00
9.975287318229675293e-01
1.010187864303588867e+00
9.915394186973571777e-01
9.998680949211120605e-01
1.018111944198608398e+00
9.952737689018249512e-01
1.003898620605468750e+00
1.013858914375305176e+00
1.002757906913757324e+00
9.968286156654357910e-01
9.960724115371704102e-01
9.830740690231323242e-01
1.004032492637634277e+00
1.024703383445739746e+00
1.007627964019775391e+00
9.995212554931640625e-01
9.766977429389953613e-01
9.819567203521728516e-01
1.025114655494689941e+00
9.878147840499877930e-01
1.005736827850341797e+00
9.879250526428222656e-01
9.822005033493041992e-01
9.954190254211425781e-01
9.759964346885681152e-01
9.785804152488708496e-01
9.945745468139648438e-01
1.000478148460388184e+00
1.030901074409484863e+00
1.025378942489624023e+00
9.910027980804443359e-01
9.864567518234252930e-01
9.863572716712951660e-01
9.762012958526611328e-01
9.846630096435546875e-01
9.814897775650024414e-01
9.961333274841308594e-01
9.921340346336364746e-01
1.032124400138854980e+00
9.966524839401245117e-01
1.010618209838867188e+00
9.785081744194030762e-01
9.890004992485046387e-01
9.912633895874023438e-01
1.036969542503356934e+00
9.986832141876220703e-01
1.000115275382995605e+00
1.023321390151977539e+00
9.925674796104431152e-01
1.003570437431335449e+00
9.829776287078857422e-01
1.000636935234069824e+00
9.894755482673645020e-01
9.821824431419372559e-01
9.972371459007263184e-01
9.934736490249633789e-01
1.011322855949401855e+00
1.022259950637817383e+00
1.000304460525512695e+00
9.810944795608520508e-01
1.025998234748840332e+00
9.912976026535034180e-01
1.014756441116333008e+00
9.939639568328857422e-01
9.917349219322204590e-01
9.884443879127502441e-01
9.868183732032775879e-01
9.898224472999572754e-01
1.009915471076965332e+00
1.016626000404357910e+00
9.788427948951721191e-01
9.881913065910339355e-01
1.006819486618041992e+00
1.020730733871459961e+00
9.914106726646423340e-01
9.779813885688781738e-01
9.839037060737609863e-01
9.963902235031127930e-01
9.855548739433288574e-01
1.008115768432617188e+00
9.869511723518371582e-01
9.853028059005737305e-01
1.003922462463378906e+00
9.855889678001403809e-01
1.036182522773742676e+00
1.010188817977905273e+00
1.016479969024658203e+00
1.018157362937927246e+00
9.870402216911315918e-01
9.906539916992187500e-01
9.924548268318176270e-01
1.008360147476196289e+00
9.899569153785705566e-01
1.030699849128723145e+00
1.045433282852172852e+00
1.008779883384704590e+00
9.869921803474426270e-01
1.022262096405029297e+00
9.908310174942016602e-01
9.858702421188354492e-01
1.013757348060607910e+00
9.808774590492248535e-01
9.907914996147155762e-01
9.957081079483032227e-01
9.843597412109375000e-01
9.890357255935668945e-01
