-1.391131244599819183e-02
-5.301965400576591492e-03
-1.013066619634628296e-02
-6.595354527235031128e-03
3.623635508120059967e-03
-1.673927530646324158e-02
-1.549995690584182739e-02
3.993317484855651855e-02
-5.311333108693361282e-03
-7.985804229974746704e-03
-2.969321794807910919e-02
5.146670155227184296e-03
9.978073649108409882e-03
2.156870625913143158e-02
-5.859250202775001526e-03
-1.214331109076738358e-02
2.042097039520740509e-02
-1.702618412673473358e-02
2.082694845739752054e-05
1.405850797891616821e-02
9.534063749015331268e-03
1.141031086444854736e-02
-9.972539730370044708e-03
6.826775148510932922e-03
-2.458305843174457550e-02
2.049747109413146973e-02
-3.880137810483574867e-03
-2.145579084753990173e-02
-1.517196185886859894e-02
-8.694789721630513668e-04
-1.545686461031436920e-02
1.541391666978597641e-02
-1.685829833149909973e-03
-1.836987095884978771e-03
-1.662332005798816681e-02
-5.912275519222021103e-03
-1.259644795209169388e-02
-7.020420394837856293e-03
-1.181244105100631714e-02
3.293889341875910759e-03
1.328028738498687744e-02
-3.540020436048507690e-02
-1.495767943561077118e-02
1.507147867232561111e-02
-5.608104402199387550e-06
-1.234726514667272568e-02
-1.707646250724792480e-02
-2.276370069012045860e-03
-1.419676747173070908e-02
5.564441904425621033e-03
-6.505213677883148193e-03
2.532448852434754372e-03
-1.909818872809410095e-02
-2.034405432641506195e-02
3.699656808748841286e-03
8.117014542222023010e-03
1.646219752728939056e-02
-2.119668759405612946e-02
-4.559323657304048538e-03
-2.354801818728446960e-02
-1.873088814318180084e-02
-1.178444176912307739e-02
2.325276285409927368e-02
-4.366756416857242584e-03
-3.293209243565797806e-03
-8.229608647525310516e-03
-1.616998203098773956e-02
-9.444475290365517139e-04
-5.831300746649503708e-03
1.027794089168310165e-02
1.142250467091798782e-02
-1.604359783232212067e-02
-3.324681660160422325e-03
-7.477247854694724083e-04
2.543775551021099091e-02
1.137595251202583313e-02
-5.643179640173912048e-03
6.933755357749760151e-04
-6.640919949859380722e-03
4.443986341357231140e-03
-1.364148594439029694e-02
-1.341649051755666733e-02
2.061355859041213989e-03
-1.615621335804462433e-02
5.491570569574832916e-03
-5.823730491101741791e-03
1.116372179239988327e-03
-1.050554774701595306e-02
-2.473393222317099571e-03
-1.180026680231094360e-03
-1.116045098751783371e-02
-1.216039434075355530e-02
-6.460903678089380264e-03
9.168338961899280548e-03
1.549786888062953949e-03
1.783776655793190002e-02
1.413502730429172516e-02
3.039983334019780159e-03
-2.839832566678524017e-02
1.711252029053866863e-03
-7.988378405570983887e-03
1.136000361293554306e-02
-1.764078624546527863e-02
-7.164493203163146973e-03
1.770842471159994602e-03
-6.971971597522497177e-03
1.238312944769859314e-02
-2.381436340510845184e-02
-4.257449880242347717e-03
4.729301854968070984e-02
1.420735474675893784e-02
3.881070995703339577e-03
-1.539413724094629288e-02
5.692529492080211639e-03
2.149228937923908234e-02
1.421691942960023880e-02
-2.703013271093368530e-02
1.972156949341297150e-02
9.104413911700248718e-03
-1.965710893273353577e-02
4.444293305277824402e-02
-1.467630732804536819e-03
-1.263279467821121216e-02
5.880412645637989044e-03
-2.312090247869491577e-02
1.316266227513551712e-02
1.607215590775012970e-02
5.297599826008081436e-03
-2.231239108368754387e-03
-1.273418962955474854e-02
-1.880946755409240723e-02
1.457213051617145538e-02
-4.896904341876506805e-03
-6.819739472121000290e-03
-1.156641636043787003e-02
-2.770222350955009460e-02
-9.161177091300487518e-03
-1.399307884275913239e-02
-1.030008587986230850e-02
-2.060762420296669006e-02
-8.067359449341893196e-04
-7.642566692084074020e-03
-7.223434746265411377e-03
2.142508141696453094e-02
-1.996289938688278198e-02
1.280068047344684601e-02
-1.304357033222913742e-02
-1.409169007092714310e-02
5.560094723477959633e-04
-1.775228232145309448e-02
1.047660876065492630e-02
-9.727215394377708435e-03
-9.395450353622436523e-03
5.925198551267385483e-03
-6.341146654449403286e-04
-2.013269113376736641e-03
-5.141863221069797873e-05
-8.306523784995079041e-03
-2.164802327752113342e-02
-1.371531747281551361e-02
-5.903135519474744797e-03
-5.708586890250444412e-03
1.284972066059708595e-03
1.816581748425960541e-02
1.691210665740072727e-03
1.637442596256732941e-02
-2.114564366638660431e-02
-3.148140385746955872e-03
1.076211628969758749e-04
-2.201427146792411804e-02
1.565430685877799988e-02
-2.672812156379222870e-02
3.253290802240371704e-02
2.756710862740874290e-03
-2.286674827337265015e-02
9.440721943974494934e-03
-6.418452132493257523e-03
-6.941119208931922913e-03
-1.306593324989080429e-02
1.704674400389194489e-02
-1.575512997806072235e-02
1.056300941854715347e-02
-1.081488188356161118e-02
1.833689957857131958e-02
3.101671300828456879e-02
8.993864990770816803e-03
-1.879748515784740448e-02
9.678072296082973480e-03
-7.083533797413110733e-03
7.844766601920127869e-03
3.236226970329880714e-03
-5.700215231627225876e-03
1.959049113793298602e-04
3.184546658303588629e-04
3.823534119874238968e-03
-3.117646323516964912e-03
2.881569555029273033e-03
-2.733369730412960052e-02
1.018134970217943192e-02
-2.231528516858816147e-03
7.222766522318124771e-03
-8.835858665406703949e-03
3.217990742996335030e-03
-1.208824012428522110e-02
-8.371264673769474030e-03
-1.057204511016607285e-02
6.599272135645151138e-03
2.449641004204750061e-02
1.624289667233824730e-03
-1.751559786498546600e-02
1.638663001358509064e-02
-2.641444792971014977e-03
-9.666377678513526917e-03
-1.815150119364261627e-02
2.730959653854370117e-02
-3.828861517831683159e-03
-8.782136254012584686e-03
-1.209083129651844501e-03
-3.220774815417826176e-04
-5.307721439749002457e-03
-2.069273218512535095e-02
-1.473453268408775330e-02
-4.752450622618198395e-03
3.582817036658525467e-03
-1.278979144990444183e-02
1.025065500289201736e-02
6.123194936662912369e-03
-5.099795293062925339e-03
-1.631698943674564362e-02
1.036949269473552704e-02
-2.764869853854179382e-02
2.495964989066123962e-02
2.456347271800041199e-02
-1.194421574473381042e-02
4.420470446348190308e-03
5.470207426697015762e-03
-3.480182727798819542e-03
2.278226427733898163e-02
-1.706686802208423615e-02
2.286229096353054047e-02
-1.542661618441343307e-02
1.804515160620212555e-02
3.386919572949409485e-02
-1.442993618547916412e-02
-1.201838068664073944e-02
-2.636226639151573181e-02
6.906107999384403229e-03
-1.658198982477188110e-02
-6.222924217581748962e-03
2.037953585386276245e-03
2.515659853816032410e-02
-1.862657815217971802e-02
6.800077855587005615e-03
-1.879901438951492310e-02
4.456474632024765015e-02
2.709568850696086884e-02
-3.622379852458834648e-03
-2.609536238014698029e-02
-1.905803917907178402e-03
-5.959399044513702393e-03
-3.015507757663726807e-02
-1.792090199887752533e-02
2.362686581909656525e-02
1.392032369039952755e-03
-1.789871230721473694e-02
-4.859106149524450302e-03
-2.484231442213058472e-02
-4.975566407665610313e-04
-1.877890899777412415e-02
-3.003589110448956490e-03
7.358415517956018448e-03
-7.554927375167608261e-03
-2.570732310414314270e-02
-3.284096485003829002e-03
-1.482883188873529434e-02
1.633726432919502258e-02
-1.505247969180345535e-02
1.475336309522390366e-02
2.591032907366752625e-02
-2.364981733262538910e-02
-1.198790781199932098e-02
3.066563606262207031e-02
-2.193113043904304504e-02
-4.428590182214975357e-03
5.263553466647863388e-03
-6.867474410682916641e-03
2.756875380873680115e-02
-3.375664819031953812e-03
-7.992212660610675812e-03
-1.256494130939245224e-02
4.963548853993415833e-04
3.020294569432735443e-02
2.173918532207608223e-03
-5.128977820277214050e-03
-2.157632727175951004e-03
-1.678393781185150146e-02
-9.975216351449489594e-03
-6.563813425600528717e-03
-2.422448992729187012e-02
1.654983125627040863e-02
6.332918070256710052e-03
1.904472522437572479e-02
7.351211272180080414e-03
-5.557037424296140671e-03
-1.973641477525234222e-02
-3.643946489319205284e-03
1.574853435158729553e-02
-2.475418895483016968e-02
1.469989120960235596e-02
2.321933582425117493e-02
-3.626619651913642883e-02
-1.276242360472679138e-02
2.903492562472820282e-02
5.663274321705102921e-03
-1.998062990605831146e-02
-1.552790775895118713e-02
6.832288112491369247e-03
-1.151545252650976181e-02
4.243724793195724487e-02
-1.954817585647106171e-02
1.435476588085293770e-03
-1.083652768284082413e-02
-1.393816899508237839e-03
-1.037741173058748245e-02
-5.748464725911617279e-03
-4.017334431409835815e-03
-8.460560813546180725e-03
-1.138550462201237679e-03
3.605061769485473633e-02
-5.359232425689697266e-03
-1.012166682630777359e-02
8.811954408884048462e-03
4.871351644396781921e-03
-7.659678813070058823e-03
4.478537663817405701e-02
-1.481216959655284882e-02
-2.751622162759304047e-02
-9.175886400043964386e-03
4.408922977745532990e-03
-1.670373231172561646e-02
-9.362753480672836304e-03
1.559168845415115356e-02
2.112802118062973022e-03
-9.235558100044727325e-03
-2.154924347996711731e-02
4.327949136495590210e-03
-1.196069922298192978e-02
2.686941251158714294e-02
-1.359197776764631271e-02
-1.276624482125043869e-02
2.941655460745096207e-03
-1.201136596500873566e-02
-5.663484800606966019e-03
-1.416737213730812073e-03
-1.438001636415719986e-02
-2.855096943676471710e-03
-1.711316592991352081e-02
-1.534006092697381973e-02
-1.240925339516252279e-04
-1.954263262450695038e-02
-5.526663269847631454e-03
-2.523033507168292999e-02
6.735933478921651840e-03
1.916602253913879395e-02
1.894605532288551331e-02
-7.080273237079381943e-03
4.179697018116712570e-03
-1.387938298285007477e-02
-2.973739430308341980e-02
5.942079587839543819e-04
-6.205665878951549530e-03
-2.014834899455308914e-03
1.935280626639723778e-03
-4.118929617106914520e-03
-1.193586387671530247e-03
-2.446339651942253113e-02
-7.085815072059631348e-03
-1.781448838301002979e-03
2.056746743619441986e-02
-7.102754316292703152e-04
-6.806224584579467773e-03
4.326530732214450836e-03
6.032117642462253571e-03
-1.162255927920341492e-02
-2.047195099294185638e-02
5.141107831150293350e-04
-1.077853329479694366e-02
1.197485625743865967e-02
1.419580541551113129e-02
-2.481318078935146332e-03
2.218752540647983551e-02
-5.809060763567686081e-03
-3.179639577865600586e-02
-2.097710780799388885e-02
-6.396754644811153412e-03
-3.168713673949241638e-02
7.336226757615804672e-03
-1.335900835692882538e-02
-1.948549412190914154e-02
-3.321047872304916382e-02
1.979850046336650848e-02
-1.311924075707793236e-03
4.408740438520908356e-03
-2.321602590382099152e-02
-7.967741228640079498e-03
-2.813557628542184830e-03
-9.352533146739006042e-03
3.175213560461997986e-02
2.254128456115722656e-03
-1.252339407801628113e-02
1.837434992194175720e-02
8.010250516235828400e-03
-6.424490828067064285e-03
8.788202889263629913e-03
1.556265354156494141e-02
-5.302397068589925766e-03
3.428924828767776489e-03
-1.928938925266265869e-02
2.017219364643096924e-02
2.745862677693367004e-02
-2.411197684705257416e-02
-6.301772780716419220e-03
-6.390289636328816414e-04
3.296985290944576263e-03
1.827462576329708099e-02
-1.173615455627441406e-02
1.374120358377695084e-02
1.790798269212245941e-02
-1.915257796645164490e-02
-1.858299784362316132e-02
-1.304638013243675232e-02
-2.266124123707413673e-03
-5.983112845569849014e-03
-1.315517723560333252e-02
3.239956498146057129e-02
1.399463415145874023e-02
-1.799048110842704773e-02
-9.469374082982540131e-03
-1.062790211290121078e-02
2.048957627266645432e-03
-2.861442603170871735e-02
-9.385369718074798584e-03
-2.672329917550086975e-02
-2.649809233844280243e-03
-3.968024160712957382e-03
-1.944358646869659424e-02
-1.503058243542909622e-02
-9.668448474258184433e-04
1.115801371634006500e-02
-9.853190742433071136e-03
3.423621878027915955e-02
-2.132957987487316132e-02
-5.535178352147340775e-03
1.180645450949668884e-02
-1.516160834580659866e-02
4.269925877451896667e-03
-6.244990509003400803e-03
-1.831714808940887451e-02
-1.668964885175228119e-02
-1.048404350876808167e-02
-8.382196538150310516e-03
-6.367296446114778519e-03
7.762058172374963760e-03
-2.067574765533208847e-03
-9.611872374080121517e-04
-1.726074726320803165e-03
1.538093108683824539e-02
-2.974897995591163635e-02
2.093565836548805237e-02
-8.825020864605903625e-03
-1.505029067629948258e-04
-2.858817111700773239e-03
-3.013508208096027374e-02
-1.429795660078525543e-02
2.846868522465229034e-02
2.053881064057350159e-03
-1.292815711349248886e-02
-6.801009178161621094e-03
6.358947604894638062e-03
4.077501129359006882e-03
-1.557569857686758041e-02
-1.307126600295305252e-02
-2.539609000086784363e-02
-2.339875325560569763e-02
-2.615062892436981201e-02
6.754682864993810654e-03
-2.967484667897224426e-02
-5.821877159178256989e-03
-5.757397972047328949e-03
-3.169150731991976500e-04
-5.528926849365234375e-03
-1.309290062636137009e-02
1.094594411551952362e-02
-6.607340765185654163e-06
-2.395646087825298309e-02
-2.001468464732170105e-02
-1.880376040935516357e-02
-7.326286751776933670e-03
-1.802225224673748016e-02
1.943165250122547150e-02
2.749946340918540955e-02
2.661934308707714081e-02
-1.250822935253381729e-02
-4.037759732455015182e-03
7.023298181593418121e-03
-3.242291510105133057e-03
4.055898636579513550e-02
-1.468979101628065109e-02
-8.765559643507003784e-03
-1.431971904821693897e-03
-2.054845541715621948e-02
7.308676373213529587e-03
