-4.354797363281250000e+00
-2.793099164962768555e+00
1.898717731237411499e-01
-2.101296663284301758e+00
1.726121902465820312e-01
-5.052522659301757812e+00
6.373331546783447266e+00
-2.801328897476196289e+00
-3.094146728515625000e+00
-9.767493605613708496e-01
-2.213225841522216797e+00
-1.417832374572753906e+00
-1.157913088798522949e+00
-7.118928432464599609e+00
1.583038330078125000e+00
-2.028835535049438477e+00
-5.504137277603149414e-01
-3.335652828216552734e+00
-6.537537574768066406e-01
1.548305273056030273e+00
-8.197581768035888672e-01
-1.477677702903747559e+00
-1.717121124267578125e+00
3.966204077005386353e-02
-6.846411228179931641e+00
-2.223679542541503906e+00
-6.978778839111328125e-01
4.188282966613769531e+00
-2.786413431167602539e+00
1.044372245669364929e-01
-1.146584796905517578e+01
-3.067684173583984375e+00
-2.492535352706909180e+00
1.160918474197387695e+00
3.753196716308593750e+00
3.907504558563232422e+00
1.769528746604919434e+00
1.488460302352905273e+00
3.668445110321044922e+00
-3.386713743209838867e+00
-1.271452188491821289e+00
-4.536787986755371094e+00
6.764755249023437500e-01
2.731739044189453125e+00
4.752239704132080078e+00
-6.121056675910949707e-01
1.418950080871582031e+00
1.567970961332321167e-01
3.150086164474487305e+00
-3.807107925415039062e+00
-2.364951133728027344e+00
-4.102833747863769531e+00
-9.473176598548889160e-01
2.384448766708374023e+00
2.354053735733032227e+00
-2.804231166839599609e+00
2.258717060089111328e+00
1.133996248245239258e+00
1.561469316482543945e+00
4.923737049102783203e+00
1.632346630096435547e+00
-4.260663986206054688e+00
-3.642596602439880371e-01
4.911255836486816406e-01
4.364041805267333984e+00
1.064765334129333496e+00
7.511876583099365234e+00
-2.432984352111816406e+00
-2.500057935714721680e+00
1.053576827049255371e+00
-3.589511156082153320e+00
-4.672681331634521484e+00
-3.616651058197021484e+00
-4.916720390319824219e+00
-3.014494657516479492e+00
-5.652538299560546875e+00
1.827364265918731689e-01
-5.687263011932373047e-01
-2.550454616546630859e+00
3.883045434951782227e+00
-3.856042861938476562e+00
-1.480834037065505981e-01
-3.096536159515380859e+00
2.013812065124511719e+00
3.192936420440673828e+00
5.991153240203857422e+00
1.800382614135742188e+00
-5.697607994079589844e-01
3.997071266174316406e+00
-2.628094553947448730e-01
-4.506435871124267578e+00
-2.998274326324462891e+00
-2.577451467514038086e+00
-2.853570699691772461e+00
-9.044663310050964355e-01
-2.967219352722167969e+00
-5.390450358390808105e-02
4.911109447479248047e+00
-6.616169452667236328e+00
-2.016852140426635742e+00
1.684424042701721191e+00
3.042769670486450195e+00
6.256971836090087891e+00
-3.640802383422851562e+00
-2.771290063858032227e+00
1.176841545104980469e+01
-5.206394791603088379e-01
-4.299473285675048828e+00
3.607699632644653320e+00
-1.665608167648315430e+00
-1.619110226631164551e+00
1.565639853477478027e+00
9.181858897209167480e-01
-3.913061380386352539e+00
-4.270141422748565674e-01
-7.615019083023071289e-01
7.132509946823120117e-01
-4.459703922271728516e+00
-2.676811456680297852e+00
2.240956783294677734e+00
1.792774796485900879e-01
2.848603487014770508e+00
1.446565270423889160e+00
-2.437963783740997314e-01
3.737616539001464844e+00
-2.150310754776000977e+00
2.856229782104492188e+00
-1.636342048645019531e+00
-7.531702518463134766e-01
1.672027111053466797e+00
-3.811484813690185547e+00
-3.414323329925537109e+00
-5.718627452850341797e+00
-5.842163085937500000e+00
-3.826893091201782227e+00
-2.133613824844360352e+00
-2.368358135223388672e+00
5.331799983978271484e+00
-1.736230701208114624e-01
-3.357719898223876953e+00
-2.297860831022262573e-01
5.177497863769531250e-01
-2.517092466354370117e+00
-9.162576198577880859e-01
4.240233421325683594e+00
-8.510169386863708496e-01
-2.166421651840209961e+00
-2.316663742065429688e+00
-1.758576512336730957e+00
2.358382463455200195e+00
5.109733581542968750e+00
-1.262213945388793945e+00
9.526702761650085449e-02
1.800473809242248535e+00
-3.780866861343383789e+00
-1.394476771354675293e+00
-4.679893016815185547e+00
2.111406624317169189e-02
-1.074338674545288086e+00
-4.987740516662597656e-01
4.333068370819091797e+00
9.692782163619995117e-01
2.272410869598388672e+00
-1.620478481054306030e-01
-4.218625724315643311e-01
-2.589121162891387939e-01
-1.113693594932556152e+00
3.590933561325073242e+00
-1.774162888526916504e+00
3.446231365203857422e+00
2.155351400375366211e+00
-3.337172508239746094e+00
6.500876903533935547e+00
1.942022681236267090e+00
-1.821872830390930176e+00
1.911483764648437500e+00
1.624559521675109863e+00
-3.988974809646606445e+00
-3.077969551086425781e+00
-7.373328208923339844e-01
-1.458332419395446777e+00
-1.030095219612121582e+00
-4.020977497100830078e+00
3.277810335159301758e+00
-1.444373250007629395e+00
1.382897377014160156e+00
1.789928436279296875e+00
4.618003368377685547e+00
1.385272026062011719e+00
-3.275027513504028320e+00
1.438271164894104004e+00
9.448996186256408691e-01
1.539854764938354492e+00
1.552211403846740723e+00
-2.374549163505434990e-03
1.008951902389526367e+00
-3.574685573577880859e+00
-3.304643154144287109e+00
1.923305392265319824e+00
1.260787010192871094e+00
-2.454966157674789429e-01
7.139105796813964844e+00
2.665406942367553711e+00
-1.632432103157043457e+00
4.282253742218017578e+00
-5.259398460388183594e+00
-3.116906881332397461e+00
-1.017157554626464844e+00
2.272343397140502930e+00
-1.959881305694580078e+00
5.313194394111633301e-01
-7.631913423538208008e-01
-1.759920358657836914e+00
-1.683306217193603516e+00
5.848704814910888672e+00
4.339005470275878906e+00
-5.512465238571166992e-01
-5.893429517745971680e-01
1.116811275482177734e+00
8.891394138336181641e-01
-3.207023859024047852e+00
4.438371658325195312e-01
-3.888500213623046875e+00
-1.463670730590820312e+00
3.384743213653564453e+00
-9.811871051788330078e-01
-1.590815544128417969e+00
-2.976454734802246094e+00
-7.016114711761474609e+00
-5.330807209014892578e+00
-3.501000642776489258e+00
-4.500941753387451172e+00
-2.298839330673217773e+00
1.157917499542236328e+00
3.092071771621704102e+00
3.571408271789550781e+00
-5.279670238494873047e+00
-2.974596977233886719e+00
1.960245251655578613e+00
-3.240392684936523438e+00
5.506840229034423828e+00
-1.035777926445007324e+00
6.042829990386962891e+00
5.214297771453857422e+00
2.785571813583374023e-01
-6.110110759735107422e+00
-3.372721433639526367e+00
6.237148120999336243e-02
-2.920139789581298828e+00
2.659303903579711914e+00
2.999835491180419922e+00
-8.545760512351989746e-01
-2.414496421813964844e+00
-8.837692141532897949e-01
2.910833120346069336e+00
-7.663287520408630371e-01
-1.599489927291870117e+00
-1.413725137710571289e+00
4.757251739501953125e+00
-1.293894290924072266e+00
2.901622772216796875e+00
-4.854888916015625000e+00
-1.663673162460327148e+00
1.096425175666809082e+00
3.661654472351074219e+00
-1.376286625862121582e+00
-5.429723739624023438e+00
-2.239943027496337891e+00
4.896661281585693359e+00
1.367165684700012207e+00
-2.680938243865966797e+00
-1.661463379859924316e+00
-5.902446269989013672e+00
-6.694409251213073730e-01
5.930820465087890625e+00
-2.616473197937011719e+00
2.516247928142547607e-01
5.696304142475128174e-02
6.534069180488586426e-01
-2.154322624206542969e+00
1.900878787040710449e+00
4.587767601013183594e+00
2.457062959671020508e+00
2.873702287673950195e+00
-1.588940382003784180e+00
-2.698123693466186523e+00
1.175168752670288086e+00
-3.991472244262695312e+00
4.687680721282958984e+00
2.046705961227416992e+00
2.415694952011108398e+00
1.124848246574401855e+00
-6.695822477340698242e-01
-1.701790928840637207e+00
1.032948374748229980e+00
4.631431102752685547e+00
-3.261794805526733398e+00
2.252736568450927734e+00
1.388076305389404297e+00
-1.551949024200439453e+00
1.687117338180541992e+00
3.290106058120727539e+00
3.680197000503540039e-01
9.103563427925109863e-01
-2.350630313158035278e-01
4.736641883850097656e+00
-1.744729757308959961e+00
-2.505289793014526367e+00
-3.216386079788208008e+00
-2.453600406646728516e+00
-2.557850360870361328e+00
5.472066402435302734e+00
4.561977386474609375e+00
3.800823688507080078e+00
-2.343766689300537109e+00
1.274544239044189453e+00
1.025408267974853516e+00
5.431180000305175781e+00
2.112619876861572266e+00
-4.900961399078369141e+00
-1.649345397949218750e+00
-4.795114040374755859e+00
-2.954967498779296875e+00
-2.356001615524291992e+00
3.058498620986938477e+00
1.330011963844299316e+00
4.006362438201904297e+00
2.910129785537719727e+00
-8.455104231834411621e-01
-9.745869040489196777e-01
-2.090913057327270508e+00
3.027396202087402344e+00
2.251820325851440430e+00
-5.954982638359069824e-01
2.024305343627929688e+00
-9.938334822654724121e-01
-1.371796607971191406e+00
-1.391426205635070801e+00
-1.829251796007156372e-01
-5.337740898132324219e+00
1.048042774200439453e+00
-3.086132764816284180e+00
2.063669681549072266e+00
3.526609420776367188e+00
4.372031211853027344e+00
-2.419099330902099609e+00
3.318237066268920898e+00
-1.275505661964416504e+00
3.227025985717773438e+00
2.010412693023681641e+00
-3.161223888397216797e+00
-3.271474599838256836e+00
-6.032376766204833984e+00
2.709185123443603516e+00
1.664145708084106445e+00
-1.564963698387145996e+00
-3.980425119400024414e+00
7.359169483184814453e+00
-9.460597634315490723e-01
2.504752874374389648e-01
-3.517447471618652344e+00
-1.289508938789367676e+00
-9.251142144203186035e-01
-3.043649435043334961e+00
-2.552839756011962891e+00
4.447484016418457031e+00
1.757708191871643066e+00
-2.433222532272338867e+00
3.363142251968383789e+00
-2.954622507095336914e+00
-3.636164426803588867e+00
-1.412542581558227539e+00
6.050690650939941406e+00
4.164291381835937500e+00
1.185894370079040527e+00
-4.159673213958740234e+00
-2.911645174026489258e+00
-9.709123969078063965e-01
4.629517793655395508e-01
2.774409294128417969e+00
2.439295202493667603e-01
-3.146631240844726562e+00
6.058090925216674805e-01
-3.773080110549926758e+00
-7.374260425567626953e-01
-4.728857517242431641e+00
2.193188190460205078e+00
-1.181177258491516113e+00
-4.128447532653808594e+00
4.066394805908203125e+00
-3.664427995681762695e+00
2.753066062927246094e+00
-3.194961309432983398e+00
-2.936561584472656250e+00
-3.178659200668334961e+00
-1.977370828390121460e-01
4.097054004669189453e+00
-2.892258405685424805e+00
6.447478294372558594e+00
-4.126725673675537109e+00
3.357673168182373047e+00
-3.474888086318969727e+00
2.403148412704467773e+00
-6.499273777008056641e+00
4.489074230194091797e+00
2.187189340591430664e+00
-1.533871293067932129e+00
-2.556899785995483398e+00
1.145332008600234985e-01
-1.758733034133911133e+00
-9.012973904609680176e-01
3.627579927444458008e+00
-4.163711547851562500e+00
-4.161474704742431641e+00
-1.565842866897583008e+00
2.238933801651000977e+00
-5.306976318359375000e+00
1.442335844039916992e+00
-3.388962507247924805e+00
-4.118847370147705078e+00
-5.183184146881103516e-01
-3.158360481262207031e+00
4.787432551383972168e-01
5.491186141967773438e+00
-3.793848276138305664e+00
1.482537865638732910e+00
1.171219069510698318e-02
-1.211387157440185547e+00
-1.391473293304443359e+00
-2.692819595336914062e+00
4.991698741912841797e+00
-1.644179224967956543e-02
-2.465923547744750977e+00
-1.418301224708557129e+00
-2.025039911270141602e+00
-2.809080362319946289e+00
-1.655815839767456055e+00
6.051964759826660156e-01
-5.910711288452148438e+00
2.531767129898071289e+00
-6.908771991729736328e+00
4.679122924804687500e+00
-2.221677303314208984e+00
2.959307193756103516e+00
1.789072602987289429e-01
-6.798152923583984375e+00
1.536405086517333984e+00
5.779939174652099609e+00
6.288107395172119141e+00
3.638928651809692383e+00
-3.573033809661865234e+00
-4.010505676269531250e+00
-1.924157142639160156e+00
-6.487138271331787109e-01
-5.345376968383789062e+00
-6.275849342346191406e-01
2.596142053604125977e+00
-5.102670192718505859e+00
3.066969394683837891e+00
1.188302785158157349e-01
-4.276987552642822266e+00
1.983999609947204590e+00
-1.962576806545257568e-01
-5.394508838653564453e+00
-3.538842201232910156e-01
4.257050991058349609e+00
-3.295413017272949219e+00
-5.763526916503906250e+00
-1.876622319221496582e+00
-1.443933486938476562e+00
1.367802858352661133e+00
-4.413851797580718994e-01
-1.522523522377014160e+00
-3.385698318481445312e+00
1.487986184656620026e-03
-1.431273460388183594e+00
2.252474129199981689e-01
1.206951856613159180e+00
1.917151212692260742e+00
1.073328971862792969e+00
-1.369470596313476562e+00
-1.135239601135253906e+00
2.559042692184448242e+00
-8.235949277877807617e-01
-2.641921281814575195e+00
-3.264702558517456055e+00
-2.468842267990112305e+00
1.037815451622009277e+00
-1.401609897613525391e+00
3.112290382385253906e+00
-1.041545629501342773e+00
-1.459014773368835449e+00
4.994042873382568359e+00
-2.144252300262451172e+00
-5.661264896392822266e+00
-3.180746078491210938e+00
-3.024427890777587891e+00
-3.121082782745361328e+00
-6.473774433135986328e+00
-2.216192245483398438e+00
3.211499452590942383e+00
-7.575312614440917969e+00
-4.220371246337890625e+00
1.474852204322814941e+00
3.971312522888183594e+00
-1.484962344169616699e+00
-2.082747936248779297e+00
4.528489112854003906e+00
1.493210673332214355e+00
-2.214936017990112305e+00
9.156532883644104004e-01
3.672557115554809570e+00
