4.476104259490966797e+00
6.940487384796142578e+00
6.296284198760986328e+00
7.104107856750488281e+00
1.939202427864074707e+00
3.867704153060913086e+00
5.227257728576660156e+00
5.146536350250244141e+00
3.224148511886596680e+00
1.377481460571289062e+00
3.949266910552978516e+00
4.598320484161376953e+00
4.054449558258056641e+00
6.372591972351074219e+00
1.761077880859375000e+00
2.552114248275756836e+00
5.054177284240722656e+00
3.077035665512084961e+00
3.475682020187377930e+00
3.284202098846435547e+00
2.912430286407470703e+00
2.122725963592529297e+00
3.882215261459350586e+00
4.621060371398925781e+00
4.927000522613525391e+00
3.254161834716796875e+00
3.703678369522094727e+00
2.785552978515625000e+00
2.509202003479003906e+00
7.981942653656005859e+00
1.153668689727783203e+01
5.956068515777587891e+00
4.142524242401123047e+00
3.403667449951171875e+00
3.063628911972045898e+00
4.080691814422607422e+00
3.632639169692993164e+00
2.862925529479980469e+00
4.317502021789550781e+00
4.294324398040771484e+00
4.851549148559570312e+00
2.611263036727905273e+00
4.952130317687988281e+00
5.832858085632324219e+00
3.533759832382202148e+00
3.678896903991699219e+00
4.809531211853027344e+00
2.414296627044677734e+00
3.742409706115722656e+00
6.253143787384033203e+00
5.479370594024658203e+00
5.746879100799560547e+00
2.403860330581665039e+00
1.401273131370544434e+00
3.599490165710449219e+00
3.729730844497680664e+00
4.253819942474365234e+00
2.717730522155761719e+00
3.764444112777709961e+00
2.626275539398193359e+00
2.320056676864624023e+00
3.703845024108886719e+00
4.486390113830566406e+00
4.840154647827148438e+00
3.290511846542358398e+00
3.155764341354370117e+00
5.616845130920410156e+00
6.920129299163818359e+00
3.173281431198120117e+00
5.071642398834228516e+00
6.389708518981933594e+00
3.543859243392944336e+00
2.843762874603271484e+00
3.484714269638061523e+00
3.557573318481445312e+00
2.815638303756713867e+00
4.354115486145019531e+00
3.575482606887817383e+00
4.991388320922851562e+00
3.913517951965332031e+00
3.358963012695312500e+00
5.105945110321044922e+00
3.005203723907470703e+00
5.664547920227050781e+00
3.909597396850585938e+00
4.412074089050292969e+00
3.157328844070434570e+00
2.963669776916503906e+00
2.907358646392822266e+00
8.905211091041564941e-01
5.686813831329345703e+00
3.648242235183715820e+00
4.729143142700195312e+00
3.160325288772583008e+00
4.804077148437500000e+00
9.915907859802246094e+00
7.086229801177978516e+00
4.228650093078613281e+00
6.916397571563720703e+00
2.407674551010131836e+00
4.957288742065429688e+00
4.248991012573242188e+00
4.873182296752929688e+00
3.532181739807128906e+00
3.667099952697753906e+00
8.272944450378417969e+00
5.103580951690673828e+00
3.351244211196899414e+00
3.000919818878173828e+00
4.547945976257324219e+00
3.504820823669433594e+00
2.932429552078247070e+00
3.807728290557861328e+00
2.766630411148071289e+00
4.334109306335449219e+00
3.690771818161010742e+00
2.704673290252685547e+00
6.592802047729492188e+00
4.905864238739013672e+00
3.895382165908813477e+00
3.461920261383056641e+00
1.580631136894226074e+00
2.328707695007324219e+00
1.771012783050537109e+00
2.967467784881591797e+00
5.933066844940185547e+00
4.020874023437500000e+00
2.912970781326293945e+00
5.520504951477050781e+00
4.940681934356689453e+00
3.818561077117919922e+00
4.025087833404541016e+00
5.665579795837402344e+00
3.613580942153930664e+00
3.545208215713500977e+00
4.854664325714111328e+00
4.367232322692871094e+00
3.383662462234497070e+00
3.016037464141845703e+00
6.720720767974853516e+00
6.528631687164306641e+00
1.572355508804321289e+00
5.149244308471679688e+00
2.951378583908081055e+00
2.962934970855712891e+00
3.277393341064453125e+00
6.145187377929687500e+00
4.941744804382324219e+00
5.651290416717529297e+00
3.114387512207031250e+00
4.287361621856689453e+00
2.428181409835815430e+00
2.218263864517211914e+00
3.193017482757568359e+00
4.799381256103515625e+00
3.008682489395141602e+00
4.023070812225341797e+00
4.679540634155273438e+00
2.737153053283691406e+00
5.224379062652587891e+00
2.801167726516723633e+00
3.562761783599853516e+00
4.818917751312255859e+00
4.023785591125488281e+00
2.881596803665161133e+00
3.879209041595458984e+00
2.247753381729125977e+00
3.541088104248046875e+00
4.769068241119384766e+00
4.708073616027832031e+00
3.751049518585205078e+00
2.916682004928588867e+00
4.259877681732177734e+00
2.533713579177856445e+00
5.368240833282470703e+00
4.631710052490234375e+00
4.891486167907714844e+00
5.228686332702636719e+00
4.487174987792968750e+00
7.283709049224853516e+00
4.588036060333251953e+00
3.909072875976562500e+00
4.267108440399169922e+00
3.659646034240722656e+00
9.544111251831054688e+00
5.385585784912109375e+00
2.265178918838500977e+00
2.904889583587646484e+00
3.490471601486206055e+00
6.043838977813720703e+00
7.285107135772705078e+00
6.832183361053466797e+00
7.908620834350585938e+00
2.194501399993896484e+00
3.699556112289428711e+00
3.450547695159912109e+00
3.728387355804443359e+00
3.867590427398681641e+00
4.550857067108154297e+00
4.205557823181152344e+00
1.010731029510498047e+01
3.689938783645629883e+00
1.854825019836425781e+00
5.699123859405517578e+00
3.075505018234252930e+00
2.995446205139160156e+00
3.164018154144287109e+00
2.512846708297729492e+00
3.891271114349365234e+00
4.436039924621582031e+00
4.191295623779296875e+00
4.366456508636474609e+00
5.102887630462646484e+00
3.969185590744018555e+00
5.391858577728271484e+00
2.593770742416381836e+00
3.808319091796875000e+00
1.562483191490173340e+00
2.476197481155395508e+00
2.215546131134033203e+00
2.170625925064086914e+00
1.803067207336425781e+00
2.604030132293701172e+00
1.874880194664001465e+00
3.209224462509155273e+00
6.876417160034179688e+00
3.618653535842895508e+00
2.620326757431030273e+00
4.207858562469482422e+00
4.573612213134765625e+00
3.835992813110351562e+00
4.110347747802734375e+00
4.781050682067871094e+00
4.552887916564941406e+00
2.246107578277587891e+00
4.397046566009521484e+00
2.808765888214111328e+00
3.068265676498413086e+00
3.067052841186523438e+00
4.788816452026367188e+00
5.602240562438964844e+00
2.700606822967529297e+00
5.503761768341064453e+00
2.070912122726440430e+00
5.327584743499755859e+00
4.536638736724853516e+00
5.712737083435058594e+00
4.178069114685058594e+00
6.067777156829833984e+00
5.276347637176513672e+00
7.091248512268066406e+00
5.556117057800292969e+00
3.594378709793090820e+00
2.325205564498901367e+00
6.975412368774414062e+00
7.024910449981689453e+00
3.901067733764648438e+00
4.199551582336425781e+00
4.046558856964111328e+00
3.049040794372558594e+00
3.313625097274780273e+00
3.953434705734252930e+00
6.585996150970458984e+00
4.523556709289550781e+00
6.385340213775634766e+00
4.126960754394531250e+00
5.200390338897705078e+00
4.232572555541992188e+00
4.871418476104736328e+00
1.631493330001831055e+00
4.332465648651123047e+00
2.905321836471557617e+00
4.657582759857177734e+00
2.837005376815795898e+00
3.451520442962646484e+00
3.293732166290283203e+00
2.762929439544677734e+00
4.720221519470214844e+00
7.433189868927001953e+00
5.198838710784912109e+00
6.014220237731933594e+00
5.017747402191162109e+00
2.912791252136230469e+00
4.672746658325195312e+00
3.042992353439331055e+00
2.351991891860961914e+00
4.817669868469238281e+00
8.240615844726562500e+00
3.473484992980957031e+00
3.435785531997680664e+00
2.531962394714355469e+00
6.736910820007324219e+00
3.476682662963867188e+00
5.982315063476562500e+00
4.809009075164794922e+00
4.984767913818359375e+00
3.069169044494628906e+00
2.434215545654296875e+00
2.894384145736694336e+00
3.328783512115478516e+00
4.664809703826904297e+00
4.745265483856201172e+00
2.903925180435180664e+00
2.700650453567504883e+00
3.687159538269042969e+00
6.427823543548583984e+00
5.656488418579101562e+00
1.703892827033996582e+00
3.968917608261108398e+00
4.676558494567871094e+00
1.331217050552368164e+00
3.759000301361083984e+00
7.867353439331054688e+00
2.399827241897583008e+00
3.648786783218383789e+00
1.401946306228637695e+00
3.442510843276977539e+00
3.041035175323486328e+00
5.088320255279541016e+00
3.307771444320678711e+00
8.320254325866699219e+00
3.660829782485961914e+00
3.335394144058227539e+00
4.706147193908691406e+00
2.969677209854125977e+00
4.687231063842773438e+00
3.794495105743408203e+00
2.428508758544921875e+00
4.481973171234130859e+00
9.702065467834472656e+00
2.822397232055664062e+00
3.566077232360839844e+00
2.986267566680908203e+00
2.267421722412109375e+00
3.924100875854492188e+00
2.841102838516235352e+00
4.243812084197998047e+00
3.960895538330078125e+00
7.552442550659179688e+00
4.444600105285644531e+00
4.007843971252441406e+00
2.099659681320190430e+00
5.549469470977783203e+00
1.381849408149719238e+00
3.268803119659423828e+00
5.919240951538085938e+00
4.365929126739501953e+00
4.036564350128173828e+00
1.520191192626953125e+00
4.382831573486328125e+00
8.618586540222167969e+00
1.077717399597167969e+01
4.806939125061035156e+00
3.162920236587524414e+00
3.615240097045898438e+00
6.064952373504638672e+00
4.037127971649169922e+00
5.204095840454101562e+00
3.252453327178955078e+00
2.769439935684204102e+00
2.077741861343383789e+00
5.180171966552734375e+00
4.647439479827880859e+00
3.168083429336547852e+00
5.108693599700927734e+00
2.754971027374267578e+00
2.403967618942260742e+00
2.813954830169677734e+00
4.958762645721435547e+00
3.156543016433715820e+00
5.066837310791015625e+00
5.732609272003173828e+00
3.163645029067993164e+00
2.724142789840698242e+00
1.596738815307617188e+00
3.449838399887084961e+00
3.422821760177612305e+00
3.911850690841674805e+00
3.519100904464721680e+00
2.608282804489135742e+00
4.846133708953857422e+00
1.731239080429077148e+00
2.914814710617065430e+00
1.697082757949829102e+00
3.470498323440551758e+00
6.336049556732177734e+00
4.940630435943603516e+00
2.524027347564697266e+00
6.983592987060546875e+00
3.060656785964965820e+00
3.356993436813354492e+00
3.346474170684814453e+00
2.808425426483154297e+00
4.180701732635498047e+00
5.140919208526611328e+00
4.776031494140625000e+00
7.524219036102294922e+00
4.740087032318115234e+00
3.806157350540161133e+00
3.661132574081420898e+00
4.608324527740478516e+00
4.552524089813232422e+00
3.680248498916625977e+00
4.371675491333007812e+00
3.659686803817749023e+00
3.337759017944335938e+00
3.195836544036865234e+00
5.926487445831298828e+00
2.646117210388183594e+00
3.170811891555786133e+00
5.171782970428466797e+00
3.595196247100830078e+00
4.581738948822021484e+00
5.367404460906982422e+00
8.210400581359863281e+00
2.868869781494140625e+00
5.308436393737792969e+00
3.850983858108520508e+00
6.515515804290771484e+00
3.630991697311401367e+00
2.113208770751953125e+00
3.690989017486572266e+00
3.137164592742919922e+00
7.025323390960693359e+00
7.124316692352294922e+00
2.715642690658569336e+00
3.456209659576416016e+00
4.979590892791748047e+00
4.744890689849853516e+00
3.320588111877441406e+00
3.567636728286743164e+00
4.138403415679931641e+00
2.868715047836303711e+00
3.590171098709106445e+00
3.600328445434570312e+00
5.893592834472656250e+00
2.473270893096923828e+00
4.210381984710693359e+00
6.025874614715576172e+00
3.534613132476806641e+00
4.616836547851562500e+00
2.414921283721923828e+00
4.140839099884033203e+00
3.445774555206298828e+00
2.261735200881958008e+00
4.497880458831787109e+00
3.429283857345581055e+00
3.848737239837646484e+00
2.786067008972167969e+00
3.020933151245117188e+00
1.085413360595703125e+01
3.717877388000488281e+00
5.650136470794677734e+00
2.652749538421630859e+00
4.085779666900634766e+00
3.059383630752563477e+00
2.629010915756225586e+00
5.060552120208740234e+00
2.978970527648925781e+00
3.586455821990966797e+00
3.299809932708740234e+00
2.324940919876098633e+00
3.378014802932739258e+00
1.110048580169677734e+01
5.140635967254638672e+00
2.208577156066894531e+00
5.477293014526367188e+00
5.652571678161621094e+00
4.080983638763427734e+00
5.291486740112304688e+00
1.689588308334350586e+00
4.394261837005615234e+00
5.859120845794677734e+00
2.729085445404052734e+00
3.045087575912475586e+00
5.977673530578613281e+00
5.947263717651367188e+00
3.439941167831420898e+00
2.990060329437255859e+00
1.932944655418395996e+00
5.318396091461181641e+00
2.755575656890869141e+00
3.954677104949951172e+00
2.150179624557495117e+00
3.577635765075683594e+00
4.698437690734863281e+00
2.277814149856567383e+00
2.293782949447631836e+00
5.658143997192382812e+00
2.667025566101074219e+00
5.091197967529296875e+00
4.608020782470703125e+00
4.180331707000732422e+00
5.102070808410644531e+00
4.263164520263671875e+00
3.034169912338256836e+00
5.509382247924804688e+00
4.292395114898681641e+00
3.753163099288940430e+00
2.788788795471191406e+00
7.818700313568115234e+00
7.453293800354003906e+00
4.039741516113281250e+00
2.760931015014648438e+00
2.416815042495727539e+00
4.088997840881347656e+00
6.685002326965332031e+00
3.919895410537719727e+00
2.563812255859375000e+00
6.838452339172363281e+00
4.105860710144042969e+00
3.666301012039184570e+00
