9.683652520179748535e-01
9.318229556083679199e-01
9.335415959358215332e-01
9.936866760253906250e-01
9.876590967178344727e-01
9.326360225677490234e-01
9.746381044387817383e-01
9.509493708610534668e-01
9.767335653305053711e-01
9.720640778541564941e-01
9.710146188735961914e-01
9.583884477615356445e-01
9.736901521682739258e-01
9.427715539932250977e-01
9.877787828445434570e-01
9.928405880928039551e-01
9.815579652786254883e-01
9.504731893539428711e-01
9.027388095855712891e-01
9.646087884902954102e-01
9.462379217147827148e-01
9.288446903228759766e-01
9.747071266174316406e-01
9.709288477897644043e-01
9.318175315856933594e-01
9.811263680458068848e-01
9.528864622116088867e-01
9.474252462387084961e-01
9.661551117897033691e-01
9.699367284774780273e-01
9.495127797126770020e-01
9.715046286582946777e-01
9.308075904846191406e-01
9.640218615531921387e-01
9.739460945129394531e-01
9.799653291702270508e-01
9.691979885101318359e-01
9.642838239669799805e-01
9.722978472709655762e-01
9.776220917701721191e-01
1.000331282615661621e+00
9.640961885452270508e-01
9.741662740707397461e-01
9.594249725341796875e-01
9.328725934028625488e-01
9.787309169769287109e-01
9.677789211273193359e-01
9.915376305580139160e-01
9.487306475639343262e-01
9.549039602279663086e-01
9.684157967567443848e-01
9.688025116920471191e-01
9.802231788635253906e-01
9.301784038543701172e-01
9.559774994850158691e-01
9.855070114135742188e-01
9.751751422882080078e-01
9.747813344001770020e-01
9.618338346481323242e-01
9.587783813476562500e-01
9.228405356407165527e-01
9.225891828536987305e-01
9.363029599189758301e-01
9.455111622810363770e-01
9.935615062713623047e-01
9.566605091094970703e-01
9.677057862281799316e-01
9.845206737518310547e-01
9.872578978538513184e-01
9.653699994087219238e-01
9.980503320693969727e-01
9.690495729446411133e-01
9.692010879516601562e-01
9.747783541679382324e-01
9.638456702232360840e-01
9.618762135505676270e-01
9.650715589523315430e-01
9.600231051445007324e-01
9.590741991996765137e-01
9.479963183403015137e-01
9.826434850692749023e-01
9.787933826446533203e-01
9.378533363342285156e-01
9.535230398178100586e-01
9.242123961448669434e-01
9.422206282615661621e-01
9.547933936119079590e-01
1.021091818809509277e+00
9.021309018135070801e-01
9.282559752464294434e-01
9.966591000556945801e-01
9.702113866806030273e-01
9.372735023498535156e-01
9.427302479743957520e-01
1.014937758445739746e+00
9.559563994407653809e-01
9.775313735008239746e-01
9.413168430328369141e-01
9.901655912399291992e-01
9.719365239143371582e-01
1.003691196441650391e+00
9.450546503067016602e-01
9.482647180557250977e-01
9.797238111495971680e-01
9.569525122642517090e-01
9.225422143936157227e-01
9.409115314483642578e-01
9.435958266258239746e-01
9.421354532241821289e-01
9.685588479042053223e-01
9.852351546287536621e-01
9.702568650245666504e-01
9.882634878158569336e-01
9.657446146011352539e-01
9.613416790962219238e-01
9.730128049850463867e-01
9.572390913963317871e-01
9.291703701019287109e-01
9.466009736061096191e-01
9.367309212684631348e-01
9.627770781517028809e-01
9.395363330841064453e-01
8.324320912361145020e-01
9.735257625579833984e-01
9.352754950523376465e-01
9.710756540298461914e-01
9.417117238044738770e-01
9.462674856185913086e-01
9.670720696449279785e-01
9.453543424606323242e-01
9.351997375488281250e-01
9.418721795082092285e-01
9.837306737899780273e-01
9.547972679138183594e-01
9.962080717086791992e-01
9.919128417968750000e-01
9.726177453994750977e-01
9.202564954757690430e-01
9.674718976020812988e-01
9.521210789680480957e-01
9.854331016540527344e-01
9.468653798103332520e-01
9.691593050956726074e-01
8.828210830688476562e-01
9.292338490486145020e-01
9.691919088363647461e-01
9.615755081176757812e-01
9.293304681777954102e-01
9.466318488121032715e-01
9.771693348884582520e-01
9.734945893287658691e-01
9.866603612899780273e-01
9.833444356918334961e-01
9.841571450233459473e-01
8.996434807777404785e-01
9.540993571281433105e-01
9.660426974296569824e-01
9.474521279335021973e-01
9.257639646530151367e-01
1.006847381591796875e+00
9.508215188980102539e-01
9.510738849639892578e-01
9.803187847137451172e-01
9.742561578750610352e-01
9.259542822837829590e-01
9.770384430885314941e-01
9.147581458091735840e-01
1.009910345077514648e+00
9.530126452445983887e-01
1.024925112724304199e+00
9.793609380722045898e-01
9.656500220298767090e-01
9.588621258735656738e-01
9.167993664741516113e-01
1.000084161758422852e+00
9.801942706108093262e-01
9.680078029632568359e-01
9.236058592796325684e-01
9.486944675445556641e-01
9.600228667259216309e-01
8.898104429244995117e-01
9.832788109779357910e-01
9.647663831710815430e-01
9.599658846855163574e-01
9.847934842109680176e-01
9.846125841140747070e-01
9.331052899360656738e-01
9.976627230644226074e-01
9.633976817131042480e-01
9.894148111343383789e-01
9.607965946197509766e-01
9.073830842971801758e-01
9.982491135597229004e-01
9.712129235267639160e-01
9.721068739891052246e-01
9.766012430191040039e-01
9.956474304199218750e-01
9.405265450477600098e-01
9.013620018959045410e-01
9.630995988845825195e-01
9.502238631248474121e-01
9.549415707588195801e-01
9.968441128730773926e-01
9.740598201751708984e-01
9.646776914596557617e-01
9.715365767478942871e-01
9.497864246368408203e-01
9.702402949333190918e-01
9.318428039550781250e-01
1.010253429412841797e+00
9.386693239212036133e-01
9.477265477180480957e-01
9.421410560607910156e-01
9.410238265991210938e-01
9.797890782356262207e-01
9.435135126113891602e-01
9.873050451278686523e-01
1.007401943206787109e+00
9.605194926261901855e-01
9.856050014495849609e-01
9.542664885520935059e-01
9.413613080978393555e-01
9.512525200843811035e-01
9.545238018035888672e-01
9.665933847427368164e-01
9.585917592048645020e-01
9.384053349494934082e-01
9.587284922599792480e-01
9.608714580535888672e-01
9.678903222084045410e-01
9.518116116523742676e-01
9.827526211738586426e-01
9.723739027976989746e-01
9.884365200996398926e-01
1.017401814460754395e+00
9.438181519508361816e-01
9.184855818748474121e-01
9.368345737457275391e-01
9.635766744613647461e-01
9.575089812278747559e-01
9.725466966629028320e-01
9.656918644905090332e-01
9.435830116271972656e-01
9.470866322517395020e-01
9.568821191787719727e-01
9.900155663490295410e-01
9.593256115913391113e-01
9.785997271537780762e-01
9.644419550895690918e-01
9.299930930137634277e-01
9.355445504188537598e-01
1.011181354522705078e+00
9.853716492652893066e-01
9.785517454147338867e-01
9.907751679420471191e-01
9.578600525856018066e-01
