-2.400135062634944916e-02
6.191816553473472595e-02
9.262441657483577728e-03
2.712191268801689148e-02
-4.420728981494903564e-02
-1.523073855787515640e-02
3.364644572138786316e-02
-1.154674030840396881e-02
1.900913566350936890e-02
-5.744582507759332657e-03
-2.747333794832229614e-02
-2.992679364979267120e-02
-3.103563748300075531e-02
-4.474771395325660706e-02
1.806639484129846096e-03
3.909982368350028992e-02
-5.213510245084762573e-02
-2.766603603959083557e-03
-2.172251045703887939e-02
-7.973137311637401581e-03
5.650902539491653442e-02
3.177073970437049866e-02
-3.119242191314697266e-02
1.421655528247356415e-02
-1.139862556010484695e-02
-1.634591445326805115e-02
-8.076502941548824310e-03
2.938268706202507019e-02
-3.469095379114151001e-02
-2.511712908744812012e-02
-8.600908517837524414e-02
-7.242302875965833664e-03
3.734490275382995605e-02
1.977685838937759399e-02
1.683317497372627258e-02
5.455980822443962097e-02
6.841807160526514053e-03
1.630430482327938080e-02
9.446493349969387054e-03
-4.943145066499710083e-02
6.353100296109914780e-03
-2.080455981194972992e-02
3.592997416853904724e-02
2.796722692437469959e-04
-3.640452399849891663e-02
-2.351616881787776947e-02
-1.298587420023977757e-03
2.545848302543163300e-02
-1.284316554665565491e-02
-5.841016396880149841e-02
-5.646771565079689026e-02
-6.951012765057384968e-04
1.039811968803405762e-02
4.832473350688815117e-04
-2.989990403875708580e-03
-5.130615457892417908e-02
-1.056817639619112015e-02
1.461075153201818466e-02
1.048194151371717453e-02
3.153305873274803162e-02
-4.394072666764259338e-02
-9.616023860871791840e-03
-6.520811934024095535e-03
-2.024146914482116699e-02
2.129284106194972992e-02
-1.441694144159555435e-02
-3.034683130681514740e-02
-6.458190619014203548e-04
-3.368377685546875000e-02
-9.761678986251354218e-03
3.779465332627296448e-02
3.761617233976721764e-03
-8.734489791095256805e-03
-1.569231785833835602e-02
5.199470743536949158e-02
3.257767111063003540e-02
4.209747910499572754e-02
-1.296741608530282974e-02
4.017847403883934021e-02
5.077487975358963013e-02
1.379446778446435928e-02
3.928977996110916138e-02
1.326407771557569504e-02
3.246481344103813171e-02
2.299365028738975525e-02
2.802147902548313141e-02
-1.105810701847076416e-02
1.531451754271984100e-02
-3.300829231739044189e-02
6.132138078100979328e-04
2.059388160705566406e-02
-5.046660080552101135e-02
4.423837736248970032e-02
2.822509966790676117e-03
3.235580399632453918e-02
-2.395194023847579956e-03
4.693971574306488037e-02
-3.187091276049613953e-02
-6.009783595800399780e-02
-5.328046157956123352e-02
2.576949447393417358e-02
-5.422787368297576904e-02
-3.575876355171203613e-02
2.271988987922668457e-02
-5.802358686923980713e-02
-7.426543533802032471e-02
3.468701988458633423e-02
-1.545695355162024498e-03
-6.903860718011856079e-03
-5.883058998733758926e-03
-1.919729821383953094e-02
-6.554911844432353973e-03
4.304156452417373657e-02
-8.778907358646392822e-03
4.209601134061813354e-02
1.876521110534667969e-02
-2.586406469345092773e-02
6.014307029545307159e-03
-4.135248810052871704e-02
-1.466386578977108002e-02
-6.068090908229351044e-03
-2.280129492282867432e-02
-9.588848054409027100e-02
2.247039601206779480e-02
2.971576340496540070e-02
-5.989920347929000854e-03
-5.550745129585266113e-02
1.209846325218677521e-02
-9.102435782551765442e-03
-4.783048108220100403e-02
1.365637872368097305e-02
-1.136273331940174103e-02
-3.687505424022674561e-02
3.064333647489547729e-02
-1.383259706199169159e-02
3.397224470973014832e-02
8.108322508633136749e-03
3.596977144479751587e-02
-1.620831782929599285e-03
-9.684455581009387970e-03
6.546550896018743515e-03
-2.867801673710346222e-02
8.023117668926715851e-03
-2.987141348421573639e-02
-4.160686954855918884e-02
3.866810724139213562e-02
-3.671395126730203629e-03
4.594780877232551575e-02
-1.476606167852878571e-02
1.588609069585800171e-03
-6.949621718376874924e-03
2.317889593541622162e-02
6.868740171194076538e-02
-4.286538064479827881e-02
-5.189378559589385986e-02
-1.828119903802871704e-02
-1.291414443403482437e-02
-4.111473262310028076e-02
2.231127396225929260e-02
-7.586655206978321075e-03
2.018458209931850433e-02
-6.394044309854507446e-02
4.005822353065013885e-03
5.399396759457886219e-04
-4.188866913318634033e-02
-3.960379213094711304e-02
-2.718968503177165985e-02
6.592429429292678833e-02
-4.272262379527091980e-02
-3.705877065658569336e-02
-7.390859536826610565e-03
1.137749571353197098e-02
1.552684046328067780e-02
-1.906864531338214874e-02
-1.200357079505920410e-02
2.855647169053554535e-02
-4.288864508271217346e-02
1.220954023301601410e-02
1.603818684816360474e-02
-8.832928724586963654e-03
-4.543396830558776855e-02
7.312459405511617661e-03
-1.557233463972806931e-02
-1.421616785228252411e-02
-2.071808790788054466e-03
3.500206628814339638e-03
2.848701085895299911e-03
2.239239029586315155e-02
5.440198257565498352e-02
-2.543658390641212463e-02
-1.212881878018379211e-03
-8.448380231857299805e-02
1.538513321429491043e-02
-6.216050591319799423e-03
2.506013400852680206e-02
-5.987890809774398804e-02
-8.448077365756034851e-03
-3.545045852661132812e-02
-3.889383748173713684e-02
2.385051921010017395e-02
3.658489510416984558e-02
-2.344982512295246124e-02
2.971195429563522339e-02
-2.981060184538364410e-02
-3.839453309774398804e-02
-2.723146788775920868e-02
2.464197017252445221e-02
-2.026636898517608643e-02
2.465349808335304260e-02
3.863168507814407349e-02
6.193761155009269714e-02
-2.638503350317478180e-02
-7.171390950679779053e-02
-7.043392956256866455e-02
-4.375227726995944977e-03
1.944294758141040802e-02
-3.782693063840270042e-03
-2.431452833116054535e-02
1.380162080749869347e-03
3.115541115403175354e-02
-1.789859868586063385e-02
5.665239877998828888e-03
-4.421608522534370422e-02
-4.240376874804496765e-02
1.698688045144081116e-02
-1.596563495695590973e-02
1.363587379455566406e-02
-2.112704887986183167e-02
-4.939923062920570374e-02
-6.940057128667831421e-02
5.408119037747383118e-02
3.302272781729698181e-02
3.187917545437812805e-02
5.068714916706085205e-02
-8.831537328660488129e-03
-1.613277941942214966e-02
3.242167411372065544e-03
-1.368981041014194489e-02
-7.503795903176069260e-03
2.716887556016445160e-02
-2.560769952833652496e-02
4.195122979581356049e-03
2.481644507497549057e-03
-1.234480924904346466e-02
-3.106939792633056641e-02
3.172133490443229675e-02
-2.838935330510139465e-02
2.635302953422069550e-03
-8.930941671133041382e-02
1.770097762346267700e-03
-1.342465728521347046e-02
-5.282566882669925690e-03
1.032824441790580750e-02
-1.394800958223640919e-03
2.678917953744530678e-04
-1.606203615665435791e-02
