-5.319039821624755859e-01
-4.862316846847534180e-01
-8.938348293304443359e-01
5.458072759211063385e-03
7.426372170448303223e-02
3.098993003368377686e-01
9.955531917512416840e-03
-3.193481266498565674e-01
1.156312897801399231e-01
-4.274695739150047302e-02
2.949618995189666748e-01
-7.036017775535583496e-01
8.975829929113388062e-02
9.976003319025039673e-02
1.790799349546432495e-01
1.928840577602386475e-01
-1.085886582732200623e-01
3.313376605510711670e-01
1.294587373733520508e+00
3.352933526039123535e-01
-8.037808537483215332e-01
-9.009508490562438965e-01
-6.159391403198242188e-01
8.614088296890258789e-01
-4.920737147331237793e-01
4.587997868657112122e-02
6.308862566947937012e-02
-4.702922403812408447e-01
-8.075312376022338867e-01
-2.694993913173675537e-01
-4.990904927253723145e-01
8.835060000419616699e-01
-4.041109979152679443e-02
-1.189104318618774414e+00
5.515697598457336426e-01
-3.112781643867492676e-01
1.562480479478836060e-01
-2.159171849489212036e-01
4.959965944290161133e-01
-2.365310490131378174e-01
-4.331982135772705078e-01
-2.742138504981994629e-01
-2.126915156841278076e-01
-1.291005033999681473e-02
-4.791195392608642578e-01
8.729330450296401978e-02
1.114335432648658752e-01
3.518480658531188965e-01
-5.589672923088073730e-01
-2.625557482242584229e-01
-1.295361369848251343e-01
2.120001167058944702e-01
-4.535481035709381104e-01
1.710772663354873657e-01
-7.595171928405761719e-01
-4.617722332477569580e-01
4.729908704757690430e-01
4.004355370998382568e-01
3.299493193626403809e-01
-8.039964735507965088e-02
2.993219196796417236e-01
-9.826843142509460449e-01
-8.149452209472656250e-01
-2.992420494556427002e-01
3.902905881404876709e-01
-4.239313676953315735e-02
-4.071634113788604736e-01
2.118987739086151123e-01
-5.842503309249877930e-01
1.590643078088760376e-01
1.500958502292633057e-01
2.446457296609878540e-01
-6.423384547233581543e-01
6.645829975605010986e-02
-1.620017737150192261e-01
-3.753157854080200195e-01
-3.965536057949066162e-01
9.309897571802139282e-02
-3.754933476448059082e-01
-4.420818984508514404e-01
3.500469028949737549e-01
2.653956227004528046e-02
-4.322057366371154785e-01
-6.679667234420776367e-01
-4.432854056358337402e-01
-4.841683208942413330e-01
-7.410658597946166992e-01
-2.031511813402175903e-02
9.816641211509704590e-01
-2.168974876403808594e-01
-4.645936936140060425e-02
3.104320168495178223e-01
-6.390631198883056641e-01
-4.135794341564178467e-01
-9.393981844186782837e-02
1.133194863796234131e-01
-2.244185209274291992e-01
2.966375052928924561e-01
-4.736936390399932861e-01
-7.618542909622192383e-01
5.973040685057640076e-02
5.945961475372314453e-01
7.117190361022949219e-01
4.343400895595550537e-01
-4.180161654949188232e-01
-8.173138648271560669e-02
-4.949242472648620605e-01
-4.367840886116027832e-01
-5.938088297843933105e-01
-3.181721270084381104e-02
1.391771137714385986e-01
4.655786752700805664e-01
1.658530682325363159e-01
-1.643131375312805176e-01
-7.878006100654602051e-01
-1.708466112613677979e-01
3.724999725818634033e-01
-4.508554935455322266e-01
-4.933250844478607178e-01
2.491496801376342773e-01
3.036597967147827148e-01
6.823555231094360352e-01
1.221459031105041504e+00
-5.880967378616333008e-01
6.150652170181274414e-01
-3.444552123546600342e-01
3.127561509609222412e-01
-1.314256191253662109e-01
-2.795435953885316849e-03
-3.794646859169006348e-01
-6.611189842224121094e-01
5.897818207740783691e-01
4.088490083813667297e-02
-3.697382509708404541e-01
1.650641262531280518e-01
-4.574503004550933838e-01
-1.952887028455734253e-01
-9.938411712646484375e-01
-1.236239448189735413e-02
-2.847806513309478760e-01
3.613760471343994141e-01
-4.512617588043212891e-01
-7.807406783103942871e-01
-8.494139313697814941e-01
-4.371688961982727051e-01
-4.689715504646301270e-01
-5.979219824075698853e-02
-9.590569734573364258e-01
-2.019006758928298950e-01
4.988367855548858643e-01
-3.222417533397674561e-01
2.474025487899780273e-01
3.096782863140106201e-01
-1.762530803680419922e-01
1.464898109436035156e+00
-8.847338706254959106e-02
7.129889130592346191e-01
3.900790512561798096e-01
-1.569966912269592285e+00
3.713965713977813721e-01
-1.027569055557250977e+00
4.087751805782318115e-01
6.112501621246337891e-01
5.922308564186096191e-01
5.610787868499755859e-02
-1.618801653385162354e-01
7.455903887748718262e-01
4.674120619893074036e-02
-9.414238333702087402e-01
1.224854886531829834e-01
-2.689649164676666260e-01
-3.409352302551269531e-01
-3.043377399444580078e-01
7.750586867332458496e-01
5.936234593391418457e-01
-1.430258303880691528e-01
-4.598381221294403076e-01
1.297034144401550293e+00
-3.060273230075836182e-01
5.230268836021423340e-01
8.165516853332519531e-01
-2.506863698363304138e-02
-4.190436899662017822e-01
-4.975455999374389648e-01
2.760329246520996094e-01
-2.406295388936996460e-01
-6.326147913932800293e-02
-2.772296369075775146e-01
-3.269982933998107910e-01
-6.612081825733184814e-02
-3.629638254642486572e-01
1.734026670455932617e-01
-5.461732745170593262e-01
1.693450063467025757e-01
3.956895172595977783e-01
-6.341750025749206543e-01
-9.248412400484085083e-02
-6.249613165855407715e-01
7.022588253021240234e-01
-7.355394959449768066e-01
-6.171120405197143555e-01
-8.455911278724670410e-01
-5.192291364073753357e-02
-4.442658722400665283e-01
-2.760927379131317139e-01
4.696643054485321045e-01
-6.555583477020263672e-01
3.058808445930480957e-01
-1.576954424381256104e-01
1.181566566228866577e-01
-2.744861543178558350e-01
1.475560367107391357e-01
-3.466058671474456787e-01
-5.689963698387145996e-01
-2.107108980417251587e-01
1.540899127721786499e-01
3.326801359653472900e-01
-3.824015706777572632e-02
-3.831546306610107422e-01
6.367361545562744141e-02
7.314594089984893799e-02
-3.713491559028625488e-01
-5.259051322937011719e-01
-3.865688443183898926e-01
2.700059711933135986e-01
-2.222708314657211304e-01
-2.621924877166748047e-01
3.849461674690246582e-01
-2.661352753639221191e-01
-4.844297766685485840e-01
-3.687887489795684814e-01
-2.021572440862655640e-01
9.186809509992599487e-02
2.445856034755706787e-01
5.163872241973876953e-01
-7.013888955116271973e-01
4.789134562015533447e-01
-5.722104907035827637e-01
-4.792693555355072021e-01
-4.479068517684936523e-01
4.265028834342956543e-01
-5.866155028343200684e-01
-7.033957839012145996e-01
6.988298296928405762e-01
-4.365347623825073242e-01
3.285653889179229736e-01
-6.373487114906311035e-01
-1.372715383768081665e-01
-5.272178053855895996e-01
-3.386787772178649902e-01
3.261451423168182373e-01
5.009090304374694824e-01
1.794557571411132812e-01
2.846781611442565918e-01
-2.390564233064651489e-01
-5.401533842086791992e-01
