3.954547166824340820e+00
4.028318405151367188e+00
4.733411788940429688e+00
2.157062530517578125e+00
2.728080272674560547e+00
1.834460377693176270e+00
3.265196084976196289e+00
2.705410718917846680e+00
1.047443628311157227e+00
2.216582059860229492e+00
2.600446939468383789e+00
3.395538330078125000e+00
1.938449859619140625e+00
2.467968463897705078e+00
2.174398899078369141e+00
2.427539587020874023e+00
1.166934490203857422e+00
3.282888650894165039e+00
3.273061990737915039e+00
2.549975395202636719e+00
4.452320575714111328e+00
4.569027900695800781e+00
2.785971403121948242e+00
3.497784852981567383e+00
2.246069669723510742e+00
1.409057974815368652e+00
1.941072225570678711e+00
2.716994285583496094e+00
3.353251218795776367e+00
1.838117480278015137e+00
2.249842166900634766e+00
3.497998714447021484e+00
2.171282291412353516e+00
7.080551147460937500e+00
3.495339632034301758e+00
2.997947216033935547e+00
2.325682163238525391e+00
2.670445442199707031e+00
2.126847743988037109e+00
2.633743047714233398e+00
2.087256193161010742e+00
1.965755820274353027e+00
5.305519580841064453e+00
1.636114120483398438e+00
2.217787981033325195e+00
1.447233080863952637e+00
2.503546237945556641e+00
1.917083978652954102e+00
5.048252582550048828e+00
2.497931957244873047e+00
2.511151313781738281e+00
1.682858943939208984e+00
2.815618515014648438e+00
1.781673789024353027e+00
4.691987991333007812e+00
3.178714752197265625e+00
2.751713752746582031e+00
1.728170275688171387e+00
2.362967252731323242e+00
2.933423519134521484e+00
2.047416210174560547e+00
3.108124732971191406e+00
4.437253952026367188e+00
3.318415641784667969e+00
2.328007221221923828e+00
1.568698525428771973e+00
2.239657640457153320e+00
2.659019470214843750e+00
3.464209079742431641e+00
1.665700435638427734e+00
3.218941450119018555e+00
3.518196821212768555e+00
2.298310279846191406e+00
2.006325483322143555e+00
3.152598142623901367e+00
2.813997268676757812e+00
3.624990701675415039e+00
2.168322324752807617e+00
2.708790063858032227e+00
3.021403312683105469e+00
2.671773672103881836e+00
2.010568618774414062e+00
2.444830179214477539e+00
3.800860643386840820e+00
3.065320968627929688e+00
2.856534719467163086e+00
5.696507930755615234e+00
3.044070005416870117e+00
2.673161506652832031e+00
2.722470045089721680e+00
2.265921831130981445e+00
2.801150321960449219e+00
4.442657470703125000e+00
3.156185626983642578e+00
2.834505558013916016e+00
2.515845298767089844e+00
2.227395772933959961e+00
1.560844302177429199e+00
3.441073656082153320e+00
2.579132556915283203e+00
2.177649736404418945e+00
2.139430522918701172e+00
2.477385520935058594e+00
2.496965885162353516e+00
1.880368590354919434e+00
3.163094282150268555e+00
2.811273813247680664e+00
3.458932161331176758e+00
3.346019268035888672e+00
1.308072805404663086e+00
2.931462287902832031e+00
2.398763895034790039e+00
2.891331434249877930e+00
2.784288167953491211e+00
6.037504196166992188e+00
2.484151124954223633e+00
2.571381807327270508e+00
3.740969657897949219e+00
3.060637712478637695e+00
1.569017887115478516e+00
1.474539160728454590e+00
1.837009072303771973e+00
3.739907979965209961e+00
4.053241252899169922e+00
2.415365934371948242e+00
2.048878908157348633e+00
2.222742795944213867e+00
3.494642257690429688e+00
2.107893228530883789e+00
2.140750169754028320e+00
3.862759351730346680e+00
2.402379989624023438e+00
1.936626911163330078e+00
2.823814868927001953e+00
1.771418213844299316e+00
4.492723941802978516e+00
2.529364109039306641e+00
3.999371290206909180e+00
2.980294227600097656e+00
2.165171623229980469e+00
2.596234798431396484e+00
2.118196249008178711e+00
3.190091133117675781e+00
6.106669425964355469e+00
2.810881376266479492e+00
3.733834266662597656e+00
2.476107597351074219e+00
5.524161815643310547e+00
2.871302604675292969e+00
1.230257749557495117e+00
1.680405259132385254e+00
2.013936042785644531e+00
2.410172462463378906e+00
1.803053498268127441e+00
5.417275428771972656e+00
4.372175693511962891e+00
1.555403828620910645e+00
1.561888933181762695e+00
7.441787242889404297e+00
1.223317861557006836e+00
3.081146717071533203e+00
1.586407065391540527e+00
2.366549491882324219e+00
2.263794183731079102e+00
3.578024864196777344e+00
1.468917131423950195e+00
2.298327684402465820e+00
2.323557138442993164e+00
3.524574279785156250e+00
1.854474544525146484e+00
1.896001338958740234e+00
2.646736383438110352e+00
2.010351896286010742e+00
2.256853580474853516e+00
1.933984756469726562e+00
2.639972448348999023e+00
3.191971063613891602e+00
3.439145326614379883e+00
2.225122451782226562e+00
2.638171195983886719e+00
2.674757480621337891e+00
2.355106115341186523e+00
3.686978340148925781e+00
4.828260898590087891e+00
9.686533808708190918e-01
1.178131699562072754e+00
3.035105705261230469e+00
2.996927261352539062e+00
2.949096202850341797e+00
2.333024501800537109e+00
2.342402935028076172e+00
2.170758247375488281e+00
3.291265010833740234e+00
1.965622544288635254e+00
2.215487718582153320e+00
2.982132196426391602e+00
2.806384563446044922e+00
2.512889623641967773e+00
2.443709135055541992e+00
4.118790149688720703e+00
3.709033727645874023e+00
2.883843898773193359e+00
1.962103486061096191e+00
2.513478279113769531e+00
1.805692434310913086e+00
2.007347345352172852e+00
2.253203392028808594e+00
2.069764137268066406e+00
2.553978919982910156e+00
2.818274021148681641e+00
3.486602067947387695e+00
2.819738864898681641e+00
1.923092484474182129e+00
2.926847934722900391e+00
2.194931983947753906e+00
5.089876174926757812e+00
2.552296161651611328e+00
2.543838024139404297e+00
3.033073902130126953e+00
1.019501209259033203e+00
1.042869567871093750e+00
1.562519192695617676e+00
2.377811908721923828e+00
2.535594224929809570e+00
2.339144945144653320e+00
2.097932100296020508e+00
3.402676820755004883e+00
1.367077827453613281e+00
2.757377147674560547e+00
1.833848714828491211e+00
3.056994676589965820e+00
3.274287223815917969e+00
3.076822757720947266e+00
1.602413296699523926e+00
2.133182525634765625e+00
1.823809385299682617e+00
2.851167678833007812e+00
2.691412925720214844e+00
3.609363079071044922e+00
2.493367433547973633e+00
1.625017046928405762e+00
2.020210027694702148e+00
1.848046302795410156e+00
2.658003091812133789e+00
3.261887550354003906e+00
2.197922229766845703e+00
2.098370552062988281e+00
2.553878307342529297e+00
2.855561256408691406e+00
3.069634437561035156e+00
1.194605231285095215e+00
1.967844724655151367e+00
1.972991585731506348e+00
1.860691070556640625e+00
2.351145982742309570e+00
2.789905071258544922e+00
