7.888380438089370728e-03
1.928449049592018127e-02
2.708366140723228455e-02
-2.888262271881103516e-02
4.358794540166854858e-03
-3.095888346433639526e-02
-1.155014708638191223e-02
-3.973629325628280640e-03
9.613297879695892334e-03
9.145159274339675903e-03
1.019046828150749207e-02
2.583334222435951233e-02
2.328322082757949829e-02
1.101296395063400269e-02
-2.129466459155082703e-02
-7.962584495544433594e-04
-2.100548520684242249e-02
-4.179861396551132202e-03
1.107582822442054749e-02
-2.210500836372375488e-02
1.111224293708801270e-02
-4.560206085443496704e-03
3.072706609964370728e-02
-2.681838348507881165e-02
-2.221378684043884277e-02
3.010946139693260193e-02
6.895881146192550659e-03
-2.199359983205795288e-02
-2.706721425056457520e-02
-2.091670036315917969e-02
2.269157022237777710e-02
-2.213526144623756409e-02
8.715253323316574097e-03
2.070685476064682007e-02
9.246349334716796875e-03
2.934861183166503906e-02
7.351413369178771973e-04
-7.740039145573973656e-04
-1.746766269207000732e-02
2.901704609394073486e-02
-2.109048888087272644e-02
1.409351453185081482e-02
7.148489356040954590e-03
2.702375501394271851e-02
-1.973134651780128479e-02
5.460243672132492065e-03
-1.024244725704193115e-02
1.214340329170227051e-03
-3.107647225260734558e-02
3.055210784077644348e-02
-1.285535469651222229e-02
3.439012914896011353e-03
1.360191404819488525e-02
2.141617611050605774e-02
3.376267850399017334e-03
1.334156841039657593e-02
-1.294951885938644409e-02
-2.840583026409149170e-02
2.788486331701278687e-02
1.016781106591224670e-02
7.045902311801910400e-03
-2.114661410450935364e-02
-2.618479356169700623e-02
-2.857316285371780396e-02
2.674911171197891235e-03
1.222241297364234924e-02
-1.002112403512001038e-02
-1.099715009331703186e-02
-2.348585426807403564e-02
1.394332200288772583e-02
-9.517319500446319580e-03
-1.732085272669792175e-02
2.385297045111656189e-02
-2.421898767352104187e-02
-2.356222644448280334e-02
1.898299902677536011e-02
1.200455054640769958e-02
2.248381450772285461e-02
2.283390611410140991e-02
-2.581555396318435669e-02
-1.010161638259887695e-02
1.130476221442222595e-02
1.935177296400070190e-02
1.974702253937721252e-02
7.957581430673599243e-03
-1.628191396594047546e-02
-2.147184684872627258e-02
-1.955490559339523315e-02
-1.113837212324142456e-02
-6.422162055969238281e-03
-1.168660819530487061e-03
-3.049458563327789307e-02
4.392500966787338257e-03
3.081861138343811035e-02
-2.493332326412200928e-02
-3.026220574975013733e-02
1.602281630039215088e-02
5.012776702642440796e-03
1.598886772990226746e-02
1.792100444436073303e-02
3.968536853790283203e-03
-2.317935973405838013e-02
2.023249492049217224e-02
-2.996549010276794434e-02
3.497440367937088013e-03
3.004240989685058594e-02
-5.863800644874572754e-03
-2.038242295384407043e-02
1.503462716937065125e-02
7.919616997241973877e-03
1.914059370756149292e-02
-1.109693199396133423e-02
-7.968980818986892700e-03
2.694820985198020935e-02
2.591750398278236389e-02
-1.618232205510139465e-02
-2.187235280871391296e-02
-4.696600139141082764e-03
2.605815976858139038e-02
6.361335515975952148e-03
-1.595245301723480225e-02
2.057503908872604370e-03
2.233958244323730469e-02
2.445874363183975220e-02
-2.958301082253456116e-02
-6.160054355859756470e-03
1.329813897609710693e-02
2.739474177360534668e-02
-9.022135287523269653e-03
-2.940696105360984802e-02
1.363692060112953186e-02
2.312766015529632568e-02
-3.120910376310348511e-03
2.100528031587600708e-02
-1.816435530781745911e-02
1.378222927451133728e-02
-5.535408854484558105e-03
8.088715374469757080e-03
-2.862343564629554749e-02
2.477798610925674438e-03
5.503345280885696411e-03
1.359617710113525391e-02
3.000791743397712708e-02
2.192532271146774292e-02
-1.868374645709991455e-02
9.396769106388092041e-03
1.513070985674858093e-02
2.034917101263999939e-02
-2.795702591538429260e-02
-1.325691863894462585e-02
-1.658380031585693359e-02
7.553093135356903076e-03
9.416848421096801758e-03
-1.697883382439613342e-02
-2.382218837738037109e-02
2.051569148898124695e-02
9.073134511709213257e-03
2.719404175877571106e-02
-2.024254575371742249e-02
2.829123660922050476e-02
1.183897256851196289e-03
-1.624697446823120117e-02
-1.797781884670257568e-02
5.639933049678802490e-03
4.883158951997756958e-03
1.580955833196640015e-02
-2.409217879176139832e-02
1.442226395010948181e-02
-9.723812341690063477e-03
-1.272805407643318176e-02
-1.773129031062126160e-02
-2.377120032906532288e-02
-6.406027823686599731e-03
2.583457529544830322e-02
2.969298511743545532e-02
3.015521913766860962e-02
1.359377056360244751e-03
3.861729055643081665e-03
2.509164810180664062e-02
-2.519724518060684204e-02
2.257809787988662720e-02
2.434721216559410095e-02
-2.788259088993072510e-02
3.078666329383850098e-02
7.968321442604064941e-04
1.019164919853210449e-03
-2.539284527301788330e-03
2.269630879163742065e-02
-2.566258981823921204e-02
6.126228719949722290e-03
-2.403888851404190063e-02
1.317090913653373718e-02
-2.189344540238380432e-02
-2.771544829010963440e-02
1.097246631979942322e-02
2.184090018272399902e-02
2.828974649310112000e-02
-2.216463908553123474e-02
2.911562472581863403e-02
-3.108411654829978943e-02
-1.494839787483215332e-02
2.393364906311035156e-03
-9.997405111789703369e-03
8.455589413642883301e-03
3.913450986146926880e-03
2.679667249321937561e-02
1.058528199791908264e-02
2.311362698674201965e-02
-2.396965771913528442e-02
-1.730096340179443359e-02
2.692069858312606812e-03
7.341086864471435547e-03
2.284031361341476440e-02
-2.931087464094161987e-02
5.631672102026641369e-04
-2.540602162480354309e-02
-1.195081323385238647e-02
1.818558201193809509e-02
2.316018566489219666e-02
-3.034458681941032410e-02
-1.336198300123214722e-03
1.243184134364128113e-02
-2.119174599647521973e-02
-1.760616526007652283e-02
3.463480621576309204e-03
1.997582614421844482e-03
-1.817289739847183228e-03
-1.262497156858444214e-02
3.404919058084487915e-03
-2.709190547466278076e-02
2.470833808183670044e-02
-1.352619752287864685e-02
-2.340463176369667053e-02
-8.476320654153823853e-03
2.224270254373550415e-03
-5.334347486495971680e-03
-1.931841671466827393e-02
2.899273857474327087e-02
-3.389824181795120239e-03
-3.983274102210998535e-03
-2.288945019245147705e-03
-1.368062943220138550e-02
5.204394459724426270e-03
-1.368498057126998901e-02
2.456869184970855713e-02
2.932687848806381226e-02
-2.532705292105674744e-02
1.550554484128952026e-02
2.954671904444694519e-02
1.345667243003845215e-02
8.303478360176086426e-03
1.369088888168334961e-03
-7.278997451066970825e-03
-3.084088116884231567e-02
2.869794517755508423e-02
-1.506056264042854309e-02
7.787682116031646729e-03
-7.056839764118194580e-03
-6.062224507331848145e-03
-2.501882612705230713e-03
1.418923586606979370e-02
1.931572705507278442e-02
2.044581249356269836e-02
2.118022367358207703e-02
-2.602881193161010742e-02
2.056894451379776001e-02
-6.168849766254425049e-03
-1.905597746372222900e-03
-2.338088676333427429e-02
-1.375850290060043335e-03
-7.487785071134567261e-03
2.022845298051834106e-02
-2.597587183117866516e-02
1.302509009838104248e-02
-2.676387131214141846e-02
1.287386938929557800e-02
-2.746332436800003052e-02
2.335708960890769958e-02
9.245794266462326050e-03
-6.437547504901885986e-03
2.224218472838401794e-02
-1.437260955572128296e-02
-8.628621697425842285e-03
-2.935850247740745544e-02
-3.043808415532112122e-02
-1.848851144313812256e-02
2.322230488061904907e-02
2.637262269854545593e-02
2.361042425036430359e-02
-9.061902761459350586e-03
-2.013074979186058044e-02
2.308147773146629333e-02
-2.054458856582641602e-02
1.105136051774024963e-02
8.655861020088195801e-03
-7.172856479883193970e-03
6.242860108613967896e-03
-2.855756133794784546e-02
1.325281336903572083e-02
1.127231866121292114e-03
-1.543475314974784851e-02
9.073425084352493286e-03
1.701477915048599243e-03
7.649548351764678955e-04
1.939601823687553406e-02
3.589924424886703491e-03
-3.972798876930028200e-04
1.448623090982437134e-02
-2.805051207542419434e-02
1.205629110336303711e-02
-2.661943063139915466e-02
2.393489703536033630e-02
-1.756682991981506348e-03
1.511652395129203796e-02
2.082575485110282898e-02
-2.309724316000938416e-02
4.675712436437606812e-03
-7.394701242446899414e-03
-4.595741629600524902e-04
-6.915993988513946533e-03
-1.339709758758544922e-02
-1.731595024466514587e-02
-2.665352076292037964e-03
3.818776458501815796e-03
1.005788519978523254e-02
-5.944751203060150146e-03
-1.921497657895088196e-02
2.264877781271934509e-02
8.189853542717173696e-05
1.076642051339149475e-02
2.903682738542556763e-02
-2.546342089772224426e-02
-1.803148537874221802e-03
1.457237452268600464e-02
-1.080632954835891724e-02
-1.042110845446586609e-02
2.853763848543167114e-02
8.321117609739303589e-03
-1.445445418357849121e-02
-2.168605104088783264e-02
-9.232196956872940063e-03
2.037631347775459290e-02
-1.296706125140190125e-02
2.699946984648704529e-02
-2.419908344745635986e-02
6.957497447729110718e-03
-2.734638005495071411e-02
2.490969374775886536e-02
-1.668053865432739258e-02
1.860328391194343567e-02
-1.216644048690795898e-02
-1.500666886568069458e-02
3.217801451683044434e-03
-1.948994025588035583e-02
2.135984227061271667e-02
1.230457425117492676e-02
-2.048984915018081665e-02
2.085686847567558289e-02
-5.448907613754272461e-03
-7.177736610174179077e-03
2.890750020742416382e-02
-1.976394280791282654e-02
1.571321487426757812e-02
-1.138690114021301270e-02
2.484305948019027710e-02
-2.223895117640495300e-02
2.464856952428817749e-02
-3.055911511182785034e-03
2.495095878839492798e-02
-8.593879640102386475e-03
2.910496667027473450e-02
2.175441756844520569e-02
6.063621491193771362e-03
-3.003406524658203125e-02
-1.558989286422729492e-03
1.588611677289009094e-02
-8.953802287578582764e-03
1.169960945844650269e-02
1.050695404410362244e-02
2.682039514183998108e-02
-1.449333503842353821e-02
2.558376640081405640e-02
2.812020853161811829e-02
-1.312355697154998779e-02
-2.261967957019805908e-02
1.951926201581954956e-02
-1.487152278423309326e-02
-2.931973338127136230e-02
-1.547111570835113525e-02
2.530143409967422485e-02
5.217649042606353760e-03
-1.668043434619903564e-02
2.111709862947463989e-02
1.883898675441741943e-02
2.115176245570182800e-02
2.414642646908760071e-02
8.666437119245529175e-03
2.644011378288269043e-02
-3.860075026750564575e-03
-5.590848624706268311e-03
-1.315050572156906128e-02
-6.912138313055038452e-03
-1.831556856632232666e-02
-3.981519490480422974e-03
5.502779036760330200e-03
-3.017447888851165771e-02
2.223251014947891235e-02
2.709658816456794739e-02
-2.137497067451477051e-03
2.453998313285410404e-04
6.633441895246505737e-03
-1.007881760597229004e-02
2.446579188108444214e-02
9.204305708408355713e-03
3.996741026639938354e-03
2.538194507360458374e-02
1.349871605634689331e-02
-2.271104604005813599e-03
-2.583836391568183899e-02
-1.543018594384193420e-02
-2.795293927192687988e-03
7.614023983478546143e-03
2.110636979341506958e-02
-2.464467287063598633e-02
-2.852025255560874939e-02
-1.369880139827728271e-02
3.145657479763031006e-03
2.124207839369773865e-02
-1.455329358577728271e-03
-1.220976933836936951e-02
1.972016319632530212e-02
1.649628952145576477e-02
-2.460831776261329651e-02
-2.456447854638099670e-02
-2.846260741353034973e-02
-1.529416814446449280e-02
-2.562530711293220520e-02
1.688301563262939453e-03
1.065468415617942810e-02
8.375346660614013672e-03
-2.436751499772071838e-02
-2.090400084853172302e-02
1.098664477467536926e-02
-1.502843573689460754e-02
9.586583822965621948e-03
-2.832167968153953552e-02
-1.482439413666725159e-02
-8.231732994318008423e-03
2.065768837928771973e-02
9.200274944305419922e-03
2.162300050258636475e-02
2.654258906841278076e-02
-6.452701985836029053e-03
2.243809401988983154e-03
1.429986208677291870e-03
-2.964548394083976746e-02
-1.755009591579437256e-02
2.368696406483650208e-02
-6.583716720342636108e-03
-1.002122461795806885e-02
8.361171931028366089e-03
-1.986562088131904602e-02
-1.181502267718315125e-02
-1.538544148206710815e-02
2.044654265046119690e-02
9.561836719512939453e-03
2.147702872753143311e-02
-1.858052238821983337e-02
8.144967257976531982e-03
7.717553526163101196e-03
2.851172909140586853e-02
7.399920374155044556e-03
2.109993994235992432e-02
-2.430318295955657959e-02
3.706946969032287598e-03
-1.516211777925491333e-02
2.925602719187736511e-02
2.995881810784339905e-02
-2.149294689297676086e-02
3.075433149933815002e-02
2.606585621833801270e-02
4.635423421859741211e-03
1.676550135016441345e-02
7.502514868974685669e-03
1.064598932862281799e-02
-3.859594464302062988e-03
-1.787237823009490967e-02
-2.585672959685325623e-02
-1.061632856726646423e-02
-2.706784009933471680e-02
-1.547214761376380920e-02
-1.709157973527908325e-02
4.529852420091629028e-03
1.701361685991287231e-02
-1.811566948890686035e-02
1.176878064870834351e-02
-8.731748908758163452e-03
1.480381935834884644e-02
5.657114088535308838e-04
8.828788995742797852e-03
2.461722865700721741e-02
2.450950443744659424e-02
-3.568511456251144409e-03
-2.820297703146934509e-02
1.661652326583862305e-02
-1.588894426822662354e-02
6.329547613859176636e-03
-9.187884628772735596e-03
2.753397822380065918e-02
2.410240098834037781e-02
1.784722506999969482e-02
-2.245865017175674438e-02
