-4.121574107557535172e-03
-3.566003963351249695e-02
2.783250994980335236e-03
-1.107005402445793152e-02
1.983033865690231323e-02
-2.877721376717090607e-02
-4.373885318636894226e-02
2.274497784674167633e-02
-2.286184951663017273e-02
-3.929064422845840454e-02
-2.674938878044486046e-03
-1.739439368247985840e-02
4.251443967223167419e-02
-2.359744347631931305e-02
2.873649634420871735e-02
-1.345741283148527145e-02
4.453783482313156128e-02
-3.146404772996902466e-02
3.553612157702445984e-02
4.719994217157363892e-02
-7.167555391788482666e-02
-4.028433933854103088e-02
-3.715490549802780151e-02
-1.074466854333877563e-02
6.381401326507329941e-03
4.966307058930397034e-02
1.402892358601093292e-02
2.867458015680313110e-02
1.391199324280023575e-02
-4.749958962202072144e-02
-2.379248291254043579e-02
-1.615456864237785339e-02
9.011694230139255524e-03
2.515575662255287170e-02
5.829139798879623413e-02
4.173105582594871521e-03
-4.664636030793190002e-02
-2.019235864281654358e-03
6.087633967399597168e-02
-3.004815243184566498e-02
5.388253182172775269e-02
2.536848559975624084e-02
-2.533608116209506989e-02
2.345566637814044952e-03
-1.526326057501137257e-03
3.782802075147628784e-02
8.946539834141731262e-03
1.317196525633335114e-02
-2.639787644147872925e-02
-1.567033678293228149e-02
-2.945021167397499084e-02
-9.687796235084533691e-03
2.684786170721054077e-02
-4.050996527075767517e-02
2.614188240841031075e-03
4.383764415979385376e-02
4.746326059103012085e-02
-1.062280312180519104e-02
1.040433812886476517e-02
-1.945150457322597504e-02
2.618035674095153809e-02
-2.723360434174537659e-02
-5.455527454614639282e-02
2.903308346867561340e-02
4.707978293299674988e-02
3.440486639738082886e-02
3.675699234008789062e-02
1.761351712048053741e-02
3.087818436324596405e-02
1.681419461965560913e-02
2.383915707468986511e-02
1.505592837929725647e-02
1.971436478197574615e-02
3.218962997198104858e-02
3.866298124194145203e-02
-3.504145145416259766e-02
5.001923069357872009e-02
4.632814321666955948e-03
-1.941155525855720043e-03
1.703854463994503021e-02
-2.565109916031360626e-02
3.814542293548583984e-02
-2.794372662901878357e-02
1.229131408035755157e-02
2.868245588615536690e-03
-3.172524645924568176e-02
3.600841760635375977e-02
-3.418066725134849548e-02
2.233090624213218689e-02
1.136240363121032715e-02
2.811579592525959015e-02
4.142875224351882935e-02
-4.481026530265808105e-02
1.724627427756786346e-02
1.958146691322326660e-02
7.056350819766521454e-03
-2.860579825937747955e-02
-1.453237980604171753e-02
6.251689791679382324e-02
-2.923356369137763977e-02
-1.068282220512628555e-02
4.315048083662986755e-02
1.281971111893653870e-02
-8.619649335741996765e-03
-2.622850053012371063e-02
-4.834677651524543762e-02
1.939261704683303833e-02
-7.761984132230281830e-03
-3.169153630733489990e-02
-1.271131820976734161e-02
4.182955250144004822e-03
-1.769124716520309448e-02
5.977639928460121155e-02
5.344113335013389587e-02
3.037726506590843201e-02
-1.752145402133464813e-02
-2.285089902579784393e-02
-1.992282457649707794e-02
-3.739502653479576111e-02
4.895659908652305603e-02
-7.012471556663513184e-03
-4.765547637362033129e-04
1.194801833480596542e-02
2.255610004067420959e-02
9.206274524331092834e-03
-1.554015092551708221e-02
4.912132769823074341e-02
-3.245014697313308716e-02
5.376317724585533142e-02
-4.668306931853294373e-02
-2.732598409056663513e-02
7.806991343386471272e-04
-1.444664783775806427e-02
8.415244519710540771e-03
3.086456283926963806e-02
-3.223556652665138245e-02
-2.133933641016483307e-02
-2.039643935859203339e-02
-3.230402991175651550e-02
-1.137727312743663788e-02
1.769009977579116821e-02
-4.922327399253845215e-02
3.807380050420761108e-02
-3.898675367236137390e-02
-2.376358956098556519e-02
4.194294102489948273e-03
-6.383830308914184570e-02
-1.337687578052282333e-02
-2.605788176879286766e-03
4.680355638265609741e-02
4.199945181608200073e-02
-7.043969631195068359e-02
-2.139941602945327759e-02
4.923546314239501953e-02
-2.673853002488613129e-02
1.396836619824171066e-02
-1.701131346635520458e-03
4.048147797584533691e-02
-4.348895326256752014e-02
4.393106326460838318e-02
-6.011369824409484863e-02
-1.177546009421348572e-02
-1.903261058032512665e-02
3.653273358941078186e-02
3.791004419326782227e-02
-1.484334841370582581e-02
2.416647784411907196e-02
1.030190009623765945e-02
-6.264886818826198578e-03
2.711928216740489006e-03
2.258740365505218506e-03
3.081125207245349884e-02
5.508207529783248901e-02
-4.920937586575746536e-03
3.911536186933517456e-02
-3.123734518885612488e-02
-1.891114190220832825e-02
5.229093879461288452e-02
-4.407586157321929932e-02
3.178583283443003893e-04
4.124694690108299255e-02
4.456579312682151794e-02
3.919598087668418884e-02
-2.416419051587581635e-02
-2.859460619220044464e-05
-6.759490352123975754e-03
-3.601641580462455750e-02
-2.796920388936996460e-02
-2.318651974201202393e-02
-4.075868800282478333e-02
-4.376638680696487427e-03
-1.714625768363475800e-02
-3.713356703519821167e-02
-2.604383742436766624e-03
2.083560451865196228e-02
-8.874364197254180908e-03
1.031777728348970413e-02
-2.940412797033786774e-02
3.495708480477333069e-02
-4.677952267229557037e-03
-1.646239310503005981e-02
-4.916483163833618164e-02
-1.914827880682423711e-04
3.552754223346710205e-02
2.945024287328124046e-03
2.774430997669696808e-02
-3.860677033662796021e-02
8.959276601672172546e-03
6.218483299016952515e-02
5.443205311894416809e-02
2.337273396551609039e-02
2.284626476466655731e-02
-2.554088458418846130e-02
6.396560929715633392e-03
2.780571579933166504e-02
2.224531769752502441e-02
-1.883358880877494812e-02
2.606324478983879089e-02
-6.725755520164966583e-03
2.888789214193820953e-02
-7.465469185262918472e-03
-5.722702294588088989e-02
-6.831429898738861084e-03
3.947823122143745422e-02
-4.703258723020553589e-02
1.508808135986328125e-02
2.284256182610988617e-02
3.992368653416633606e-02
7.712115067988634109e-03
4.415462166070938110e-02
3.764944616705179214e-03
-2.981366403400897980e-02
-9.218711405992507935e-03
3.062209859490394592e-02
-2.791530638933181763e-02
-2.588728070259094238e-02
4.378372803330421448e-02
-1.525238528847694397e-02
5.056024342775344849e-02
-8.376180194318294525e-03
4.028441011905670166e-02
-2.403964102268218994e-02
8.845223113894462585e-03
2.755263447761535645e-02
-8.332972414791584015e-03
3.416711091995239258e-02
-2.422507852315902710e-02
6.964401807636022568e-03
-1.691691763699054718e-02
-2.580653503537178040e-02
4.163836315274238586e-02
5.343600641936063766e-03
3.639983013272285461e-02
-1.577464118599891663e-02
-4.046300053596496582e-02
2.668813429772853851e-02
