-1.500601172447204590e-01
1.648775935173034668e-01
1.355057507753372192e-01
9.447393566370010376e-02
-1.450951844453811646e-01
1.164884641766548157e-01
-1.599156409502029419e-01
1.100098639726638794e-01
3.790000919252634048e-03
-1.908505111932754517e-01
1.414334625005722046e-01
-5.390179157257080078e-02
-6.741624325513839722e-02
-8.323443122208118439e-03
1.324994266033172607e-01
-1.777935177087783813e-01
-1.597573608160018921e-02
-8.166663348674774170e-02
1.322153806686401367e-01
-1.554806381464004517e-01
3.022736683487892151e-02
-1.574854105710983276e-01
6.039381399750709534e-02
1.265081763267517090e-01
1.305532008409500122e-01
1.398245692253112793e-01
-1.064777672290802002e-01
1.407835334539413452e-01
1.742040067911148071e-01
4.196996986865997314e-02
-5.430315434932708740e-02
-1.055516749620437622e-01
-1.451362222433090210e-01
1.865790598094463348e-02
1.005386784672737122e-01
1.483526527881622314e-01
-8.580210804939270020e-02
1.478939503431320190e-01
7.980258762836456299e-02
-6.184848397970199585e-02
6.655505299568176270e-02
1.106920912861824036e-01
-2.465101331472396851e-01
7.960488647222518921e-02
1.571648269891738892e-01
-9.402953088283538818e-02
1.092154905200004578e-01
1.796752773225307465e-02
-2.587860822677612305e-01
1.258575706742703915e-03
8.304176852107048035e-03
7.070661336183547974e-02
1.176563426852226257e-01
-2.991709159687161446e-03
-8.427020907402038574e-02
-1.632048189640045166e-02
7.112456113100051880e-02
1.484667807817459106e-01
-1.934361457824707031e-01
-9.439568221569061279e-02
-1.628622561693191528e-01
-9.038703888654708862e-02
1.840976625680923462e-01
-1.816108822822570801e-01
1.250637918710708618e-01
5.297157540917396545e-02
8.829826861619949341e-02
-7.365793734788894653e-02
-4.856556281447410583e-02
-3.699772432446479797e-02
6.810699403285980225e-02
-1.799154281616210938e-01
-1.119465306401252747e-01
1.370834261178970337e-01
-4.655885696411132812e-02
1.646200418472290039e-01
-1.410779803991317749e-01
8.733898401260375977e-02
1.425131410360336304e-01
-7.471486926078796387e-02
-1.060835942625999451e-01
-1.286682486534118652e-01
1.091907396912574768e-01
1.869697868824005127e-01
1.448970735073089600e-01
1.104469001293182373e-01
-1.704640537500381470e-01
-1.348747760057449341e-01
-1.701876074075698853e-01
-9.359518438577651978e-02
-1.157529372721910477e-02
-2.851821854710578918e-02
-3.389624133706092834e-02
-1.290836781263351440e-01
-7.978021353483200073e-02
-5.650113150477409363e-02
1.587158888578414917e-01
8.610142767429351807e-02
-1.060020700097084045e-01
7.047623395919799805e-03
-1.036010459065437317e-01
-1.139104887843132019e-01
1.092198193073272705e-01
-2.429951578378677368e-01
-7.543240487575531006e-02
-7.778982818126678467e-02
1.573348641395568848e-01
1.327549368143081665e-01
-2.381961643695831299e-01
-8.220756426453590393e-03
8.398355543613433838e-02
-2.751274965703487396e-02
-1.492065638303756714e-01
9.751555323600769043e-02
-2.522073686122894287e-01
-1.570112109184265137e-01
1.056706681847572327e-01
1.448834091424942017e-01
-7.610203325748443604e-02
-5.278408527374267578e-02
-1.326166540384292603e-01
-7.435313612222671509e-02
9.247180074453353882e-02
9.791642427444458008e-02
-1.456061750650405884e-01
-1.665278822183609009e-01
1.129682511091232300e-01
-2.294548153877258301e-01
5.249861627817153931e-03
9.831766039133071899e-02
-1.407448798418045044e-01
7.230794429779052734e-02
-1.054311618208885193e-01
8.187035471200942993e-02
5.118558555841445923e-02
1.414234843105077744e-02
-7.012563943862915039e-02
1.722841411828994751e-01
-1.603578031063079834e-01
-1.472168415784835815e-01
-1.342919319868087769e-01
5.333007499575614929e-02
-9.832204133272171021e-02
-1.595417410135269165e-02
8.047644048929214478e-02
7.876523584127426147e-02
-1.179380267858505249e-01
1.236847639083862305e-01
5.368127301335334778e-02
-1.494078338146209717e-01
-5.276379734277725220e-02
-9.903964400291442871e-02
-3.188341557979583740e-01
-3.519380465149879456e-02
-3.362094983458518982e-02
-1.817844808101654053e-01
7.203973084688186646e-02
7.213763892650604248e-02
1.936525702476501465e-01
1.450070440769195557e-01
2.221555858850479126e-01
-1.928269863128662109e-01
7.286845147609710693e-02
-7.583184540271759033e-02
9.304098039865493774e-02
-1.054709106683731079e-01
5.348296463489532471e-02
1.400054246187210083e-01
-3.891076520085334778e-02
1.786781996488571167e-01
1.421154439449310303e-01
-9.362145513296127319e-02
5.273225903511047363e-02
-1.640287637710571289e-01
-2.307769060134887695e-01
-6.871872395277023315e-02
-8.971451222896575928e-02
1.329213827848434448e-01
-1.096068471670150757e-01
8.934243768453598022e-02
1.113654151558876038e-01
-1.240354180335998535e-01
-3.852321207523345947e-02
1.319299042224884033e-01
-7.657288014888763428e-02
1.189416497945785522e-01
-1.335043460130691528e-01
-3.987892530858516693e-03
1.676256768405437469e-02
-7.547859847545623779e-02
-1.225512027740478516e-01
3.773497790098190308e-02
-1.116850227117538452e-01
-2.057505995035171509e-01
-4.520208388566970825e-02
-8.569628000259399414e-02
-7.427766174077987671e-02
1.293893605470657349e-01
1.227778121829032898e-01
2.000261098146438599e-01
1.666321456432342529e-01
1.689739674329757690e-01
-1.186590194702148438e-01
-1.158488169312477112e-02
-8.409450948238372803e-02
7.402569800615310669e-02
1.246773153543472290e-01
1.845454238355159760e-02
1.663693636655807495e-01
1.165181621909141541e-01
1.518829464912414551e-01
-9.549363702535629272e-02
1.186620220541954041e-01
-1.588072180747985840e-01
9.785500168800354004e-02
-2.029218524694442749e-01
-1.866292953491210938e-01
-3.486612439155578613e-01
-5.153235793113708496e-02
9.986325353384017944e-02
-1.002948433160781860e-01
1.353141814470291138e-01
-1.039812862873077393e-01
-3.547549620270729065e-02
-6.713046878576278687e-02
-6.340621411800384521e-02
8.603291958570480347e-02
-7.755047082901000977e-02
-7.722838222980499268e-02
9.423507750034332275e-02
6.064428389072418213e-02
-2.165799289941787720e-01
-7.006444036960601807e-02
1.162466332316398621e-01
-2.025092244148254395e-01
-8.787501603364944458e-02
1.234027370810508728e-01
1.472660750150680542e-01
-6.788007169961929321e-02
-1.819312870502471924e-01
-3.824356198310852051e-02
2.156869322061538696e-01
-4.173817113041877747e-02
-2.367920428514480591e-02
1.249150931835174561e-01
-1.219774410128593445e-01
-9.686458855867385864e-02
-7.238999754190444946e-02
-1.414095759391784668e-01
-2.165308445692062378e-01
1.339575052261352539e-01
-1.590938270092010498e-01
-7.459925115108489990e-02
-4.739990830421447754e-02
-8.660901337862014771e-02
1.486066281795501709e-01
-1.283049732446670532e-01
-1.274434924125671387e-01
-7.910896837711334229e-02
2.910212613642215729e-02
1.640256494283676147e-01
9.932162612676620483e-02
1.530532985925674438e-01
-1.427610814571380615e-01
8.211531490087509155e-02
-7.234816998243331909e-02
-6.575725227594375610e-02
-1.264774203300476074e-01
1.585914939641952515e-01
9.333913773298263550e-02
5.727025493979454041e-02
1.264928728342056274e-01
-5.987380817532539368e-02
1.055852025747299194e-01
-1.485377699136734009e-01
1.017563417553901672e-01
-8.785534650087356567e-02
-6.697826087474822998e-02
-6.859821081161499023e-02
1.046146377921104431e-01
-6.851416826248168945e-02
2.154093235731124878e-02
1.469103544950485229e-01
-7.499201595783233643e-02
-5.285113677382469177e-02
1.496416032314300537e-01
6.168722361326217651e-02
9.525103867053985596e-02
1.947743892669677734e-01
-1.781217306852340698e-01
1.423075795173645020e-01
-1.776219345629215240e-02
1.025731042027473450e-01
-1.522133499383926392e-01
1.678222268819808960e-01
-1.318262666463851929e-01
-3.950738906860351562e-02
-1.623806208372116089e-01
-1.471908092498779297e-01
-1.204925626516342163e-01
7.239647209644317627e-02
1.919196173548698425e-02
-1.161204278469085693e-01
1.552419066429138184e-01
-1.010409668087959290e-01
-1.618918590247631073e-02
-1.566579379141330719e-02
9.859336167573928833e-02
-6.758102029561996460e-02
4.409829154610633850e-02
-5.801273137331008911e-02
-9.817893803119659424e-02
1.000546887516975403e-01
1.218151450157165527e-01
1.454792916774749756e-01
-1.066389679908752441e-01
7.559172809123992920e-02
1.954128742218017578e-01
-1.361841615289449692e-02
2.508465573191642761e-02
1.278920322656631470e-01
-1.611476540565490723e-01
-1.470257490873336792e-01
1.027354076504707336e-01
1.718770861625671387e-01
1.209184303879737854e-01
1.183864250779151917e-01
1.458710432052612305e-01
1.835026144981384277e-01
-1.844100281596183777e-02
-2.212286740541458130e-01
-1.046062558889389038e-01
-9.219429641962051392e-02
8.146868646144866943e-02
-1.710875034332275391e-01
1.524809002876281738e-01
1.510475277900695801e-01
1.218288764357566833e-01
-5.632463470101356506e-02
-1.810280419886112213e-02
-1.678492873907089233e-01
-1.342740058898925781e-01
-9.278193861246109009e-02
-1.393340677022933960e-01
6.613288074731826782e-03
-1.577088832855224609e-01
1.542171835899353027e-01
-1.524011790752410889e-01
-2.123368233442306519e-01
-4.840689525008201599e-02
9.395783394575119019e-02
-2.406172081828117371e-02
-2.016485184431076050e-01
-3.180087357759475708e-02
2.060426771640777588e-02
1.205269396305084229e-01
1.625401973724365234e-01
1.283744871616363525e-01
-1.277232468128204346e-01
1.684347689151763916e-01
9.863303974270820618e-03
2.837002510204911232e-03
-1.508935987949371338e-01
-1.014494672417640686e-01
-9.472306817770004272e-02
1.105431169271469116e-01
-1.803565621376037598e-01
5.084943398833274841e-02
1.311752498149871826e-01
-4.881316795945167542e-02
-1.698586940765380859e-01
-7.655449956655502319e-02
2.227760665118694305e-02
-1.704361289739608765e-01
-7.529335562139749527e-04
1.414273977279663086e-01
9.382994472980499268e-02
5.802637338638305664e-02
-2.503975927829742432e-01
-1.025961413979530334e-01
-1.917731016874313354e-01
6.424599885940551758e-02
-3.642315790057182312e-02
-9.952429682016372681e-02
-1.567109823226928711e-01
-2.714080177247524261e-02
-2.193473875522613525e-01
-1.900672912597656250e-01
-7.726875692605972290e-02
-6.423167139291763306e-02
-2.203832566738128662e-01
-2.402385920286178589e-01
1.368207335472106934e-01
-7.945676892995834351e-02
1.326761990785598755e-01
-1.484520286321640015e-01
9.573612362146377563e-02
-1.004761755466461182e-01
-9.493415802717208862e-02
-9.794043749570846558e-02
-2.068982869386672974e-01
-1.492909044027328491e-01
-1.756538301706314087e-01
-1.117297485470771790e-01
-1.482000648975372314e-01
9.669274836778640747e-02
-8.419528603553771973e-03
-2.544089257717132568e-01
1.269837766885757446e-01
-8.547107875347137451e-02
9.702433645725250244e-02
-4.677097871899604797e-02
-1.466075778007507324e-01
2.793537080287933350e-02
-4.273429512977600098e-02
3.975784406065940857e-02
-9.924775362014770508e-02
-1.243773251771926880e-01
1.737814843654632568e-01
1.484551429748535156e-01
-1.520023494958877563e-01
9.754601120948791504e-02
1.155221089720726013e-01
8.239351212978363037e-02
3.180032595992088318e-02
-7.368558645248413086e-02
-1.635955125093460083e-01
1.594432145357131958e-01
1.305935382843017578e-01
1.135826855897903442e-01
-3.716731816530227661e-02
6.826816499233245850e-02
-8.339405804872512817e-02
-2.530437409877777100e-01
1.188821047544479370e-01
-1.016702726483345032e-01
-7.066233456134796143e-02
1.761045306921005249e-01
-7.100696861743927002e-02
-1.407237946987152100e-01
8.279516547918319702e-02
1.699155271053314209e-01
1.439476311206817627e-01
-2.970864437520503998e-02
-2.063409388065338135e-01
1.655935794115066528e-01
-1.358597725629806519e-02
-1.478992104530334473e-01
-1.102845072746276855e-01
-8.856406062841415405e-02
8.447771519422531128e-02
-6.244937889277935028e-03
9.351946413516998291e-02
-3.372609615325927734e-02
-1.760080754756927490e-01
-1.424850076436996460e-01
-7.552115619182586670e-02
-3.077574307098984718e-03
1.490295380353927612e-01
-2.614598348736763000e-02
-1.272678822278976440e-01
-6.452225893735885620e-02
-1.610001325607299805e-01
-6.830865889787673950e-02
-1.092224270105361938e-01
-1.142501085996627808e-01
2.615377120673656464e-02
4.106734693050384521e-02
3.032668866217136383e-02
-1.225103996694087982e-02
1.887850835919380188e-02
-1.257096081972122192e-01
-1.715176850557327271e-01
-1.969406008720397949e-01
-5.532935634255409241e-02
1.573842167854309082e-01
1.052428185939788818e-01
1.099191159009933472e-01
2.998798899352550507e-02
1.177944242954254150e-01
5.087721347808837891e-02
1.326084434986114502e-01
-8.824998140335083008e-02
-1.175247505307197571e-01
-1.594442687928676605e-02
2.323101609945297241e-01
-1.953489631414413452e-01
2.143145054578781128e-01
1.618445962667465210e-01
1.307012885808944702e-01
3.564535826444625854e-02
1.202916577458381653e-01
-2.680014371871948242e-01
-6.377253681421279907e-02
-7.840073667466640472e-03
8.901201188564300537e-02
-4.972669854760169983e-02
2.129280567169189453e-01
1.376472562551498413e-01
1.280300021171569824e-01
-1.491667181253433228e-01
1.634570658206939697e-01
1.575193852186203003e-01
1.292607486248016357e-01
1.888764500617980957e-01
-7.963583618402481079e-02
5.915418267250061035e-03
1.704392052488401532e-04
8.897605538368225098e-02
1.892946809530258179e-01
-5.772877112030982971e-02
3.049966320395469666e-02
-5.001171305775642395e-02
1.459565311670303345e-01
1.733245849609375000e-01
5.948985368013381958e-02
1.231331750750541687e-01
-3.765793750062584877e-03
1.950249671936035156e-01
-3.609520941972732544e-02
1.185350771993398666e-02
1.614998131990432739e-01
7.334116846323013306e-02
8.899244666099548340e-02
-9.496056288480758667e-02
1.290560513734817505e-01
-1.662326455116271973e-01
1.515806466341018677e-01
-1.476455628871917725e-01
1.620109677314758301e-01
1.529099792242050171e-01
1.422545909881591797e-01
-4.041292145848274231e-02
2.150267511606216431e-01
-4.368703439831733704e-02
6.447584182024002075e-02
-8.230360597372055054e-02
-1.773663759231567383e-01
7.244031131267547607e-02
8.846000581979751587e-02
-9.674030588939785957e-04
-8.859143406152725220e-02
-8.525428920984268188e-02
-9.639940410852432251e-02
1.702198642306029797e-03
-4.905202426016330719e-03
1.101839020848274231e-01
-1.290356218814849854e-01
-3.856205567717552185e-02
5.073992535471916199e-02
6.436288822442293167e-03
2.286144196987152100e-01
6.692828238010406494e-02
9.937313199043273926e-02
1.119204238057136536e-02
1.759828329086303711e-01
7.144142687320709229e-02
1.431564837694168091e-01
9.991345554590225220e-02
1.008023321628570557e-01
7.908240705728530884e-02
1.464301254600286484e-02
-1.171625703573226929e-01
6.795837730169296265e-02
-1.434811204671859741e-01
9.757453203201293945e-02
-9.047824889421463013e-02
-2.082613483071327209e-02
7.263859361410140991e-02
7.221496850252151489e-02
2.641896344721317291e-02
-1.186070889234542847e-01
9.886582940816879272e-02
-1.157002057880163193e-02
3.773179650306701660e-02
5.455323308706283569e-02
7.425750046968460083e-02
-6.880752742290496826e-02
1.088349968194961548e-01
-2.103199213743209839e-01
-7.607664167881011963e-02
4.361838102340698242e-03
-8.205261826515197754e-02
2.005287259817123413e-01
-1.116790324449539185e-01
-1.180024296045303345e-01
1.378496289253234863e-01
1.730875074863433838e-01
-2.880376204848289490e-02
2.943485043942928314e-03
-1.148263663053512573e-01
-8.753950893878936768e-02
4.274622723460197449e-02
8.756744861602783203e-02
-7.402703166007995605e-02
-1.338379383087158203e-01
1.206104978919029236e-01
2.034298926591873169e-01
4.355853423476219177e-02
-2.107754200696945190e-01
-3.967774659395217896e-02
1.842835098505020142e-01
-7.918161898851394653e-02
5.397306010127067566e-02
-6.025904323905706406e-03
-2.526219747960567474e-02
-1.457794010639190674e-01
1.235795766115188599e-01
-1.055955961346626282e-01
5.076447874307632446e-02
-9.870862215757369995e-02
2.202308736741542816e-02
1.063999086618423462e-01
-4.962307959794998169e-02
-7.379080355167388916e-02
1.384730637073516846e-01
-1.011400371789932251e-01
2.096190899610519409e-01
1.836647093296051025e-01
8.341475576162338257e-02
1.452068984508514404e-02
-9.534305334091186523e-02
-1.349024027585983276e-01
-1.952157728374004364e-02
9.848808869719505310e-03
1.035567298531532288e-01
6.061100959777832031e-02
1.826765686273574829e-01
-2.103469818830490112e-01
1.330477446317672729e-01
1.744099557399749756e-01
5.616926774382591248e-02
-4.404055327177047729e-02
1.003195419907569885e-01
7.613350450992584229e-02
-1.207673996686935425e-01
1.298344582319259644e-01
1.164208501577377319e-01
-2.757419645786285400e-02
2.541781403124332428e-02
-1.736630052328109741e-01
1.430821120738983154e-01
8.914598077535629272e-02
-2.910514920949935913e-02
-1.292893290519714355e-01
-7.530508935451507568e-02
1.610852479934692383e-01
-1.031735315918922424e-01
-7.021302729845046997e-02
-1.105607207864522934e-02
1.334357708692550659e-01
1.730067878961563110e-01
1.396642029285430908e-01
1.575229167938232422e-01
-5.576822534203529358e-02
8.109725266695022583e-02
8.368650078773498535e-02
-1.120151951909065247e-01
1.582451164722442627e-01
-7.758212834596633911e-02
-6.588722020387649536e-02
4.926424846053123474e-02
-3.815534710884094238e-02
1.603726446628570557e-01
-4.176960792392492294e-03
8.098437637090682983e-02
6.011806800961494446e-02
6.562145054340362549e-02
1.438272744417190552e-02
-1.413006186485290527e-01
7.098510116338729858e-02
-5.145205184817314148e-02
-6.795994192361831665e-02
1.082070097327232361e-01
1.247490718960762024e-01
2.795958146452903748e-02
1.073131784796714783e-01
1.523576378822326660e-01
-1.107416953891515732e-02
-1.802940815687179565e-01
-5.587518587708473206e-02
-4.222636669874191284e-02
-5.462142452597618103e-02
-1.977720111608505249e-01
1.505568623542785645e-01
6.647604051977396011e-03
1.121262758970260620e-01
-8.647533506155014038e-02
-1.079924777150154114e-01
1.432054787874221802e-01
6.843221187591552734e-02
-8.489536494016647339e-02
-2.625487186014652252e-02
-8.290205895900726318e-02
1.456257104873657227e-01
-1.086301580071449280e-01
-2.045430243015289307e-01
-1.633770763874053955e-01
2.500336617231369019e-02
-1.425470113754272461e-01
1.080195512622594833e-02
-1.457529067993164062e-01
1.516312211751937866e-01
-6.886623334139585495e-03
2.285784333944320679e-01
1.029846668243408203e-01
-7.392009347677230835e-02
-7.642538100481033325e-02
3.910809755325317383e-02
1.067291051149368286e-01
2.289529703557491302e-02
1.676044166088104248e-01
1.041223183274269104e-01
-7.482872903347015381e-02
-5.202786251902580261e-02
-1.291329264640808105e-01
1.255266666412353516e-01
-5.618441477417945862e-02
3.203736245632171631e-02
1.179524436593055725e-01
1.414586305618286133e-01
8.019258826971054077e-02
1.044276580214500427e-01
-2.140366658568382263e-02
1.591745018959045410e-02
1.949632167816162109e-02
-9.353732317686080933e-02
-1.769590936601161957e-02
-4.597106948494911194e-02
1.516643762588500977e-01
4.463929682970046997e-02
-1.753531545400619507e-01
-1.083098948001861572e-01
-1.466621607542037964e-01
9.035539627075195312e-02
-2.588300034403800964e-02
-8.648716658353805542e-02
-5.222257599234580994e-02
-9.495160728693008423e-02
5.428638309240341187e-02
-9.433697909116744995e-02
1.040845736861228943e-01
2.219090610742568970e-01
2.102122157812118530e-01
1.767400801181793213e-01
-2.800419926643371582e-01
1.963142901659011841e-01
-1.781663596630096436e-01
1.330203711986541748e-01
-6.168793514370918274e-02
-4.735667258501052856e-02
-1.432504877448081970e-02
3.537002205848693848e-02
-7.219790667295455933e-02
-5.364115536212921143e-02
-8.847757428884506226e-02
-5.891267210245132446e-02
-1.657382585108280182e-02
-5.797453224658966064e-02
-5.365150049328804016e-03
1.066766008734703064e-01
1.658935397863388062e-01
-1.097547188401222229e-01
1.329080164432525635e-01
8.354942500591278076e-02
-1.099755316972732544e-01
-1.171097755432128906e-01
-6.831273436546325684e-02
-1.576664000749588013e-01
1.237448379397392273e-01
-1.016648113727569580e-01
-1.593150645494461060e-01
8.356540650129318237e-02
-5.037025734782218933e-02
1.950666904449462891e-01
-1.624536514282226562e-01
-1.945374011993408203e-01
1.684450954198837280e-01
1.298376023769378662e-01
2.289834618568420410e-01
-5.005638673901557922e-02
1.318563818931579590e-01
-1.515205204486846924e-01
1.422259658575057983e-01
-2.987883426249027252e-02
1.898998171091079712e-01
1.536939442157745361e-01
1.707949042320251465e-01
2.078452110290527344e-01
9.293540380895137787e-03
-6.738393008708953857e-02
1.110891252756118774e-01
-7.444208115339279175e-02
-6.112038716673851013e-02
6.013941019773483276e-02
-1.435400992631912231e-01
-1.219920516014099121e-01
1.339001208543777466e-01
-9.241457283496856689e-02
-9.882386028766632080e-02
9.787116944789886475e-02
-9.524543583393096924e-02
-7.744429260492324829e-02
6.233253050595521927e-03
3.267250210046768188e-02
-2.165044099092483521e-02
-9.527296572923660278e-02
2.310024201869964600e-01
1.207818910479545593e-01
2.348997443914413452e-02
-1.413592789322137833e-02
1.486725956201553345e-01
-1.022272706031799316e-01
3.702805563807487488e-02
-1.096015144139528275e-02
-4.275650903582572937e-02
1.848244369029998779e-01
-1.222901865839958191e-01
1.881919801235198975e-01
-2.893678611144423485e-04
-1.633769720792770386e-01
8.815007656812667847e-02
-9.557130187749862671e-02
-5.856395885348320007e-02
3.995318710803985596e-02
-1.703348942101001740e-02
8.544310927391052246e-02
-8.073243498802185059e-02
-6.039330363273620605e-02
-8.301585167646408081e-02
-6.610022485256195068e-02
1.617939323186874390e-01
-1.667989492416381836e-01
1.400940865278244019e-01
-1.681519597768783569e-01
-6.842716783285140991e-02
-1.021854579448699951e-01
-6.486128270626068115e-02
-6.846147030591964722e-02
2.277370989322662354e-01
1.098479852080345154e-01
-5.833792313933372498e-02
2.411559037864208221e-02
1.339921951293945312e-01
1.448900252580642700e-01
9.769701212644577026e-02
-1.342414617538452148e-01
-1.271729469299316406e-01
-1.114305704832077026e-01
-6.250031292438507080e-02
-2.026769667863845825e-01
-7.192466408014297485e-02
1.495854109525680542e-01
1.445015817880630493e-01
1.178902089595794678e-01
7.836586982011795044e-02
8.590324223041534424e-02
1.490848213434219360e-01
-2.374490648508071899e-01
4.060882609337568283e-03
-5.290936306118965149e-02
1.201198771595954895e-01
-1.763101667165756226e-01
1.097457483410835266e-01
-9.070134907960891724e-02
-3.145565465092658997e-02
-7.776537537574768066e-02
-2.924847230315208435e-02
-1.787158548831939697e-01
7.013722509145736694e-02
-2.002827525138854980e-01
6.363513320684432983e-02
1.759989410638809204e-01
1.814691871404647827e-01
-2.110892161726951599e-02
2.141922898590564728e-02
1.327321678400039673e-01
-3.521947562694549561e-02
-6.188461184501647949e-02
-7.968386262655258179e-02
-2.159251719713211060e-01
-6.705240160226821899e-02
1.390169113874435425e-01
1.892297118902206421e-01
2.738641947507858276e-02
-3.145472705364227295e-02
2.228071689605712891e-01
-8.114045858383178711e-02
-2.772936820983886719e-01
-8.343890309333801270e-02
-5.998500436544418335e-02
-1.390262693166732788e-01
1.855340898036956787e-01
-7.899942249059677124e-02
1.024456024169921875e-01
1.375866383314132690e-01
-1.265524923801422119e-01
-5.058437585830688477e-02
-8.093363046646118164e-02
6.935523450374603271e-02
-4.149481654167175293e-02
1.405844092369079590e-01
1.707283258438110352e-01
-4.505614563822746277e-02
9.831701219081878662e-02
1.459585409611463547e-02
1.335072219371795654e-01
8.591265976428985596e-02
7.325170189142227173e-02
1.853529922664165497e-02
-9.070170670747756958e-02
7.838550209999084473e-02
1.252523660659790039e-01
-5.130870640277862549e-02
1.648308932781219482e-01
-1.300884485244750977e-01
-1.322835981845855713e-01
-8.856113255023956299e-02
-1.052695438265800476e-01
1.769542992115020752e-01
-9.048910439014434814e-02
-8.615805953741073608e-02
-1.038013473153114319e-01
3.385783359408378601e-02
1.033631265163421631e-01
-1.722612604498863220e-02
-3.636641427874565125e-02
2.664441801607608795e-02
1.376935280859470367e-03
9.804341942071914673e-02
-4.832444712519645691e-02
-2.068447023630142212e-01
5.794636905193328857e-02
-8.240073919296264648e-02
9.802585095167160034e-02
-6.421274691820144653e-02
-4.730155691504478455e-02
1.404157727956771851e-01
8.568525314331054688e-02
1.131473630666732788e-01
-1.006732136011123657e-01
-8.785209059715270996e-02
1.088421121239662170e-01
7.837450504302978516e-02
1.630830019712448120e-01
1.279687583446502686e-01
6.377074867486953735e-02
-1.517438143491744995e-01
-1.426481455564498901e-01
-1.095173731446266174e-01
7.421415299177169800e-02
3.010313771665096283e-02
5.199733655899763107e-03
-1.803016848862171173e-02
-5.222517251968383789e-02
-1.247822120785713196e-01
1.469769924879074097e-01
-1.093620434403419495e-01
1.710132807493209839e-01
-1.416531056165695190e-01
2.681662738323211670e-01
1.388434320688247681e-02
-1.474248021841049194e-01
-8.779558539390563965e-02
1.083668544888496399e-01
1.555236428976058960e-01
7.640753686428070068e-02
-5.934289470314979553e-02
-4.816342145204544067e-02
-9.603498131036758423e-02
-2.234522551298141479e-01
-3.487949445843696594e-02
8.902627229690551758e-02
7.846692204475402832e-02
2.150530926883220673e-03
-1.444553434848785400e-01
1.691828072071075439e-01
-9.035750478506088257e-02
1.793064475059509277e-01
6.891107652336359024e-03
4.394518584012985229e-02
1.841812022030353546e-02
-1.219738051295280457e-01
6.912247091531753540e-02
9.837990999221801758e-02
1.717257052659988403e-01
6.182971992529928684e-04
-1.010871753096580505e-01
6.608473509550094604e-02
1.021168008446693420e-01
-1.900564879179000854e-02
6.678233295679092407e-02
9.153375774621963501e-02
-4.535732418298721313e-02
-4.816570132970809937e-02
1.135286390781402588e-01
-1.909407824277877808e-01
-3.633433207869529724e-02
8.506183326244354248e-02
1.936895698308944702e-01
1.845680028200149536e-01
-9.101636707782745361e-02
2.142871469259262085e-01
-2.305263467133045197e-02
3.462149947881698608e-02
1.651180535554885864e-01
-1.198917254805564880e-01
-9.356255829334259033e-02
-1.860277727246284485e-02
-1.127176433801651001e-01
-1.748041063547134399e-02
7.655981183052062988e-02
-1.138957142829895020e-01
4.407508298754692078e-02
1.868885457515716553e-01
-9.659817069768905640e-02
5.198913812637329102e-02
1.562842130661010742e-01
-1.347149163484573364e-01
1.334485262632369995e-01
-1.417873501777648926e-01
-1.201131641864776611e-01
-8.143860101699829102e-02
-8.505466580390930176e-02
9.430055320262908936e-02
-1.125548556447029114e-01
-2.699650824069976807e-02
1.087387949228286743e-01
1.472520679235458374e-01
-5.190580338239669800e-02
-1.564953923225402832e-01
-1.660404950380325317e-01
-9.744898974895477295e-02
-1.165857017040252686e-01
2.039535194635391235e-01
-1.062857657670974731e-01
1.446849256753921509e-01
-1.710161566734313965e-01
9.998369961977005005e-02
-2.190900295972824097e-01
1.205837130546569824e-01
-2.251943051815032959e-01
-3.685517609119415283e-01
1.421745214611291885e-02
-2.315452247858047485e-01
-7.596542686223983765e-02
1.757074296474456787e-01
1.389205083250999451e-02
-1.784266382455825806e-01
1.200531497597694397e-01
-8.749274909496307373e-02
-8.377314545214176178e-03
3.832922317087650299e-03
-2.273959517478942871e-01
2.369872853159904480e-02
1.431628018617630005e-01
-9.577098302543163300e-03
1.379807144403457642e-01
8.705940097570419312e-02
-9.603495895862579346e-02
-1.195673272013664246e-01
-5.072916671633720398e-02
-3.780409321188926697e-02
-4.925088584423065186e-02
2.509264349937438965e-01
-2.537996694445610046e-02
1.299212276935577393e-01
-1.472698450088500977e-01
-2.513199299573898315e-02
9.208191186189651489e-02
1.371069848537445068e-01
2.142544984817504883e-01
-5.286962911486625671e-02
-1.458928175270557404e-02
-5.978012457489967346e-02
5.259262397885322571e-03
1.596824526786804199e-01
-1.415879577398300171e-01
-7.635834813117980957e-02
2.093477249145507812e-01
-1.344159692525863647e-01
7.384455204010009766e-02
-8.924395591020584106e-02
1.378971040248870850e-01
-2.043359726667404175e-02
-3.536836430430412292e-02
-2.107934951782226562e-01
-3.572240471839904785e-02
1.109738275408744812e-01
1.156473532319068909e-01
-2.899787016212940216e-02
1.512489169836044312e-01
1.894095689058303833e-01
1.376402974128723145e-01
1.915251910686492920e-01
-1.635235697031021118e-01
-2.165802717208862305e-01
1.317257434129714966e-01
1.628525406122207642e-01
-2.287024706602096558e-01
2.930994518101215363e-02
-1.599976569414138794e-01
4.195363726466894150e-03
-1.107267960906028748e-01
1.472824662923812866e-01
1.099653616547584534e-01
-1.941888630390167236e-01
1.654713898897171021e-01
-1.413177400827407837e-01
-1.104204580187797546e-01
-7.559167593717575073e-02
1.796668767929077148e-01
-2.047949731349945068e-01
-2.316515594720840454e-01
-5.802350863814353943e-02
1.387757807970046997e-01
1.794743537902832031e-01
-1.308480203151702881e-01
1.493887603282928467e-01
-1.282575279474258423e-01
2.121123820543289185e-01
-3.873765096068382263e-02
-6.155618280172348022e-02
2.215136736631393433e-01
-1.199934631586074829e-01
1.366042047739028931e-01
3.271701931953430176e-02
2.527057938277721405e-02
1.729053631424903870e-02
-1.817194819450378418e-01
-2.119863629341125488e-01
-4.705887287855148315e-02
-1.223113089799880981e-01
-8.101226389408111572e-02
1.621483708731830120e-03
1.740586310625076294e-01
8.844053000211715698e-02
1.479414105415344238e-01
-9.442186355590820312e-02
-1.239956170320510864e-01
5.426994338631629944e-02
-1.078098341822624207e-01
-1.621958315372467041e-01
3.762438893318176270e-02
3.906297683715820312e-02
-2.358573675155639648e-02
-1.674756109714508057e-01
-7.702910900115966797e-02
-2.147272825241088867e-01
-1.021530926227569580e-01
-2.442480772733688354e-01
-1.054962128400802612e-01
1.375525295734405518e-01
-5.326827615499496460e-02
-9.988999366760253906e-02
1.840598136186599731e-01
1.115567311644554138e-01
-2.074405699968338013e-01
-1.373126953840255737e-01
1.792422086000442505e-01
-2.170430123805999756e-01
-6.313178688287734985e-02
-8.977193385362625122e-02
7.292794436216354370e-02
1.586252450942993164e-01
9.226696938276290894e-02
1.164982020854949951e-01
-9.856552630662918091e-02
-9.913520514965057373e-02
3.949387744069099426e-02
-2.309849672019481659e-02
1.959622837603092194e-02
8.749581128358840942e-02
-1.788510084152221680e-01
1.982456296682357788e-01
-2.442440092563629150e-01
9.859437495470046997e-02
1.958744227886199951e-01
-7.543362677097320557e-02
1.958106905221939087e-01
-2.697135806083679199e-01
5.588545650243759155e-02
-1.749481633305549622e-02
1.364412158727645874e-01
-1.478869318962097168e-01
-1.651312261819839478e-01
-2.253121323883533478e-02
8.799187093973159790e-02
-1.357405185699462891e-01
9.835777431726455688e-02
-2.156854718923568726e-01
1.621583849191665649e-01
1.808269023895263672e-01
1.533937752246856689e-01
-1.870637536048889160e-01
-1.053896322846412659e-01
4.618820175528526306e-02
-3.689322993159294128e-02
1.266689598560333252e-01
-1.806595325469970703e-01
-6.217479333281517029e-02
-3.105922639369964600e-01
-1.128725633025169373e-01
1.178440228104591370e-01
-1.309563666582107544e-01
-1.212870515882968903e-02
1.626147031784057617e-01
-3.268369659781455994e-02
1.124687120318412781e-01
3.714746236801147461e-02
-1.676737889647483826e-02
1.913423836231231689e-01
-2.053325772285461426e-01
1.306495964527130127e-01
1.250305445864796638e-03
-1.043685004115104675e-01
6.462325155735015869e-02
6.677391380071640015e-02
1.193167790770530701e-01
2.675003111362457275e-01
-2.165047973394393921e-01
-1.744502037763595581e-02
-2.401850074529647827e-01
-1.860025376081466675e-01
-1.093566641211509705e-01
-6.005763076245784760e-03
-2.075484022498130798e-02
1.785262227058410645e-01
-6.245476379990577698e-02
1.426353454589843750e-01
-1.151909157633781433e-01
1.218277961015701294e-01
-8.579344302415847778e-02
1.594074666500091553e-01
-1.896934658288955688e-01
-8.541325479745864868e-02
5.099434871226549149e-03
-1.250315606594085693e-01
-1.733884066343307495e-01
1.527730077505111694e-01
-4.935851320624351501e-02
2.326318472623825073e-01
1.598021537065505981e-01
1.219823881983757019e-01
2.535673417150974274e-02
-1.051103398203849792e-01
9.466648846864700317e-02
-4.903128370642662048e-03
-1.887338310480117798e-01
1.589801758527755737e-01
1.530357599258422852e-01
-5.306402593851089478e-02
9.904070943593978882e-02
3.651292994618415833e-02
-1.671795845031738281e-01
-1.263232529163360596e-01
-2.332902550697326660e-01
2.410910464823246002e-02
1.217059716582298279e-01
-7.346315681934356689e-02
-1.707484573125839233e-01
-1.971272677183151245e-01
1.402951031923294067e-01
-1.146750152111053467e-01
9.375910460948944092e-02
-3.489196300506591797e-02
-1.393470466136932373e-01
-6.271656602621078491e-02
-2.260529249906539917e-02
1.369028538465499878e-01
-9.159364551305770874e-02
-1.642816513776779175e-01
2.674748748540878296e-02
-2.272934913635253906e-01
6.762896478176116943e-02
1.447860896587371826e-01
1.184765994548797607e-01
-4.272316396236419678e-02
1.444991081953048706e-01
1.365498751401901245e-01
1.277528852224349976e-01
-9.167791903018951416e-02
-1.152692511677742004e-01
-1.646890938282012939e-01
-4.529754817485809326e-02
-1.192827522754669189e-01
-8.069244772195816040e-02
1.408351659774780273e-01
1.212470978498458862e-01
1.856307834386825562e-01
-3.923942521214485168e-02
8.397863805294036865e-02
3.969234228134155273e-02
-1.909302733838558197e-02
-1.155567914247512817e-01
1.042837575078010559e-01
-8.122918009757995605e-02
-6.519515067338943481e-02
-2.204114198684692383e-02
1.089519821107387543e-02
-1.688358932733535767e-02
-2.580197155475616455e-02
1.465648114681243896e-01
8.163928054273128510e-03
1.554638743400573730e-01
-1.334323287010192871e-01
1.482991874217987061e-02
-1.676360666751861572e-01
1.469677197746932507e-03
7.958538830280303955e-02
1.658397763967514038e-01
-6.849321722984313965e-02
-7.927135378122329712e-02
-7.205991446971893311e-02
-2.078406959772109985e-01
1.627585291862487793e-01
1.198025122284889221e-01
5.102032050490379333e-02
7.808391749858856201e-02
-8.932950347661972046e-02
-6.304920464754104614e-02
-8.735230565071105957e-02
1.402592360973358154e-01
6.871361285448074341e-02
-1.617107391357421875e-01
-1.355473995208740234e-01
-1.186023801565170288e-01
-1.689193099737167358e-01
1.945409774780273438e-01
1.649307012557983398e-01
-1.685967482626438141e-02
-1.597335040569305420e-01
1.356682628393173218e-01
1.085183918476104736e-01
1.562011092901229858e-01
1.578875333070755005e-01
1.055616289377212524e-01
-1.816101074218750000e-01
-1.971493475139141083e-02
1.068477854132652283e-01
-1.920989304780960083e-01
-1.703127324581146240e-01
-6.134906783699989319e-02
1.129546314477920532e-01
-1.859641820192337036e-01
6.409621983766555786e-02
-8.706878125667572021e-02
1.283920258283615112e-01
-8.107857406139373779e-02
-3.530221059918403625e-02
-1.592763811349868774e-01
-6.170678883790969849e-02
1.773538440465927124e-01
-9.086512029170989990e-02
-1.392707526683807373e-01
2.973617985844612122e-02
1.525808423757553101e-01
1.150558069348335266e-01
-1.351922154426574707e-01
4.819395765662193298e-02
-6.126108765602111816e-02
-1.108283400535583496e-01
9.743911772966384888e-02
-8.486961573362350464e-02
-5.684012919664382935e-02
-6.458345055580139160e-02
1.556047350168228149e-01
1.825413852930068970e-01
1.011870652437210083e-01
-4.660153761506080627e-02
1.385150104761123657e-01
-1.697097532451152802e-02
-2.931160293519496918e-02
-5.394177976995706558e-03
1.906465888023376465e-01
1.612321734428405762e-01
-1.102393195033073425e-01
7.588839624077081680e-03
2.076888233423233032e-01
-1.081446930766105652e-01
1.748421937227249146e-01
-1.614561527967453003e-01
8.151671290397644043e-02
-7.955519855022430420e-02
8.122243732213973999e-02
9.585529565811157227e-03
-1.132515221834182739e-01
-7.790753990411758423e-02
-7.740300148725509644e-03
1.151974648237228394e-01
8.110517263412475586e-02
-2.014242485165596008e-02
1.303896754980087280e-01
-1.514773964881896973e-01
1.169555485248565674e-01
-9.037365019321441650e-02
1.321071386337280273e-01
-1.446783393621444702e-01
-1.421947926282882690e-01
-6.678827106952667236e-02
7.488469779491424561e-02
-1.305240094661712646e-01
4.735229536890983582e-02
1.833807229995727539e-01
-1.706117019057273865e-02
8.458399027585983276e-02
8.940494060516357422e-02
1.117082163691520691e-01
8.530154824256896973e-02
-1.188890039920806885e-01
1.449868381023406982e-01
-1.628525555133819580e-01
1.182818412780761719e-01
1.434612125158309937e-01
1.829738169908523560e-01
-9.587766975164413452e-02
6.747344881296157837e-02
-8.506886661052703857e-02
-8.826537430286407471e-02
-1.483810693025588989e-01
-5.508666113018989563e-02
-1.955351829528808594e-01
-9.227875620126724243e-02
1.433186531066894531e-01
-3.036263165995478630e-03
-4.427264630794525146e-02
-3.123874776065349579e-02
1.184087842702865601e-01
9.141967445611953735e-02
7.755942642688751221e-02
-1.198041662573814392e-01
1.181406155228614807e-01
1.113372743129730225e-01
1.864202693104743958e-02
-3.056364832445979118e-03
-1.396083235740661621e-01
1.143644526600837708e-01
1.035360544919967651e-01
-1.207229420542716980e-01
-2.899707257747650146e-01
1.800728961825370789e-02
1.647233963012695312e-01
1.165762543678283691e-01
4.268579185009002686e-03
-1.432481706142425537e-01
-8.218749612569808960e-02
-1.188801229000091553e-01
-5.060107260942459106e-02
-5.373546853661537170e-02
-2.387078255414962769e-01
9.402689337730407715e-02
5.183619260787963867e-02
-1.452242285013198853e-01
-5.142351239919662476e-02
-3.353512659668922424e-02
1.593933701515197754e-01
1.070056110620498657e-01
-4.147263243794441223e-02
-2.074752375483512878e-02
9.050787240266799927e-02
7.709814608097076416e-02
7.494197040796279907e-02
-1.464491933584213257e-01
-2.105304598808288574e-02
9.723248332738876343e-02
-1.206442937254905701e-01
-1.609001606702804565e-01
-5.595817416906356812e-02
1.851655244827270508e-01
-8.092024177312850952e-02
-3.011843003332614899e-02
1.082841306924819946e-01
-1.948881596326828003e-01
1.384564191102981567e-01
1.189394816756248474e-01
2.308538928627967834e-02
9.073956310749053955e-02
-5.899434536695480347e-02
1.425308436155319214e-01
-5.623031407594680786e-02
-2.307089716196060181e-01
-4.987120628356933594e-03
1.313614845275878906e-01
1.657799333333969116e-01
8.896069973707199097e-02
-1.352811306715011597e-01
-1.628484576940536499e-01
5.869302898645401001e-02
-4.919717833399772644e-02
1.493113189935684204e-01
-1.250896453857421875e-01
1.240066960453987122e-01
-4.148536175489425659e-02
9.976299107074737549e-02
1.792448610067367554e-01
-3.406923636794090271e-02
1.439345777034759521e-01
-1.317029446363449097e-01
-1.452063918113708496e-01
-1.277642101049423218e-01
1.125601530075073242e-01
-1.320791691541671753e-01
-1.145057678222656250e-01
-1.341083496809005737e-01
1.195192486047744751e-01
-9.459693729877471924e-02
-1.493929475545883179e-01
1.158398017287254333e-01
9.671171009540557861e-02
-1.200642511248588562e-01
-1.368259191513061523e-01
-8.173053711652755737e-02
-1.290349569171667099e-02
-2.630552463233470917e-02
-1.376225501298904419e-01
-1.156639494001865387e-02
-1.592859625816345215e-01
-5.004866421222686768e-02
1.372479647397994995e-01
1.167890727519989014e-01
1.274357885122299194e-01
-1.273518800735473633e-01
-8.899741619825363159e-02
9.564969688653945923e-02
-1.101891547441482544e-01
-1.861491203308105469e-01
-6.871226429939270020e-02
1.975872516632080078e-01
-1.380787491798400879e-01
-4.645240679383277893e-02
6.115664169192314148e-02
-1.966641545295715332e-01
-8.107567578554153442e-02
7.794193178415298462e-02
1.643083840608596802e-01
-4.420833289623260498e-02
8.061667531728744507e-02
-9.388110786676406860e-02
-4.297736287117004395e-02
1.588490158319473267e-01
-4.515609517693519592e-02
-1.261430233716964722e-01
-1.431559771299362183e-01
-4.778927937150001526e-02
9.156966209411621094e-02
1.292726546525955200e-01
-1.655062139034271240e-01
-1.413062065839767456e-01
-1.031423956155776978e-01
-1.605058312416076660e-01
2.894167229533195496e-02
-8.263560384511947632e-02
1.590091586112976074e-01
-2.321902066469192505e-01
-1.269415766000747681e-01
7.545154541730880737e-02
-1.299583017826080322e-01
-1.726306378841400146e-01
-2.937978878617286682e-02
1.505281180143356323e-01
3.189667314291000366e-02
5.622920393943786621e-02
-9.700515121221542358e-02
-1.520900726318359375e-01
1.452562063932418823e-01
6.618775427341461182e-02
-3.269327804446220398e-02
1.326904296875000000e-01
-1.074066683650016785e-01
-7.182002812623977661e-02
1.153755187988281250e-01
1.516706049442291260e-01
-5.325824022293090820e-02
1.515926122665405273e-01
1.068578734993934631e-01
-5.069066584110260010e-02
-4.033476859331130981e-02
1.495973020792007446e-01
1.186521351337432861e-02
-1.440943628549575806e-01
-9.659829735755920410e-02
1.164319962263107300e-01
1.107063665986061096e-01
-1.587295234203338623e-01
-1.007371321320533752e-01
1.532442420721054077e-01
2.356735058128833771e-02
4.768652096390724182e-02
1.702539063990116119e-02
-1.187957897782325745e-01
1.472143828868865967e-01
3.977574035525321960e-02
9.310004115104675293e-02
4.230775870382785797e-03
-1.270007789134979248e-01
-1.913742125034332275e-01
-4.703419283032417297e-02
-9.137384593486785889e-02
-7.700636237859725952e-02
-2.177055329084396362e-01
1.363351047039031982e-01
-1.440985798835754395e-01
-4.798786714673042297e-02
-6.248461827635765076e-02
1.579542607069015503e-01
6.744403392076492310e-02
-1.851354390382766724e-01
-7.847625017166137695e-02
-9.831495583057403564e-03
1.372612118721008301e-01
-6.513348966836929321e-02
-1.924720257520675659e-01
-1.584842354059219360e-01
1.261693835258483887e-01
1.305592656135559082e-01
1.763188540935516357e-01
1.261979341506958008e-01
1.456791311502456665e-01
-1.257529705762863159e-01
4.304851591587066650e-02
-1.949582844972610474e-01
-2.001678794622421265e-01
-1.350511163473129272e-01
1.503124982118606567e-01
-4.993657022714614868e-02
-2.339162677526473999e-01
1.378088742494583130e-01
1.927222907543182373e-01
-2.627148032188415527e-01
-9.258339554071426392e-02
2.223206907510757446e-01
-2.280911952257156372e-01
4.673599079251289368e-02
1.042889505624771118e-01
1.964348405599594116e-01
-6.316593289375305176e-02
1.378488093614578247e-01
-1.008717715740203857e-01
6.438191980123519897e-02
-2.782101370394229889e-02
-2.363821305334568024e-02
-1.198998317122459412e-01
-1.221516951918601990e-01
1.501446962356567383e-01
-1.820963472127914429e-01
6.278139352798461914e-02
1.572913527488708496e-01
-1.823895722627639771e-01
1.099483296275138855e-01
3.680435940623283386e-02
-1.705860942602157593e-01
-2.088887691497802734e-01
1.332808434963226318e-01
-8.519298583269119263e-02
-5.314331501722335815e-02
-7.921496778726577759e-02
1.348445750772953033e-02
6.712700426578521729e-02
-1.749002784490585327e-01
1.589211225509643555e-01
-2.410310059785842896e-01
1.011765971779823303e-01
8.528196811676025391e-02
1.096849143505096436e-01
6.923299282789230347e-02
-1.590905189514160156e-01
-1.065256074070930481e-01
8.676583319902420044e-02
1.256813704967498779e-01
-1.932012140750885010e-01
-1.566968113183975220e-01
1.766915619373321533e-01
-1.865600049495697021e-01
-9.964333474636077881e-02
-1.505787223577499390e-01
-1.217003092169761658e-01
9.044520556926727295e-02
-2.194455415010452271e-01
-1.686191111803054810e-01
-1.266293525695800781e-01
9.004785120487213135e-02
2.040783911943435669e-01
-1.505698412656784058e-01
-1.166708096861839294e-01
-2.465970963239669800e-01
1.222397685050964355e-01
-1.438254117965698242e-01
-2.948280572891235352e-01
-2.498116111382842064e-03
-1.743479222059249878e-01
-1.498781442642211914e-01
-2.343330234289169312e-01
1.182499229907989502e-01
-3.332702443003654480e-02
-1.041629016399383545e-01
1.639409363269805908e-01
-4.038281366229057312e-02
8.115170896053314209e-02
1.304335296154022217e-01
1.018996089696884155e-01
-7.440851768478751183e-04
7.024501264095306396e-02
-1.504316180944442749e-01
1.459497213363647461e-01
-1.210429333150386810e-02
1.830542534589767456e-01
8.631178736686706543e-02
5.885916203260421753e-02
1.247985363006591797e-01
-5.454045534133911133e-02
9.995529055595397949e-02
1.778395324945449829e-01
1.835396587848663330e-01
-1.126098334789276123e-01
1.483703255653381348e-01
1.134545952081680298e-01
-1.033827960491180420e-01
1.584876030683517456e-01
-1.184045895934104919e-01
7.817724719643592834e-03
-3.897691518068313599e-02
-7.991688698530197144e-02
-1.804242655634880066e-02
2.325035035610198975e-01
-1.911123096942901611e-01
7.067554444074630737e-02
1.266368925571441650e-01
-8.329381234943866730e-03
-5.160760506987571716e-02
1.090161651372909546e-01
-3.345373272895812988e-02
-4.340760782361030579e-02
1.251924932003021240e-01
-1.783040612936019897e-01
-1.228022053837776184e-01
-1.256311386823654175e-01
-1.037410572171211243e-01
1.782572418451309204e-01
1.441908925771713257e-01
-1.420942991971969604e-01
1.342493593692779541e-01
1.562864929437637329e-01
-6.050249189138412476e-02
7.622327655553817749e-02
-2.373111099004745483e-01
1.214816421270370483e-01
-2.063305675983428955e-01
9.486121684312820435e-02
1.318101882934570312e-01
9.957774728536605835e-02
1.576109230518341064e-01
-2.648618519306182861e-01
1.905771046876907349e-01
-2.296569943428039551e-01
-1.761557608842849731e-01
9.297043085098266602e-02
-1.083523258566856384e-01
-1.367444097995758057e-01
-9.924572706222534180e-02
2.085226923227310181e-01
5.581917986273765564e-02
-9.950568526983261108e-02
1.326874792575836182e-01
1.279113292694091797e-01
-3.292991220951080322e-02
8.403619751334190369e-03
-1.128170043230056763e-01
-8.995217084884643555e-02
-1.509254276752471924e-01
1.405954509973526001e-01
4.647462815046310425e-02
5.315208435058593750e-02
-1.488291323184967041e-01
-1.455240696668624878e-01
-6.484827399253845215e-02
-7.017859816551208496e-02
1.430170238018035889e-01
-3.073781356215476990e-02
-4.965424910187721252e-02
1.207233443856239319e-01
1.410675197839736938e-01
-7.810285687446594238e-02
-9.066569805145263672e-02
1.682765334844589233e-01
1.035450920462608337e-01
-2.438113242387771606e-01
-2.117587439715862274e-02
1.251957565546035767e-01
1.782626062631607056e-01
1.381963640451431274e-01
1.474536806344985962e-01
1.542961746454238892e-01
-1.197602599859237671e-01
-1.348246634006500244e-01
-9.151163697242736816e-02
8.933967351913452148e-02
-6.475798040628433228e-02
-4.937430471181869507e-02
1.659753620624542236e-01
1.256685554981231689e-01
-7.422137260437011719e-02
1.309176832437515259e-01
-1.703954637050628662e-01
-2.496358193457126617e-02
9.672581218183040619e-03
1.467758566141128540e-01
7.404921203851699829e-02
1.335188448429107666e-01
1.647831685841083527e-02
1.314620822668075562e-01
1.276537775993347168e-01
1.209101006388664246e-01
2.125145196914672852e-01
-1.318016741424798965e-02
1.688897173153236508e-04
-1.301288604736328125e-01
1.467905193567276001e-01
4.718983918428421021e-02
8.119569160044193268e-03
1.261822879314422607e-01
-2.199565805494785309e-02
-3.758681192994117737e-02
1.345709711313247681e-01
-1.077152714133262634e-01
-1.385458409786224365e-01
-5.787264555692672729e-02
-9.406942874193191528e-02
-1.487469375133514404e-01
8.421606570482254028e-02
-2.055143415927886963e-01
-1.182921230792999268e-01
2.233235836029052734e-01
-1.213161423802375793e-01
-1.060579046607017517e-01
-1.302854716777801514e-01
1.051288619637489319e-01
8.777998387813568115e-02
1.381801962852478027e-01
-9.546269662678241730e-03
6.563779711723327637e-02
-5.651062354445457458e-02
-1.840960606932640076e-02
-7.031995803117752075e-02
5.288385972380638123e-02
-1.992082223296165466e-03
8.075518906116485596e-02
-1.516394317150115967e-01
1.320371124893426895e-02
-2.407354265451431274e-01
-1.322267651557922363e-01
1.013846397399902344e-01
9.215680509805679321e-02
6.296292413026094437e-03
-6.810723990201950073e-02
2.094303220510482788e-01
-4.855469614267349243e-02
-4.200040362775325775e-03
-4.970753192901611328e-02
2.042297832667827606e-02
6.369558721780776978e-02
-5.951091274619102478e-02
-7.444677874445915222e-03
8.521156013011932373e-02
1.942335963249206543e-01
-1.361218001693487167e-02
5.147183779627084732e-03
1.427755206823348999e-01
-3.139468654990196228e-02
1.391885131597518921e-01
-2.009782642126083374e-01
-6.293091177940368652e-02
-1.083135008811950684e-01
-1.075211763381958008e-01
-1.384672373533248901e-01
1.134983897209167480e-01
-7.213711738586425781e-02
-1.940118223428726196e-01
6.640506326220929623e-04
3.591363131999969482e-02
-1.144644524902105331e-02
7.364676147699356079e-02
1.376485973596572876e-01
-8.994073420763015747e-02
-2.035301029682159424e-01
1.699811816215515137e-01
1.421514749526977539e-01
-4.969604313373565674e-02
1.144434437155723572e-01
-9.042306244373321533e-02
-1.145337000489234924e-01
-1.435409188270568848e-01
-3.701895102858543396e-02
-1.488872021436691284e-01
3.452593088150024414e-02
-6.169360131025314331e-02
1.288418322801589966e-01
8.472885936498641968e-02
1.820682138204574585e-01
1.733931005001068115e-01
-1.415162831544876099e-01
1.493390500545501709e-01
-9.443683922290802002e-02
1.265219300985336304e-01
1.050733327865600586e-01
-1.402854621410369873e-01
2.516374923288822174e-02
-4.987736046314239502e-02
1.599427312612533569e-01
4.581385850906372070e-02
6.923171132802963257e-02
1.443467438220977783e-01
1.242444664239883423e-01
6.284231692552566528e-02
3.952027112245559692e-02
7.403566688299179077e-02
-1.492037922143936157e-01
1.377966403961181641e-01
1.716986000537872314e-01
4.163305275142192841e-03
-8.900363743305206299e-02
1.190587282180786133e-01
-7.498034834861755371e-02
-9.067106875590980053e-04
-1.512447893619537354e-01
-1.104608029127120972e-01
1.513511240482330322e-01
1.542142927646636963e-01
-1.426449418067932129e-01
1.207834258675575256e-01
-6.849474459886550903e-02
1.609719544649124146e-01
1.361549943685531616e-01
-1.416465342044830322e-01
8.459162712097167969e-02
1.341758072376251221e-01
-1.407259404659271240e-01
-2.180026620626449585e-01
-1.802869439125061035e-01
1.645913422107696533e-01
1.430642604827880859e-01
6.836995482444763184e-02
9.257560968399047852e-02
8.084112405776977539e-02
1.430046856403350830e-01
-2.143297791481018066e-01
7.773712277412414551e-02
6.731933355331420898e-02
7.037981599569320679e-02
9.400651603937149048e-02
5.094717070460319519e-02
-6.978594511747360229e-02
3.044875897467136383e-02
2.476509213447570801e-01
1.014229431748390198e-01
-1.542777270078659058e-01
-4.023464769124984741e-02
-1.067514121532440186e-01
-2.103898301720619202e-02
-6.597866117954254150e-02
2.935561537742614746e-02
1.277308315038681030e-01
1.011641845107078552e-01
-1.614141762256622314e-01
1.030714660882949829e-01
-1.091946512460708618e-01
1.321019418537616730e-02
1.179524883627891541e-01
-9.150443226099014282e-02
-8.180747926235198975e-02
1.278948783874511719e-01
-3.247297182679176331e-02
3.429855778813362122e-02
5.918059870600700378e-02
-8.430260419845581055e-02
1.272245943546295166e-01
-1.334478147327899933e-02
-1.630535721778869629e-01
1.040131077170372009e-01
-1.467473655939102173e-01
-1.000452637672424316e-01
-4.206508398056030273e-02
-7.911480218172073364e-02
-9.469041973352432251e-02
9.580226242542266846e-02
2.058792263269424438e-01
-1.188327223062515259e-01
9.198690950870513916e-02
5.156540870666503906e-02
-1.722619235515594482e-01
-5.539959669113159180e-02
6.975850462913513184e-02
2.212669849395751953e-01
-5.436009541153907776e-02
-6.815305352210998535e-02
-6.920708715915679932e-02
7.906667143106460571e-02
-4.336880147457122803e-02
-1.794094890356063843e-01
1.483626365661621094e-01
-4.652851726859807968e-03
-8.351965993642807007e-02
3.842537105083465576e-02
-8.084759116172790527e-02
-1.686962097883224487e-01
-8.857148885726928711e-02
-1.244310066103935242e-01
2.882460318505764008e-02
9.377834200859069824e-02
-2.014779746532440186e-01
1.228254586458206177e-01
1.446960568428039551e-01
2.418334037065505981e-02
3.661519289016723633e-02
3.543464466929435730e-02
1.501956284046173096e-01
-1.795116513967514038e-01
-1.599552184343338013e-01
1.890117116272449493e-02
-1.939443126320838928e-02
1.102931946516036987e-01
9.079060703516006470e-02
-1.618964411318302155e-02
1.758485436439514160e-01
1.684084981679916382e-01
1.746466308832168579e-01
7.658237963914871216e-02
1.993329972028732300e-01
1.114972457289695740e-01
1.313865631818771362e-01
-8.564201183617115021e-03
-1.280035171657800674e-02
-5.851550027728080750e-02
1.275871396064758301e-01
-1.360582262277603149e-01
2.019812464714050293e-01
-1.365758776664733887e-01
-5.152319371700286865e-02
-1.514425873756408691e-01
1.443367600440979004e-01
-1.196177974343299866e-01
-1.044182702898979187e-01
1.562848389148712158e-01
1.000018864870071411e-01
1.173340007662773132e-01
7.438229769468307495e-02
-1.008759513497352600e-01
-9.359720349311828613e-02
-7.897028326988220215e-02
1.145180985331535339e-01
1.544441282749176025e-01
9.808101458474993706e-04
-1.228850632905960083e-01
1.195788681507110596e-01
6.032839789986610413e-02
-1.041365191340446472e-01
9.797292202711105347e-02
1.968399621546268463e-02
-7.895063608884811401e-02
9.458452463150024414e-02
5.645311996340751648e-02
9.780946373939514160e-02
-5.536687374114990234e-02
-7.664205133914947510e-02
-2.446267306804656982e-01
-9.439339488744735718e-02
7.920591533184051514e-02
1.648291647434234619e-01
-1.797724664211273193e-01
1.444086283445358276e-01
1.907206326723098755e-01
-4.843908362090587616e-03
-1.061509400606155396e-01
9.796387702226638794e-02
-2.626959793269634247e-02
-7.799340039491653442e-02
1.224081665277481079e-01
-5.389980599284172058e-02
-4.476555623114109039e-03
-8.693833649158477783e-02
-1.108408090658485889e-03
1.064909547567367554e-01
1.233806461095809937e-01
-1.309096515178680420e-01
-4.221595823764801025e-02
-2.065566182136535645e-01
9.645111113786697388e-02
-1.260974854230880737e-01
-1.156566515564918518e-01
-9.995212405920028687e-02
-4.204988013952970505e-03
1.344630867242813110e-01
7.408881187438964844e-02
-6.141378358006477356e-02
-1.472731530666351318e-01
-1.513500064611434937e-01
-1.225008722394704819e-02
1.950457841157913208e-01
-9.274914860725402832e-02
-4.530670121312141418e-02
-2.390042394399642944e-01
-4.299366101622581482e-02
-1.495806425809860229e-01
1.597815379500389099e-02
-9.605633094906806946e-03
4.406780749559402466e-02
-6.829286366701126099e-02
2.022380940616130829e-02
1.061796694993972778e-01
1.035969406366348267e-01
1.498695164918899536e-01
4.635055363178253174e-02
1.342976689338684082e-01
1.462113950401544571e-02
9.487065672874450684e-02
9.271751344203948975e-02
-1.061754077672958374e-01
9.759440273046493530e-02
-5.389526486396789551e-02
-5.771492049098014832e-02
-1.507676243782043457e-01
6.112599372863769531e-02
-3.661009669303894043e-02
6.012748181819915771e-02
1.307642012834548950e-01
1.581092625856399536e-01
5.369961634278297424e-02
1.263360977172851562e-01
9.210482984781265259e-02
-8.457324653863906860e-02
1.864938251674175262e-02
-3.579365322366356850e-03
-5.141949653625488281e-02
1.337376236915588379e-01
1.505319923162460327e-01
5.704206973314285278e-02
2.281786175444722176e-03
5.860677361488342285e-02
1.538174152374267578e-01
1.381224370561540127e-03
7.174723595380783081e-02
1.499210298061370850e-01
1.077296808362007141e-01
-7.988408207893371582e-02
8.447404205799102783e-02
1.462826877832412720e-01
6.249143183231353760e-02
2.424824982881546021e-02
7.361057400703430176e-02
8.612743765115737915e-02
5.472765490412712097e-02
2.453847415745258331e-02
-2.113728970289230347e-01
-6.038050726056098938e-02
-4.248395934700965881e-02
6.882101297378540039e-02
8.109234273433685303e-02
1.267776489257812500e-01
-1.343785822391510010e-01
-1.799981743097305298e-01
-4.229988902807235718e-02
8.969806879758834839e-02
-1.473919004201889038e-01
1.258539259433746338e-01
1.627178341150283813e-01
-5.517124012112617493e-02
1.316169202327728271e-01
-7.640521228313446045e-02
5.226770043373107910e-02
6.891634315252304077e-02
-1.267441362142562866e-01
8.384054154157638550e-02
9.387528151273727417e-02
1.315911263227462769e-01
-9.324087947607040405e-02
6.139804795384407043e-02
6.962651014328002930e-02
2.644074615091085434e-03
1.358394045382738113e-02
1.538003385066986084e-01
8.297433704137802124e-02
-3.580162674188613892e-02
1.007669568061828613e-01
1.053989604115486145e-01
1.245914176106452942e-01
-6.823364645242691040e-02
5.151709169149398804e-02
-1.508386284112930298e-01
-3.758820518851280212e-02
-7.590484805405139923e-03
-4.242782667279243469e-02
-2.924969606101512909e-02
1.251374930143356323e-01
7.762280851602554321e-02
3.052431344985961914e-02
1.652484089136123657e-01
-1.086165904998779297e-01
1.057016178965568542e-01
-1.465734094381332397e-01
-3.138374909758567810e-02
1.272580921649932861e-01
9.427919238805770874e-02
-3.714858740568161011e-02
9.758911281824111938e-02
1.082385629415512085e-01
6.991761922836303711e-02
-1.502754092216491699e-01
7.725714147090911865e-02
-2.612084895372390747e-02
2.827627770602703094e-02
-1.427558213472366333e-01
-1.190149709582328796e-01
-7.426189631223678589e-02
1.003218740224838257e-01
2.204939909279346466e-02
7.322168350219726562e-02
-1.904222369194030762e-01
-8.620868436992168427e-03
-1.013766676187515259e-01
1.116570234298706055e-01
-6.419537961483001709e-02
-4.779921472072601318e-02
8.353751152753829956e-02
3.771331533789634705e-02
6.024259701371192932e-02
-2.145140245556831360e-02
1.398334950208663940e-01
-7.934124208986759186e-03
5.346054956316947937e-02
3.020175173878669739e-02
8.592405915260314941e-02
-1.912269555032253265e-02
-6.170524284243583679e-03
2.680337056517601013e-02
-1.379223316907882690e-01
8.299513161182403564e-02
-1.506944466382265091e-02
1.061215549707412720e-01
-3.082302957773208618e-02
-7.722272723913192749e-02
8.289008587598800659e-02
-1.461655646562576294e-01
2.871088311076164246e-02
-1.227094009518623352e-01
4.506139084696769714e-02
1.214736476540565491e-01
-1.155277490615844727e-01
8.986904472112655640e-02
-1.751894131302833557e-02
1.920085698366165161e-01
-1.646973006427288055e-02
1.029432788491249084e-01
-3.691072762012481689e-02
4.222317039966583252e-02
1.092979386448860168e-01
6.676363293081521988e-03
-5.787494033575057983e-02
1.774047315120697021e-01
-1.922021657228469849e-01
1.266894340515136719e-01
4.277548566460609436e-02
-5.480754747986793518e-02
1.324381530284881592e-01
3.051504725590348244e-03
1.156807318329811096e-01
1.003294810652732849e-01
6.594092398881912231e-02
6.476403772830963135e-02
-6.193653866648674011e-02
-1.020523235201835632e-01
1.115494221448898315e-01
-1.721658161841332912e-03
1.125940158963203430e-01
-4.826760664582252502e-02
6.723043043166399002e-03
-6.283741444349288940e-02
-1.147517934441566467e-01
6.738040596246719360e-02
-8.145097643136978149e-02
-2.671671286225318909e-02
-1.112895458936691284e-01
-1.501785814762115479e-01
-1.275524199008941650e-01
-2.585092782974243164e-01
5.336202681064605713e-02
9.497922658920288086e-02
3.596461564302444458e-02
9.608941525220870972e-02
9.646061807870864868e-02
-2.268938571214675903e-01
-6.779889576137065887e-03
1.121387854218482971e-01
4.882661625742912292e-02
9.633500874042510986e-02
9.766895323991775513e-02
1.968313008546829224e-02
-4.202084988355636597e-02
8.884485810995101929e-02
1.620816439390182495e-01
-3.313162177801132202e-02
-2.403719425201416016e-01
-1.379457414150238037e-01
-4.863944486714899540e-04
-6.816702429205179214e-03
1.305585261434316635e-02
8.869411051273345947e-02
7.236202061176300049e-02
1.448707580566406250e-01
-1.574051231145858765e-01
-1.374980807304382324e-01
9.263017028570175171e-02
1.844891812652349472e-03
5.907186493277549744e-02
-9.781749546527862549e-02
-1.531691253185272217e-01
-1.758793294429779053e-01
-2.642183937132358551e-02
-1.226369664072990417e-01
-8.146876096725463867e-02
-3.759838268160820007e-02
1.164082661271095276e-01
-5.551905371248722076e-03
4.745631304103881121e-05
1.167150884866714478e-01
-1.831794828176498413e-01
-2.787913195788860321e-02
1.782245747745037079e-02
-7.344324141740798950e-02
-1.843378692865371704e-01
-2.993522770702838898e-02
-1.265419125556945801e-01
1.065795496106147766e-02
-9.241230436600744724e-04
-5.657954886555671692e-02
-1.650477573275566101e-02
-2.688777260482311249e-02
6.411883980035781860e-02
1.218877062201499939e-01
2.039807438850402832e-01
-1.005751788616180420e-01
-4.766317829489707947e-02
1.181880682706832886e-01
1.179289147257804871e-01
-1.671817153692245483e-01
-1.379164159297943115e-01
-6.400842964649200439e-02
9.570619463920593262e-02
1.300529837608337402e-01
-1.172027438879013062e-01
1.200146749615669250e-01
-1.464109271764755249e-01
1.208118945360183716e-01
1.025675013661384583e-01
1.552728861570358276e-01
-3.194301947951316833e-02
1.393640935420989990e-01
-1.002716943621635437e-01
-7.491242140531539917e-02
2.776680886745452881e-02
1.365506798028945923e-01
-1.329369992017745972e-01
-2.069595009088516235e-01
7.981465756893157959e-02
1.003186404705047607e-01
-3.522672131657600403e-02
5.410749092698097229e-02
5.943253263831138611e-02
1.193802356719970703e-01
1.180614680051803589e-01
-1.581533104181289673e-01
-1.814650720916688442e-03
7.311636209487915039e-02
1.463131792843341827e-02
-1.350656598806381226e-01
-8.939715474843978882e-02
9.701438248157501221e-02
-1.011205315589904785e-01
-5.688985809683799744e-02
-8.133954554796218872e-02
1.321430355310440063e-01
1.151168197393417358e-01
5.642882362008094788e-02
-1.756500452756881714e-01
1.370193362236022949e-01
1.115058958530426025e-01
-1.166568994522094727e-01
-1.167804822325706482e-01
5.724454298615455627e-02
9.403192251920700073e-02
1.358059048652648926e-01
-5.440590903162956238e-02
8.611665666103363037e-02
-1.140568554401397705e-01
5.341279134154319763e-02
8.572096377611160278e-02
-1.539786905050277710e-01
9.288235753774642944e-02
1.793892979621887207e-01
1.165620684623718262e-01
-5.763185769319534302e-02
-1.232277452945709229e-01
1.580648720264434814e-01
-6.951437890529632568e-02
-5.329553410410881042e-02
-7.990879565477371216e-02
8.635998703539371490e-03
8.928262628614902496e-03
8.298760652542114258e-02
-4.253470152616500854e-02
-3.459132835268974304e-02
-1.201006248593330383e-01
1.369884312152862549e-01
-8.316441625356674194e-02
1.300652325153350830e-01
-3.074474073946475983e-02
-5.049221590161323547e-02
1.279063075780868530e-01
-6.577226519584655762e-02
-1.475813537836074829e-01
1.375339776277542114e-01
-5.478643346577882767e-03
7.168091367930173874e-03
1.229192689061164856e-01
5.894922837615013123e-02
1.198819279670715332e-01
3.558526560664176941e-02
5.951881781220436096e-02
8.448846638202667236e-02
7.999048382043838501e-02
1.330247074365615845e-01
-1.790694743394851685e-01
-1.560971289873123169e-01
1.258316189050674438e-01
-4.432509467005729675e-02
1.177184656262397766e-01
1.472521424293518066e-01
1.043856218457221985e-01
4.019211605191230774e-02
-3.765423223376274109e-02
-1.408884078264236450e-01
1.517921090126037598e-01
1.392934769392013550e-01
1.901165693998336792e-01
6.074449792504310608e-02
9.998908638954162598e-02
-1.338432878255844116e-01
1.087672188878059387e-01
-3.751256316900253296e-02
1.438904702663421631e-01
-1.778520643711090088e-02
1.657747626304626465e-01
-1.512490510940551758e-01
6.935266405344009399e-02
3.895755112171173096e-02
1.073032915592193604e-01
6.444755196571350098e-02
3.509977832436561584e-02
1.018174886703491211e-01
-7.615881413221359253e-02
1.095725744962692261e-01
9.452559798955917358e-02
-2.334244400262832642e-01
3.735502809286117554e-02
2.004957348108291626e-01
-1.416315883398056030e-01
-8.501019328832626343e-03
7.261244207620620728e-02
-1.386546492576599121e-01
-1.253622118383646011e-02
1.191364154219627380e-01
-8.256857097148895264e-02
8.008361607789993286e-02
-5.365396291017532349e-02
-3.311628475785255432e-02
-2.646645009517669678e-01
-8.190908282995223999e-02
1.147184707224369049e-02
8.992456644773483276e-02
8.047277480363845825e-02
-3.261088728904724121e-01
-1.805443130433559418e-02
-7.837846875190734863e-03
1.185027211904525757e-01
-6.828047335147857666e-02
-1.683747768402099609e-01
9.734921157360076904e-02
-1.443254649639129639e-01
-1.256816834211349487e-01
1.249401792883872986e-01
6.296647340059280396e-02
-1.954599842429161072e-02
1.094227358698844910e-01
7.919934391975402832e-02
2.557389996945858002e-02
1.179817970842123032e-02
1.440329849720001221e-01
8.530522137880325317e-02
-6.468299031257629395e-02
-9.726451337337493896e-02
6.172807142138481140e-02
1.232060790061950684e-02
-2.698044776916503906e-01
-2.087273448705673218e-02
9.332288056612014771e-02
7.833863049745559692e-02
1.576498448848724365e-01
2.488555572926998138e-02
6.833587586879730225e-02
-3.151150420308113098e-02
-6.898869574069976807e-02
1.418367922306060791e-01
1.109761074185371399e-01
-2.089169621467590332e-01
1.526740193367004395e-01
-2.203322201967239380e-01
1.002014279365539551e-01
-7.670471817255020142e-02
-5.855822563171386719e-02
-2.847779355943202972e-02
-7.704580575227737427e-02
1.069383174180984497e-01
9.540931880474090576e-02
8.028499037027359009e-02
8.042631298303604126e-02
-1.348988246172666550e-02
1.037139073014259338e-01
4.624729230999946594e-02
1.756430231034755707e-02
-4.188902676105499268e-02
-3.158616647124290466e-02
-5.682514607906341553e-02
9.355947375297546387e-02
-1.827447116374969482e-01
-4.168254323303699493e-03
-1.258634477853775024e-01
1.377998590469360352e-01
-9.774596430361270905e-03
-6.858193874359130859e-02
-3.983284160494804382e-02
-2.113203257322311401e-01
-7.588135078549385071e-03
1.171571761369705200e-01
1.544023752212524414e-01
-1.143825352191925049e-01
1.066527143120765686e-01
-7.895360887050628662e-02
4.723791778087615967e-02
4.857277497649192810e-02
-1.426550596952438354e-01
1.691537350416183472e-01
9.043347835540771484e-02
-2.792214788496494293e-02
-2.962125092744827271e-02
-9.056900441646575928e-02
9.136985987424850464e-02
-4.226608574390411377e-02
-2.347780317068099976e-01
-1.600233316421508789e-01
-1.209095958620309830e-02
-1.364272087812423706e-01
1.296392176300287247e-02
