9.889482855796813965e-01
9.898420572280883789e-01
9.841607213020324707e-01
9.933117032051086426e-01
1.038990616798400879e+00
9.966693520545959473e-01
9.904773831367492676e-01
1.041329264640808105e+00
9.984101653099060059e-01
1.008550167083740234e+00
1.017856001853942871e+00
1.001607298851013184e+00
9.898475408554077148e-01
1.001900434494018555e+00
9.986686110496520996e-01
1.017429590225219727e+00
9.946806430816650391e-01
1.018603444099426270e+00
9.819003939628601074e-01
1.000775337219238281e+00
9.940249323844909668e-01
9.936919808387756348e-01
1.026334881782531738e+00
1.035826802253723145e+00
1.005445003509521484e+00
9.738329648971557617e-01
9.815372824668884277e-01
9.972552657127380371e-01
1.013260483741760254e+00
9.973092079162597656e-01
9.774214625358581543e-01
9.931002259254455566e-01
9.806572794914245605e-01
1.005476593971252441e+00
9.989662766456604004e-01
1.001007437705993652e+00
9.877082109451293945e-01
9.983217716217041016e-01
9.825508594512939453e-01
1.014256358146667480e+00
9.914616942405700684e-01
1.009958982467651367e+00
9.949769377708435059e-01
9.953891634941101074e-01
9.882384538650512695e-01
9.983907341957092285e-01
9.859009981155395508e-01
1.002730011940002441e+00
9.941243529319763184e-01
1.013252854347229004e+00
9.999509453773498535e-01
9.911277294158935547e-01
1.000941514968872070e+00
1.039122581481933594e+00
1.031445503234863281e+00
1.006621837615966797e+00
1.005338668823242188e+00
1.003581166267395020e+00
1.042676687240600586e+00
1.005202054977416992e+00
9.986277818679809570e-01
9.961808323860168457e-01
9.633150100708007812e-01
9.809825420379638672e-01
1.011961698532104492e+00
9.726189970970153809e-01
1.003037929534912109e+00
9.992145895957946777e-01
9.827708601951599121e-01
1.000054240226745605e+00
9.618880152702331543e-01
1.032218694686889648e+00
9.667695164680480957e-01
9.893994927406311035e-01
9.993516206741333008e-01
1.025880694389343262e+00
1.009271025657653809e+00
9.960344433784484863e-01
9.852012991905212402e-01
9.926725029945373535e-01
9.931908249855041504e-01
9.992677569389343262e-01
9.673097729682922363e-01
9.799692034721374512e-01
1.020812511444091797e+00
1.003507494926452637e+00
1.002116918563842773e+00
9.926306009292602539e-01
9.956255555152893066e-01
9.913516640663146973e-01
9.676060080528259277e-01
9.874163269996643066e-01
1.008119344711303711e+00
1.003137826919555664e+00
1.003930807113647461e+00
1.010673165321350098e+00
9.991233944892883301e-01
9.655730128288269043e-01
1.006109595298767090e+00
9.935796856880187988e-01
1.002381324768066406e+00
1.006059050559997559e+00
9.943433403968811035e-01
9.948755502700805664e-01
1.002766728401184082e+00
9.979587197303771973e-01
1.011006116867065430e+00
9.881762862205505371e-01
9.987024068832397461e-01
9.750421643257141113e-01
1.026886701583862305e+00
9.991491436958312988e-01
1.018564820289611816e+00
1.007187843322753906e+00
9.916963577270507812e-01
1.018669128417968750e+00
9.955969452857971191e-01
9.949839711189270020e-01
1.006093025207519531e+00
9.925122857093811035e-01
9.907040596008300781e-01
9.881355166435241699e-01
1.013228178024291992e+00
9.724715352058410645e-01
9.978749155998229980e-01
9.880179762840270996e-01
1.015745759010314941e+00
9.772071838378906250e-01
9.863620400428771973e-01
1.023288607597351074e+00
1.014129638671875000e+00
1.029856324195861816e+00
1.028704404830932617e+00
9.778232574462890625e-01
9.959918260574340820e-01
1.005336642265319824e+00
9.734744429588317871e-01
1.009423971176147461e+00
1.003566622734069824e+00
1.006647109985351562e+00
1.001197338104248047e+00
1.002109289169311523e+00
1.004903674125671387e+00
1.002614259719848633e+00
9.920420050621032715e-01
9.951263070106506348e-01
9.986266493797302246e-01
1.013465523719787598e+00
1.011114716529846191e+00
9.844149947166442871e-01
9.836369752883911133e-01
1.039779543876647949e+00
9.986132979393005371e-01
1.035674095153808594e+00
9.986585378646850586e-01
9.978715181350708008e-01
9.946739673614501953e-01
1.004911065101623535e+00
1.010734796524047852e+00
1.011076211929321289e+00
1.012489199638366699e+00
9.896977543830871582e-01
9.883279204368591309e-01
1.030125021934509277e+00
9.814123511314392090e-01
9.962584972381591797e-01
9.688993096351623535e-01
9.965624809265136719e-01
9.926360249519348145e-01
1.017854332923889160e+00
1.011605024337768555e+00
9.819383025169372559e-01
9.930594563484191895e-01
9.988499283790588379e-01
9.990748167037963867e-01
9.861494302749633789e-01
1.030870556831359863e+00
9.818182587623596191e-01
9.589185118675231934e-01
9.959722757339477539e-01
1.002190351486206055e+00
9.912080168724060059e-01
1.008310556411743164e+00
9.879455566406250000e-01
9.919008016586303711e-01
1.010995030403137207e+00
1.048585176467895508e+00
9.981048703193664551e-01
9.997059702873229980e-01
9.924175143241882324e-01
9.955239892005920410e-01
9.993293285369873047e-01
1.000038623809814453e+00
9.624568223953247070e-01
1.000662446022033691e+00
1.038288235664367676e+00
1.025564551353454590e+00
1.013257145881652832e+00
9.925664663314819336e-01
9.799386262893676758e-01
9.954057335853576660e-01
9.883703589439392090e-01
1.006934523582458496e+00
9.974888563156127930e-01
9.973762631416320801e-01
9.963372945785522461e-01
1.003260731697082520e+00
9.742214083671569824e-01
9.970129132270812988e-01
9.864439964294433594e-01
1.002106904983520508e+00
1.037857532501220703e+00
9.907123446464538574e-01
9.940879344940185547e-01
9.766657352447509766e-01
1.002204418182373047e+00
1.000803828239440918e+00
9.975406527519226074e-01
9.997070431709289551e-01
9.919789433479309082e-01
1.003179669380187988e+00
1.028759837150573730e+00
9.910842776298522949e-01
1.009181141853332520e+00
9.700302481651306152e-01
9.920768737792968750e-01
9.890634417533874512e-01
9.954943060874938965e-01
9.946870803833007812e-01
9.835568070411682129e-01
1.005757093429565430e+00
9.858771562576293945e-01
1.040718317031860352e+00
9.862747192382812500e-01
1.000947475433349609e+00
9.887778759002685547e-01
1.003462910652160645e+00
1.027985215187072754e+00
9.800933003425598145e-01
1.000520944595336914e+00
1.017688870429992676e+00
9.948797821998596191e-01
9.999523758888244629e-01
1.003034234046936035e+00
9.869418144226074219e-01
9.924790859222412109e-01
9.889810681343078613e-01
1.006856203079223633e+00
9.858708977699279785e-01
9.990996718406677246e-01
9.961695075035095215e-01
1.001076340675354004e+00
9.931753277778625488e-01
1.002427339553833008e+00
9.913917779922485352e-01
9.981638789176940918e-01
9.908033609390258789e-01
9.981160759925842285e-01
9.857277274131774902e-01
9.772164821624755859e-01
1.012348890304565430e+00
1.003538370132446289e+00
1.005137324333190918e+00
9.859662652015686035e-01
9.873791337013244629e-01
1.008970379829406738e+00
9.959738850593566895e-01
9.702243804931640625e-01
9.888291954994201660e-01
9.961020350456237793e-01
1.031378507614135742e+00
9.773054122924804688e-01
9.974619150161743164e-01
1.015710592269897461e+00
9.989000558853149414e-01
9.845337867736816406e-01
1.026456236839294434e+00
1.011999249458312988e+00
1.005183219909667969e+00
1.005960941314697266e+00
9.743793010711669922e-01
1.000236034393310547e+00
1.005001902580261230e+00
1.004215359687805176e+00
9.976524710655212402e-01
9.973235130310058594e-01
9.890283942222595215e-01
1.013944864273071289e+00
9.860556125640869141e-01
9.976974129676818848e-01
1.022113084793090820e+00
1.019583106040954590e+00
1.006954550743103027e+00
9.867511987686157227e-01
1.013998389244079590e+00
9.907830357551574707e-01
1.003378272056579590e+00
1.009972810745239258e+00
9.947113990783691406e-01
1.045415282249450684e+00
1.016436934471130371e+00
9.950091838836669922e-01
9.933971762657165527e-01
1.003512620925903320e+00
1.003497362136840820e+00
1.008308410644531250e+00
9.887124300003051758e-01
9.789094924926757812e-01
1.008521318435668945e+00
1.006327271461486816e+00
9.938820004463195801e-01
1.012286901473999023e+00
9.989109635353088379e-01
1.022253751754760742e+00
9.935992360115051270e-01
9.912015199661254883e-01
9.816153049468994141e-01
1.003762364387512207e+00
1.015195369720458984e+00
1.002392053604125977e+00
9.700810909271240234e-01
1.015132069587707520e+00
9.965718984603881836e-01
9.866280555725097656e-01
9.987170696258544922e-01
9.876458048820495605e-01
9.938073158264160156e-01
1.016650557518005371e+00
1.131532788276672363e+00
1.002283453941345215e+00
1.007536649703979492e+00
9.549295902252197266e-01
9.836864471435546875e-01
9.917505979537963867e-01
9.908114075660705566e-01
9.970074892044067383e-01
9.985740184783935547e-01
1.009581685066223145e+00
9.936086535453796387e-01
1.006110429763793945e+00
9.892703294754028320e-01
9.793226122856140137e-01
1.009546756744384766e+00
1.004294514656066895e+00
9.990366101264953613e-01
9.955414533615112305e-01
1.001832365989685059e+00
9.996496438980102539e-01
9.960649013519287109e-01
9.855094552040100098e-01
9.933300614356994629e-01
1.000127911567687988e+00
9.868557453155517578e-01
9.874951243400573730e-01
9.879517555236816406e-01
9.961307644844055176e-01
1.008510351181030273e+00
1.000041007995605469e+00
9.907112121582031250e-01
1.006540656089782715e+00
1.011469721794128418e+00
1.002019643783569336e+00
9.832416772842407227e-01
9.851832985877990723e-01
1.002657890319824219e+00
9.805517196655273438e-01
9.902153015136718750e-01
1.006915569305419922e+00
1.000791311264038086e+00
1.006515145301818848e+00
9.837486147880554199e-01
1.007215261459350586e+00
1.012890815734863281e+00
1.010180592536926270e+00
9.853342771530151367e-01
1.016393780708312988e+00
9.864337444305419922e-01
1.006188750267028809e+00
1.016959309577941895e+00
1.007612705230712891e+00
1.020401597023010254e+00
9.961716532707214355e-01
1.029475092887878418e+00
9.955047369003295898e-01
1.007074832916259766e+00
1.007929563522338867e+00
9.944539070129394531e-01
9.771066308021545410e-01
1.024653792381286621e+00
1.003174781799316406e+00
1.003660082817077637e+00
9.955347776412963867e-01
9.752892255783081055e-01
9.830678701400756836e-01
9.997001886367797852e-01
9.892637729644775391e-01
9.924420714378356934e-01
1.008386850357055664e+00
1.000873565673828125e+00
9.979481101036071777e-01
1.003387689590454102e+00
9.653021693229675293e-01
9.919337630271911621e-01
1.003400325775146484e+00
9.825375080108642578e-01
1.042636513710021973e+00
1.073702335357666016e+00
9.980189204216003418e-01
9.979060888290405273e-01
9.821890592575073242e-01
9.900923967361450195e-01
1.048663377761840820e+00
1.018532156944274902e+00
9.791189432144165039e-01
9.967989921569824219e-01
1.001780509948730469e+00
1.002439856529235840e+00
9.859168529510498047e-01
1.020737171173095703e+00
1.007532954216003418e+00
1.005834937095642090e+00
9.797401428222656250e-01
9.958359003067016602e-01
9.518546462059020996e-01
9.973712563514709473e-01
1.002657651901245117e+00
9.705544114112854004e-01
9.954667091369628906e-01
1.017998337745666504e+00
1.004068017005920410e+00
1.038333058357238770e+00
9.990382194519042969e-01
9.818829894065856934e-01
9.789012670516967773e-01
1.013031125068664551e+00
1.001448631286621094e+00
9.968877434730529785e-01
1.004385232925415039e+00
1.017361998558044434e+00
1.000992536544799805e+00
1.001775503158569336e+00
9.984982013702392578e-01
9.988803863525390625e-01
1.009929656982421875e+00
9.948781132698059082e-01
9.943971633911132812e-01
1.002489328384399414e+00
9.940809607505798340e-01
1.025037527084350586e+00
9.996441006660461426e-01
9.637051820755004883e-01
9.931917786598205566e-01
1.015416026115417480e+00
1.011262893676757812e+00
9.959581494331359863e-01
9.937596321105957031e-01
9.917798042297363281e-01
1.016480088233947754e+00
1.001330137252807617e+00
9.848964810371398926e-01
9.879996776580810547e-01
9.963837265968322754e-01
9.905927181243896484e-01
9.774548411369323730e-01
1.000228285789489746e+00
1.012506842613220215e+00
1.008862733840942383e+00
9.927614331245422363e-01
9.952634572982788086e-01
1.000496745109558105e+00
1.000351667404174805e+00
1.012058496475219727e+00
9.876629114151000977e-01
1.026283144950866699e+00
1.009277462959289551e+00
9.921688437461853027e-01
1.022553920745849609e+00
9.983597993850708008e-01
9.977454543113708496e-01
1.005548954010009766e+00
9.990738630294799805e-01
1.007766604423522949e+00
9.957176446914672852e-01
9.919615387916564941e-01
9.850824475288391113e-01
1.040036082267761230e+00
9.957324862480163574e-01
1.005526781082153320e+00
1.003247261047363281e+00
9.966982603073120117e-01
9.972938299179077148e-01
1.000396132469177246e+00
9.884527325630187988e-01
9.966881275177001953e-01
1.008675217628479004e+00
1.009379386901855469e+00
9.821400642395019531e-01
9.828292131423950195e-01
1.064668893814086914e+00
1.007883071899414062e+00
9.956241250038146973e-01
1.008407592773437500e+00
1.011998772621154785e+00
1.001180410385131836e+00
1.008577227592468262e+00
1.001016736030578613e+00
1.006731629371643066e+00
9.942506551742553711e-01
1.011766195297241211e+00
1.005353093147277832e+00
1.008758664131164551e+00
9.955852031707763672e-01
1.000816345214843750e+00
9.932251572608947754e-01
1.002289175987243652e+00
9.927666783332824707e-01
1.075241327285766602e+00
1.001801013946533203e+00
9.903494715690612793e-01
1.027421951293945312e+00
1.019690632820129395e+00
1.002618312835693359e+00
9.862905144691467285e-01
1.003482103347778320e+00
9.706057906150817871e-01
1.004534602165222168e+00
9.979389309883117676e-01
9.878037571907043457e-01
1.014496564865112305e+00
9.936336874961853027e-01
1.003712654113769531e+00
1.000903367996215820e+00
9.986369013786315918e-01
9.884858131408691406e-01
9.930383563041687012e-01
1.020230412483215332e+00
1.012690782546997070e+00
1.001190066337585449e+00
9.979150891304016113e-01
9.821370840072631836e-01
1.011736750602722168e+00
9.848539829254150391e-01
1.018210768699645996e+00
1.001591920852661133e+00
1.006520152091979980e+00
9.773395657539367676e-01
1.015332579612731934e+00
1.031344890594482422e+00
9.986706972122192383e-01
1.013229846954345703e+00
1.009102225303649902e+00
1.004837393760681152e+00
9.995102882385253906e-01
9.985962510108947754e-01
9.960011243820190430e-01
9.899655580520629883e-01
9.934474229812622070e-01
1.007654428482055664e+00
9.676586389541625977e-01
9.749895930290222168e-01
9.959087371826171875e-01
9.785184264183044434e-01
9.804700016975402832e-01
1.001225471496582031e+00
1.010331511497497559e+00
9.961403012275695801e-01
9.920383095741271973e-01
9.936090111732482910e-01
9.887785911560058594e-01
1.025550484657287598e+00
1.011354684829711914e+00
9.923024177551269531e-01
1.004222631454467773e+00
9.965443015098571777e-01
9.902749657630920410e-01
9.991826415061950684e-01
1.008264541625976562e+00
9.943601489067077637e-01
1.011486172676086426e+00
9.947456717491149902e-01
9.759057164192199707e-01
9.894553422927856445e-01
9.816190004348754883e-01
9.994753003120422363e-01
9.965587854385375977e-01
1.018636822700500488e+00
9.946184158325195312e-01
1.004979610443115234e+00
9.747440218925476074e-01
1.023612976074218750e+00
9.953143000602722168e-01
1.015066981315612793e+00
1.052820682525634766e+00
1.019226193428039551e+00
1.011935472488403320e+00
9.992125630378723145e-01
9.825661182403564453e-01
1.005668759346008301e+00
1.011890172958374023e+00
1.004463315010070801e+00
1.000005841255187988e+00
1.011582851409912109e+00
9.813573360443115234e-01
1.003774046897888184e+00
1.008813500404357910e+00
9.922518134117126465e-01
1.028985619544982910e+00
9.955866932868957520e-01
1.002030014991760254e+00
9.938554763793945312e-01
1.008772492408752441e+00
1.001594185829162598e+00
1.000052571296691895e+00
9.895159006118774414e-01
1.004903078079223633e+00
1.075291752815246582e+00
1.014768838882446289e+00
1.005217552185058594e+00
9.823558926582336426e-01
1.004956960678100586e+00
9.957066178321838379e-01
9.993478655815124512e-01
1.013508558273315430e+00
9.980371594429016113e-01
9.892268776893615723e-01
9.797030687332153320e-01
9.969810247421264648e-01
9.894747138023376465e-01
9.953313469886779785e-01
9.953181147575378418e-01
1.005294680595397949e+00
1.002122640609741211e+00
9.988779425621032715e-01
9.896090030670166016e-01
9.876065850257873535e-01
9.806723594665527344e-01
9.989445209503173828e-01
1.006567001342773438e+00
1.000161170959472656e+00
9.977463483810424805e-01
9.991497993469238281e-01
9.997716546058654785e-01
9.978979229927062988e-01
1.007660865783691406e+00
9.948703050613403320e-01
9.981679320335388184e-01
9.950118660926818848e-01
1.001264691352844238e+00
1.005070924758911133e+00
9.944891929626464844e-01
1.004101514816284180e+00
9.992722272872924805e-01
9.993028640747070312e-01
1.004496335983276367e+00
1.016971349716186523e+00
9.974660873413085938e-01
1.014791250228881836e+00
9.966937899589538574e-01
9.996289014816284180e-01
1.003194928169250488e+00
1.005303740501403809e+00
9.974979758262634277e-01
9.956756234169006348e-01
1.000231742858886719e+00
1.005669116973876953e+00
1.036735534667968750e+00
9.998421072959899902e-01
1.001324176788330078e+00
1.003924250602722168e+00
9.925128817558288574e-01
9.945838451385498047e-01
1.043217301368713379e+00
1.001638293266296387e+00
1.032330513000488281e+00
9.826800823211669922e-01
1.000128269195556641e+00
9.945986866950988770e-01
1.000114679336547852e+00
9.768530726432800293e-01
1.002585768699645996e+00
1.018037676811218262e+00
1.000681519508361816e+00
1.009926438331604004e+00
9.857422709465026855e-01
9.949163198471069336e-01
9.733580946922302246e-01
9.879170060157775879e-01
1.023898959159851074e+00
9.777786135673522949e-01
9.948606491088867188e-01
9.850492477416992188e-01
9.953678846359252930e-01
9.895721673965454102e-01
9.934211373329162598e-01
1.001176476478576660e+00
9.897715449333190918e-01
9.978507757186889648e-01
9.982621073722839355e-01
9.940172433853149414e-01
9.845893383026123047e-01
1.001829743385314941e+00
1.000582695007324219e+00
9.968884587287902832e-01
9.942899346351623535e-01
1.023540496826171875e+00
9.741850495338439941e-01
9.694144129753112793e-01
9.965444803237915039e-01
9.751105904579162598e-01
9.770181179046630859e-01
1.027501821517944336e+00
9.973814487457275391e-01
9.876140356063842773e-01
9.685606956481933594e-01
9.946001768112182617e-01
1.001897454261779785e+00
9.985675811767578125e-01
1.047821760177612305e+00
9.966151714324951172e-01
9.776667952537536621e-01
1.017271161079406738e+00
1.025585770606994629e+00
9.933326840400695801e-01
9.958983659744262695e-01
1.001527547836303711e+00
1.003710508346557617e+00
9.649307131767272949e-01
9.945899248123168945e-01
9.876947999000549316e-01
9.984601140022277832e-01
1.012295722961425781e+00
9.886475801467895508e-01
9.964725375175476074e-01
9.732483625411987305e-01
1.015838623046875000e+00
9.983368515968322754e-01
9.970063567161560059e-01
1.022360444068908691e+00
1.004744052886962891e+00
1.052098155021667480e+00
1.025241613388061523e+00
1.011196374893188477e+00
1.009655117988586426e+00
1.007286906242370605e+00
9.875743389129638672e-01
9.986180067062377930e-01
1.008173704147338867e+00
1.039672613143920898e+00
1.061912059783935547e+00
9.895150065422058105e-01
9.887874126434326172e-01
9.175919890403747559e-01
1.037797093391418457e+00
9.947627186775207520e-01
1.009872317314147949e+00
9.788163304328918457e-01
9.955064058303833008e-01
1.001478672027587891e+00
9.829744100570678711e-01
1.005683541297912598e+00
1.010385870933532715e+00
1.002031922340393066e+00
1.027744054794311523e+00
9.925354123115539551e-01
9.767997860908508301e-01
1.003345251083374023e+00
1.006838083267211914e+00
9.962931871414184570e-01
1.008684873580932617e+00
9.960127472877502441e-01
1.003277897834777832e+00
1.004002928733825684e+00
1.000554323196411133e+00
9.974821805953979492e-01
1.003247976303100586e+00
1.005203604698181152e+00
9.984450936317443848e-01
1.001800298690795898e+00
9.922596812248229980e-01
9.826152324676513672e-01
9.862239360809326172e-01
9.939098954200744629e-01
9.846489429473876953e-01
9.921765923500061035e-01
1.005130887031555176e+00
1.014207005500793457e+00
9.927865266799926758e-01
1.009814381599426270e+00
9.982470273971557617e-01
9.981245994567871094e-01
1.035414338111877441e+00
1.003326058387756348e+00
1.010909676551818848e+00
9.921938180923461914e-01
9.857131838798522949e-01
9.968395233154296875e-01
1.008581399917602539e+00
9.756125807762145996e-01
1.005708932876586914e+00
1.013176321983337402e+00
1.009256362915039062e+00
1.001564145088195801e+00
9.932203292846679688e-01
9.721302986145019531e-01
1.005227088928222656e+00
9.621102213859558105e-01
9.547904729843139648e-01
1.009607791900634766e+00
9.839254617691040039e-01
9.873569011688232422e-01
1.016204953193664551e+00
9.974026679992675781e-01
9.829828739166259766e-01
1.008700966835021973e+00
9.727727770805358887e-01
1.006774067878723145e+00
9.925727844238281250e-01
9.892354607582092285e-01
9.962655901908874512e-01
9.941227436065673828e-01
9.958100318908691406e-01
1.008857011795043945e+00
1.008831262588500977e+00
9.765200018882751465e-01
1.007758498191833496e+00
9.988476037979125977e-01
1.002723097801208496e+00
1.006490111351013184e+00
1.001781225204467773e+00
1.009010195732116699e+00
9.844027757644653320e-01
9.884427189826965332e-01
1.002228021621704102e+00
9.825709462165832520e-01
1.009138584136962891e+00
1.017084598541259766e+00
9.970497488975524902e-01
9.856017231941223145e-01
9.973829984664916992e-01
1.024219632148742676e+00
9.956991672515869141e-01
9.944383502006530762e-01
9.919244647026062012e-01
9.898209571838378906e-01
9.886156320571899414e-01
1.007434725761413574e+00
9.958103299140930176e-01
1.024316668510437012e+00
9.971294999122619629e-01
9.873859882354736328e-01
9.815853238105773926e-01
1.002037167549133301e+00
9.975540637969970703e-01
1.003530859947204590e+00
9.843205213546752930e-01
9.883946776390075684e-01
1.011932253837585449e+00
9.928020834922790527e-01
1.005238056182861328e+00
9.932445883750915527e-01
9.964643120765686035e-01
1.008806467056274414e+00
9.865942001342773438e-01
9.930570125579833984e-01
9.867890477180480957e-01
1.011428833007812500e+00
9.978664517402648926e-01
1.059623360633850098e+00
9.739683866500854492e-01
9.997543692588806152e-01
9.983270764350891113e-01
9.739880561828613281e-01
1.017843484878540039e+00
9.863383769989013672e-01
9.932944774627685547e-01
9.966762661933898926e-01
1.008897423744201660e+00
1.026056885719299316e+00
1.013192415237426758e+00
1.011037707328796387e+00
1.002840757369995117e+00
9.995721578598022461e-01
1.013393759727478027e+00
1.033697009086608887e+00
9.870026707649230957e-01
1.000237941741943359e+00
1.002722740173339844e+00
9.970667958259582520e-01
9.714934825897216797e-01
9.947522878646850586e-01
1.001034498214721680e+00
1.007767915725708008e+00
1.001001834869384766e+00
9.906740188598632812e-01
1.011159181594848633e+00
1.014514684677124023e+00
1.008076190948486328e+00
9.910763502120971680e-01
1.022941350936889648e+00
1.007235527038574219e+00
9.714016318321228027e-01
9.965910315513610840e-01
1.016463041305541992e+00
9.992048740386962891e-01
1.006858468055725098e+00
9.960515499114990234e-01
1.008122324943542480e+00
9.904513359069824219e-01
1.009794831275939941e+00
1.017326235771179199e+00
1.005386710166931152e+00
9.813722968101501465e-01
9.848598241806030273e-01
9.876602292060852051e-01
1.006559729576110840e+00
1.032815337181091309e+00
9.869458079338073730e-01
9.849757552146911621e-01
9.982585310935974121e-01
9.877986311912536621e-01
9.979293942451477051e-01
9.915322065353393555e-01
9.893198013305664062e-01
9.944200515747070312e-01
1.006621241569519043e+00
9.945242404937744141e-01
9.745150804519653320e-01
1.040608286857604980e+00
1.014056682586669922e+00
1.017137169837951660e+00
9.848482608795166016e-01
9.933297634124755859e-01
9.936483502388000488e-01
1.009209871292114258e+00
1.008524298667907715e+00
9.727366566658020020e-01
1.061583399772644043e+00
9.930387735366821289e-01
9.968321919441223145e-01
9.872901439666748047e-01
1.003489613533020020e+00
1.014949917793273926e+00
9.847881197929382324e-01
9.966815114021301270e-01
1.006619691848754883e+00
1.002866983413696289e+00
1.003591418266296387e+00
9.985712170600891113e-01
9.720892310142517090e-01
1.001306176185607910e+00
9.963355660438537598e-01
1.009958267211914062e+00
1.001270771026611328e+00
9.856067895889282227e-01
1.001114726066589355e+00
9.788723587989807129e-01
1.000581264495849609e+00
1.010777950286865234e+00
9.980947971343994141e-01
1.008667588233947754e+00
1.019373297691345215e+00
9.843716621398925781e-01
1.028193473815917969e+00
9.924628138542175293e-01
9.879567623138427734e-01
9.815921783447265625e-01
1.003805398941040039e+00
9.814881086349487305e-01
1.012475371360778809e+00
9.924005270004272461e-01
9.720536470413208008e-01
1.001299142837524414e+00
9.898764491081237793e-01
1.007625341415405273e+00
9.848545789718627930e-01
1.000773072242736816e+00
9.876844286918640137e-01
1.006141662597656250e+00
1.051771759986877441e+00
1.000389456748962402e+00
9.823395609855651855e-01
1.001042366027832031e+00
1.002603054046630859e+00
1.007083177566528320e+00
9.960403442382812500e-01
1.061637997627258301e+00
1.030270338058471680e+00
1.004566311836242676e+00
1.001931190490722656e+00
1.007212519645690918e+00
9.841600060462951660e-01
1.021610379219055176e+00
9.887592196464538574e-01
9.722242951393127441e-01
1.031427025794982910e+00
1.028440117835998535e+00
9.916245937347412109e-01
9.867551922798156738e-01
9.855445027351379395e-01
9.925174117088317871e-01
9.230517745018005371e-01
1.031799435615539551e+00
1.019663810729980469e+00
1.001459360122680664e+00
1.003786444664001465e+00
9.841294884681701660e-01
1.006548285484313965e+00
9.755046367645263672e-01
9.947654604911804199e-01
1.008788943290710449e+00
1.008331775665283203e+00
9.930178523063659668e-01
1.023032546043395996e+00
9.955298304557800293e-01
1.022932767868041992e+00
9.708765745162963867e-01
1.000377774238586426e+00
9.897021055221557617e-01
9.961382746696472168e-01
1.048083782196044922e+00
1.004004597663879395e+00
9.826397895812988281e-01
9.872376918792724609e-01
1.016460657119750977e+00
