1.012184023857116699e-01
-3.130262717604637146e-02
-1.205177679657936096e-01
-6.979477405548095703e-02
1.021049171686172485e-01
5.735628679394721985e-02
-1.807640045881271362e-01
-1.093681454658508301e-01
-1.430332660675048828e-01
-1.604420989751815796e-01
-4.552710056304931641e-02
-3.640577895566821098e-03
1.134434491395950317e-01
1.550606936216354370e-01
1.088214572519063950e-02
3.434988111257553101e-02
8.083932101726531982e-02
-7.837570272386074066e-03
2.126470766961574554e-02
1.659103296697139740e-02
1.113905236124992371e-01
-5.355297401547431946e-02
1.328804437071084976e-02
1.537254452705383301e-01
1.170779690146446228e-01
8.965724706649780273e-02
-3.194725513458251953e-01
-3.487362293526530266e-03
-3.669689595699310303e-02
-1.099137589335441589e-01
-1.228753291070461273e-02
1.468952596187591553e-01
-1.650717854499816895e-01
-3.547312691807746887e-02
-3.545733541250228882e-02
-2.423630356788635254e-01
7.335808593779802322e-03
1.790108978748321533e-01
2.023485861718654633e-02
-2.968345209956169128e-02
-1.447003632783889771e-01
-4.054141640663146973e-01
-3.111994266510009766e-01
1.022579669952392578e-01
-2.498816251754760742e-01
-7.852613180875778198e-02
-9.068254381418228149e-03
7.608231902122497559e-02
1.366594880819320679e-01
4.284077137708663940e-02
-2.757246196269989014e-01
-3.979213833808898926e-01
-9.187143296003341675e-03
-4.629949107766151428e-02
-2.928561270236968994e-01
7.308544963598251343e-02
-1.956014148890972137e-02
5.331895872950553894e-02
-1.965237967669963837e-02
-2.781655788421630859e-01
-4.361508414149284363e-03
-1.623084023594856262e-02
-1.248578801751136780e-01
-9.618213772773742676e-02
