1.380309229716658592e-03
1.700065843760967255e-02
-2.954673767089843750e-02
-2.949001267552375793e-02
-1.032893825322389603e-02
-5.933691281825304031e-03
1.876837015151977539e-02
-3.951499983668327332e-02
-5.199145525693893433e-03
-7.160275243222713470e-03
-1.073018182069063187e-02
2.260421402752399445e-02
-3.289018943905830383e-02
1.631537079811096191e-02
-1.023524068295955658e-02
-3.642268851399421692e-02
1.085949316620826721e-02
3.591358661651611328e-03
3.748562594410032034e-04
-4.106528684496879578e-02
-4.056692495942115784e-02
-1.470558345317840576e-02
5.021092365495860577e-04
2.810219116508960724e-02
3.530416637659072876e-02
-3.574578464031219482e-02
-7.604450453072786331e-03
-2.055569179356098175e-02
3.707591444253921509e-02
1.380557660013437271e-03
-6.437973934225738049e-04
-1.678350754082202911e-02
2.867503464221954346e-02
-1.506799831986427307e-02
-8.082084357738494873e-03
-2.784101106226444244e-02
9.414646774530410767e-03
-1.495372783392667770e-02
3.340800479054450989e-02
2.764542400836944580e-02
9.503539185971021652e-04
-3.736382722854614258e-02
4.426551517099142075e-03
6.561242043972015381e-03
-1.057987567037343979e-02
-3.548016399145126343e-02
1.519845332950353622e-02
-1.516513153910636902e-02
2.097730711102485657e-02
3.379727900028228760e-02
1.222515664994716644e-02
-6.271271966397762299e-03
-4.352682456374168396e-02
2.243362925946712494e-02
4.095809161663055420e-02
3.743637353181838989e-02
-2.817032113671302795e-02
3.189398348331451416e-02
-2.247460559010505676e-02
-1.467948406934738159e-02
-2.169477380812168121e-02
3.092526085674762726e-02
4.327945411205291748e-02
-4.107612371444702148e-02
3.166592866182327271e-02
1.889716647565364838e-02
2.745182812213897705e-02
1.318348222412168980e-03
3.464415669441223145e-02
-2.351533807814121246e-02
-2.085469290614128113e-02
5.353028886020183563e-03
8.883923292160034180e-03
-4.828311502933502197e-03
3.313488885760307312e-02
1.674604415893554688e-02
3.205840289592742920e-02
-1.640406996011734009e-02
3.146205842494964600e-02
4.809549136552959681e-04
-2.374006621539592743e-02
2.649386227130889893e-02
5.016348441131412983e-04
-1.886487565934658051e-02
6.389425136148929596e-03
7.831879891455173492e-03
-2.061683684587478638e-02
2.167160809040069580e-02
6.759769748896360397e-03
3.078081272542476654e-02
-1.493568904697895050e-02
-2.200781367719173431e-02
-2.883523935452103615e-03
1.861566118896007538e-02
-2.263131923973560333e-02
-5.555428564548492432e-03
-4.204933065921068192e-03
4.072412848472595215e-03
-2.080157212913036346e-02
2.304184064269065857e-02
7.727392949163913727e-03
-9.986347518861293793e-03
-3.518220409750938416e-02
3.806727379560470581e-02
-1.577209867537021637e-02
-1.134699024260044098e-02
4.667231347411870956e-03
3.156683593988418579e-02
9.526767767965793610e-03
-2.636342681944370270e-02
-4.238318651914596558e-03
2.560854144394397736e-02
-2.032558061182498932e-02
-6.381211802363395691e-03
2.357267960906028748e-02
1.075818855315446854e-02
-3.191975131630897522e-02
6.882186280563473701e-04
-4.356948286294937134e-02
-9.383453056216239929e-03
1.129640848375856876e-03
-1.722160167992115021e-02
-5.198428872972726822e-03
-9.022496640682220459e-03
3.983796015381813049e-02
2.734352648258209229e-02
-3.152504563331604004e-02
-1.774398051202297211e-02
3.396051377058029175e-02
1.944255083799362183e-02
4.312639310956001282e-02
3.490680083632469177e-02
1.072840113192796707e-02
3.902675956487655640e-02
1.028046477586030960e-02
-1.339273294433951378e-03
-6.305105052888393402e-03
1.752950623631477356e-02
4.025501385331153870e-02
-2.203533612191677094e-02
3.657920286059379578e-02
-1.079916022717952728e-02
-6.521423812955617905e-03
4.352601990103721619e-02
-3.935754671692848206e-02
-3.586004301905632019e-02
4.238501936197280884e-02
1.671714149415493011e-02
2.189465612173080444e-02
-1.752041280269622803e-02
-2.628550864756107330e-02
4.290691390633583069e-02
-3.278149664402008057e-02
-1.937914080917835236e-02
-2.123430371284484863e-02
-3.648532554507255554e-02
1.507839839905500412e-02
1.588630606420338154e-03
-1.994013786315917969e-02
3.706929087638854980e-02
2.920094318687915802e-02
9.112396277487277985e-03
-4.146538674831390381e-02
3.128223493695259094e-02
4.198140650987625122e-02
2.891154726967215538e-04
-3.806006163358688354e-02
-2.644699998199939728e-02
-2.202894538640975952e-02
2.087349072098731995e-03
2.997690811753273010e-02
-2.841101586818695068e-02
1.315351482480764389e-02
3.923369571566581726e-02
1.816086657345294952e-02
-2.927417308092117310e-02
5.906491074711084366e-03
-1.869717426598072052e-02
3.623677790164947510e-02
-8.992346120066940784e-04
-3.380333632230758667e-02
1.607713103294372559e-02
-3.403773158788681030e-02
-1.110609434545040131e-02
1.125876605510711670e-02
4.195868968963623047e-02
3.640424460172653198e-02
4.917583428323268890e-03
-4.346641898155212402e-02
1.392057398334145546e-03
-3.116592392325401306e-02
1.347711309790611267e-02
-3.527636826038360596e-02
-3.955419361591339111e-02
4.101718217134475708e-02
-3.321172297000885010e-02
1.536109857261180878e-02
-3.814370930194854736e-02
-3.319317847490310669e-02
3.962692990899085999e-02
4.401744529604911804e-02
-1.637760177254676819e-02
1.883681677281856537e-02
-3.655007854104042053e-02
3.116200864315032959e-02
-4.151433333754539490e-02
1.118950825184583664e-02
3.137224167585372925e-02
2.891597151756286621e-02
-4.169392585754394531e-02
1.820624247193336487e-02
2.353266067802906036e-02
4.218067228794097900e-02
3.625864163041114807e-02
1.378435827791690826e-02
-1.006301306188106537e-02
-3.932042792439460754e-02
-1.334368716925382614e-02
-8.391953306272625923e-04
3.451695293188095093e-02
9.710691869258880615e-03
4.291259124875068665e-02
-3.635485842823982239e-02
-9.939080104231834412e-03
-2.629544958472251892e-02
-1.551820058375597000e-02
-2.868761366698890924e-04
-3.663245961070060730e-02
-4.100969061255455017e-02
1.079902891069650650e-02
4.048051778227090836e-03
1.124451030045747757e-02
-9.686994366347789764e-03
-3.146493062376976013e-02
3.291646018624305725e-02
6.541406735777854919e-03
2.053464017808437347e-02
-2.845877967774868011e-02
-2.654849365353584290e-02
-1.028549578040838242e-02
-4.357732832431793213e-02
2.637340128421783447e-02
-4.389159381389617920e-02
-2.575619146227836609e-02
-2.776034176349639893e-02
1.350807491689920425e-02
3.140310570597648621e-02
3.644580021500587463e-02
-3.870378062129020691e-02
-2.140629477798938751e-02
5.071545951068401337e-03
-2.687495946884155273e-02
4.282215610146522522e-02
-1.914353109896183014e-02
-2.165428735315799713e-02
7.406470831483602524e-03
