5.641183853149414062e-01
3.199439346790313721e-01
2.967818975448608398e-01
6.361746788024902344e-01
8.409873247146606445e-01
2.905688583850860596e-01
5.936092734336853027e-01
1.006003737449645996e+00
6.707243323326110840e-01
4.457626938819885254e-01
2.961665689945220947e-01
7.060614228248596191e-01
5.155934095382690430e-01
7.095472216606140137e-01
7.669948339462280273e-01
5.668033957481384277e-01
6.691696047782897949e-01
1.364234328269958496e+00
5.425937175750732422e-01
6.402122378349304199e-01
5.230046510696411133e-01
4.778599143028259277e-01
5.516185760498046875e-01
5.653034448623657227e-01
6.630096435546875000e-01
7.123880386352539062e-01
7.105142474174499512e-01
3.003197908401489258e-01
7.471361160278320312e-01
6.141921281814575195e-01
5.753228664398193359e-01
1.351898074150085449e+00
3.923912048339843750e-01
1.646650195121765137e+00
9.861096739768981934e-01
3.760591149330139160e-01
3.213703632354736328e-01
1.554216444492340088e-01
6.821420788764953613e-01
5.853714942932128906e-01
4.143960773944854736e-01
5.988739728927612305e-01
7.982001304626464844e-01
5.101690888404846191e-01
7.456056475639343262e-01
3.729333579540252686e-01
5.556891560554504395e-01
5.308721065521240234e-01
3.877118527889251709e-01
6.312364339828491211e-01
2.425539344549179077e-01
4.836337864398956299e-01
3.565118610858917236e-01
4.018798470497131348e-01
9.584823846817016602e-01
4.931865334510803223e-01
5.036904215812683105e-01
7.456116676330566406e-01
6.209860444068908691e-01
4.519228935241699219e-01
4.224522411823272705e-01
7.462550997734069824e-01
1.648423075675964355e+00
3.653867542743682861e-01
6.728858947753906250e-01
8.711407780647277832e-01
5.920731425285339355e-01
5.461185574531555176e-01
1.024693489074707031e+00
7.874722480773925781e-01
4.277976751327514648e-01
3.254152238368988037e-01
3.779010176658630371e-01
4.067123234272003174e-01
3.935613036155700684e-01
1.176406979560852051e+00
7.107847929000854492e-01
8.873150944709777832e-01
3.725208342075347900e-01
6.933797001838684082e-01
7.904760837554931641e-01
5.740738511085510254e-01
5.826917290687561035e-01
8.336336016654968262e-01
5.114760994911193848e-01
1.258699536323547363e+00
4.779047071933746338e-01
5.119171142578125000e-01
6.228619813919067383e-01
5.579729676246643066e-01
6.095603108406066895e-01
4.207795262336730957e-01
3.983974456787109375e-01
4.891713857650756836e-01
6.688300371170043945e-01
6.782665848731994629e-01
3.546548187732696533e-01
6.734046936035156250e-01
6.503782868385314941e-01
6.980707645416259766e-01
8.560448884963989258e-01
4.454408586025238037e-01
2.897322773933410645e-01
4.493631720542907715e-01
4.347227513790130615e-01
6.295620203018188477e-01
3.874397873878479004e-01
4.383588731288909912e-01
6.683695316314697266e-01
7.883805036544799805e-01
5.136257410049438477e-01
5.591759681701660156e-01
8.815084695816040039e-01
7.757838964462280273e-01
7.575089931488037109e-01
5.952861309051513672e-01
4.776092469692230225e-01
5.447984337806701660e-01
4.071115553379058838e-01
6.196762919425964355e-01
7.447069883346557617e-01
9.641534090042114258e-01
5.520468950271606445e-01
5.587288141250610352e-01
6.061227917671203613e-01
7.341134548187255859e-01
6.190713644027709961e-01
8.662944436073303223e-01
