-1.932614594697952271e-01
6.949581503868103027e-01
-2.971977293491363525e-01
3.915953934192657471e-01
6.098169088363647461e-01
-1.746952533721923828e-01
-1.831045597791671753e-01
2.065350115299224854e-01
-5.385859608650207520e-01
-1.491503864526748657e-01
2.217640280723571777e-01
-5.289608240127563477e-01
4.245035946369171143e-01
8.002802496775984764e-04
4.960264861583709717e-01
-4.418855607509613037e-01
2.446911185979843140e-01
5.353578925132751465e-01
4.649804234504699707e-01
4.976059496402740479e-01
1.493631303310394287e-01
-2.343919724225997925e-01
2.686886787414550781e-01
-5.876135230064392090e-01
1.291199922561645508e-01
3.672130703926086426e-01
5.778055787086486816e-01
2.357236742973327637e-01
4.979515373706817627e-01
-1.481203883886337280e-01
4.736603200435638428e-01
3.964991271495819092e-01
3.946503251791000366e-02
1.804733127355575562e-01
2.690400779247283936e-01
-5.396192669868469238e-01
1.393422484397888184e-01
-2.115079015493392944e-01
5.949063301086425781e-01
-5.297943353652954102e-01
-2.382668554782867432e-01
-1.529650688171386719e-01
-4.075485467910766602e-01
-4.946531057357788086e-01
1.193378418684005737e-01
-4.244587719440460205e-01
-5.051060914993286133e-01
1.485885977745056152e-01
1.385459303855895996e-01
-4.409662485122680664e-01
-3.645167350769042969e-01
1.980840712785720825e-01
-5.219577550888061523e-01
-6.472421437501907349e-02
-4.583044052124023438e-01
-5.440481901168823242e-01
1.719426959753036499e-01
-4.641025066375732422e-01
-5.706000328063964844e-01
1.747564077377319336e-01
2.421904504299163818e-01
1.872224211692810059e-01
3.910026848316192627e-01
-1.768635511398315430e-01
-1.526647210121154785e-01
7.279824018478393555e-01
-5.442219376564025879e-01
-6.738848686218261719e-01
2.090416848659515381e-01
1.834846436977386475e-01
-1.826674938201904297e-01
4.782562255859375000e-01
2.408477365970611572e-01
-3.469080328941345215e-01
4.743337631225585938e-01
9.439836442470550537e-02
-4.173113107681274414e-01
-4.913068115711212158e-01
-3.623304367065429688e-01
2.399121224880218506e-01
-5.053965449333190918e-01
2.921004295349121094e-01
4.837213754653930664e-01
5.574555397033691406e-01
-2.281185798346996307e-02
1.259001046419143677e-01
-4.336427152156829834e-01
3.664509654045104980e-01
4.573401510715484619e-01
7.556798309087753296e-02
-1.516132801771163940e-01
4.692745804786682129e-01
7.137878537178039551e-01
1.269530206918716431e-01
-1.439218819141387939e-01
5.262161493301391602e-01
-5.176272988319396973e-01
4.079404771327972412e-01
-4.551253840327262878e-02
3.700225353240966797e-01
5.210043191909790039e-01
-1.240886673331260681e-01
3.438940644264221191e-01
5.171000361442565918e-01
-1.357630938291549683e-01
-6.183027029037475586e-01
5.159239768981933594e-01
-1.738728731870651245e-01
1.246525719761848450e-02
-6.040192246437072754e-01
-2.675167918205261230e-01
4.977275729179382324e-01
5.153820291161537170e-02
1.532745808362960815e-01
-2.655579149723052979e-01
-3.091833293437957764e-01
-3.629960492253303528e-02
2.004960328340530396e-01
-8.305313438177108765e-02
-6.215261220932006836e-01
2.029972523450851440e-01
-6.027359366416931152e-01
-2.877081930637359619e-01
-5.616794824600219727e-01
3.365650475025177002e-01
-5.210448503494262695e-01
-4.394470751285552979e-01
3.296604752540588379e-01
-3.453769981861114502e-01
6.305484771728515625e-01
-6.011753156781196594e-02
1.126232668757438660e-01
-3.235102295875549316e-01
2.272673398256301880e-01
-4.594418704509735107e-01
3.327879905700683594e-01
2.534881532192230225e-01
-6.121591329574584961e-01
-1.877769380807876587e-01
-4.987612068653106689e-01
-2.641765475273132324e-01
2.601886168122291565e-02
-3.652623593807220459e-01
-2.952893972396850586e-01
6.435065716505050659e-02
5.852255225181579590e-01
-4.873813688755035400e-01
-2.922846972942352295e-01
-1.665276437997817993e-01
-4.070542752742767334e-01
-3.265616297721862793e-01
1.868205517530441284e-01
-3.958219587802886963e-01
-4.577253758907318115e-01
2.514083683490753174e-01
-3.324876129627227783e-01
-2.257175976410508156e-03
5.049610733985900879e-01
-5.774232745170593262e-01
2.246721535921096802e-01
1.199045851826667786e-01
-5.854772925376892090e-01
-4.210779964923858643e-01
1.636916249990463257e-01
-3.064453303813934326e-01
2.088120132684707642e-01
-3.725823462009429932e-01
3.748719990253448486e-01
1.999238282442092896e-01
2.619344890117645264e-01
-4.068796932697296143e-01
-3.953067362308502197e-01
-7.191441953182220459e-02
-5.152158737182617188e-01
-2.048941701650619507e-01
1.496908962726593018e-01
4.516057670116424561e-01
-3.344391584396362305e-01
1.222982779145240784e-01
-5.402748584747314453e-01
4.246503114700317383e-01
5.695552229881286621e-01
-1.195359081029891968e-01
-2.890738472342491150e-02
-3.767555356025695801e-01
5.033740401268005371e-01
2.624119222164154053e-01
4.936544001102447510e-01
-1.364035010337829590e-01
4.929814934730529785e-01
5.565822124481201172e-01
1.267727911472320557e-01
