-1.127449795603752136e-01
-1.510458886623382568e-01
-1.073559597134590149e-01
-6.915158778429031372e-02
-1.913551986217498779e-01
-1.823297142982482910e-01
-1.978415623307228088e-02
-9.691996127367019653e-02
-1.045982837677001953e-01
-9.494362026453018188e-02
-1.469221264123916626e-01
-1.447193026542663574e-01
-7.965089380741119385e-02
-6.545248627662658691e-02
-8.437884598970413208e-02
-2.119191884994506836e-01
-2.066987752914428711e-01
-1.051719859242439270e-01
-8.185552805662155151e-02
-1.122492924332618713e-01
-2.164082229137420654e-01
-1.347303390502929688e-01
-1.654072552919387817e-01
-1.445332765579223633e-01
-1.542413383722305298e-01
-1.125777959823608398e-01
-1.502664834260940552e-01
-3.845152631402015686e-02
-1.417222917079925537e-01
-1.279267221689224243e-01
-6.862658262252807617e-02
-1.242619156837463379e-01
-1.138132736086845398e-01
-8.645574748516082764e-02
-1.140159741044044495e-01
-8.526529371738433838e-02
-1.257474720478057861e-01
-1.182555407285690308e-01
-9.381231665611267090e-02
-1.419507116079330444e-01
-1.466513276100158691e-01
-1.461835950613021851e-01
-1.259557008743286133e-01
-1.785398125648498535e-01
-1.382232606410980225e-01
-9.261199086904525757e-02
-9.851703047752380371e-02
-1.451018750667572021e-01
-1.071090474724769592e-01
-1.315641105175018311e-01
-1.407980024814605713e-01
-9.221808612346649170e-02
-1.744675934314727783e-01
-1.651598364114761353e-01
-1.660971790552139282e-01
-1.552460342645645142e-01
-1.369592398405075073e-01
-1.316183656454086304e-01
-2.485553473234176636e-01
-6.908248364925384521e-02
-9.905842691659927368e-02
-1.417363584041595459e-01
-1.371282786130905151e-01
-1.280405223369598389e-01
-1.180415824055671692e-01
-1.405392587184906006e-01
-1.438162475824356079e-01
-1.926743388175964355e-01
-1.718890815973281860e-01
-1.550761461257934570e-01
-1.661541610956192017e-01
-1.603537201881408691e-01
-8.849197626113891602e-02
-8.338300138711929321e-02
-1.476932764053344727e-01
-1.165181323885917664e-01
-8.443265408277511597e-02
-9.129849821329116821e-02
-1.061648651957511902e-01
-2.238370627164840698e-01
-1.103436499834060669e-01
-8.714073896408081055e-02
-8.008664101362228394e-02
-9.730716049671173096e-02
-8.382045477628707886e-02
-4.658604413270950317e-02
-1.001173183321952820e-01
-1.539226472377777100e-01
-1.211726069450378418e-01
-1.627136915922164917e-01
-1.805618852376937866e-01
-1.765282452106475830e-01
-1.402354091405868530e-01
-7.415951043367385864e-02
-2.349345088005065918e-01
-6.481465697288513184e-02
-1.178560703992843628e-01
-1.200767084956169128e-01
-1.568577289581298828e-01
-1.270644217729568481e-01
-8.573572337627410889e-02
-1.044829189777374268e-01
-1.167511641979217529e-01
-1.194865033030509949e-01
-1.561889648437500000e-01
-4.125151038169860840e-02
-1.613230109214782715e-01
-1.365870237350463867e-01
-1.148872599005699158e-01
-2.286020964384078979e-01
-1.374130845069885254e-01
-1.509553045034408569e-01
-1.662801802158355713e-01
-1.583425551652908325e-01
-1.601430326700210571e-01
-1.440662294626235962e-01
-6.783149391412734985e-02
-1.975219100713729858e-01
-1.204151362180709839e-01
-1.298651844263076782e-01
-1.476850956678390503e-01
-1.811870783567428589e-01
-1.194833964109420776e-01
-9.268172085285186768e-02
-6.287167221307754517e-02
-1.823652237653732300e-01
-2.028844207525253296e-01
-2.132031321525573730e-01
-2.201118469238281250e-01
-1.488230526447296143e-01
-1.219803467392921448e-01
-1.140818372368812561e-01
-8.572840690612792969e-02
-1.946744620800018311e-01
-1.282214671373367310e-01
-8.308417350053787231e-02
-1.898189038038253784e-01
-7.669977843761444092e-02
-1.273482590913772583e-01
-1.240113079547882080e-01
-1.268772780895233154e-01
-1.976411044597625732e-01
-9.522743523120880127e-02
-1.459904313087463379e-01
-7.513731718063354492e-02
-1.895400583744049072e-01
-1.041493192315101624e-01
-8.694923669099807739e-02
-5.606772750616073608e-02
-1.016521304845809937e-01
-1.117704734206199646e-01
-8.759354054927825928e-02
-1.358053982257843018e-01
-6.557133048772811890e-02
-9.431505203247070312e-02
-8.881296962499618530e-02
-1.208218559622764587e-01
-1.087665632367134094e-01
-8.647580444812774658e-02
-2.344549149274826050e-01
-1.193032488226890564e-01
-1.600309461355209351e-01
-6.720995157957077026e-02
-2.140608429908752441e-01
-1.087166219949722290e-01
-1.270328015089035034e-01
-1.524276137351989746e-01
-8.227787166833877563e-02
-1.406948268413543701e-01
-1.328151971101760864e-01
-2.084575593471527100e-01
-7.868222147226333618e-02
-1.109833046793937683e-01
-1.866087913513183594e-01
-1.366512030363082886e-01
-1.385354250669479370e-01
-7.836849242448806763e-02
-2.695291042327880859e-01
-1.052150204777717590e-01
-8.145346492528915405e-02
-5.908385664224624634e-02
-3.833895176649093628e-02
-7.458047568798065186e-02
-5.172029510140419006e-02
-1.149076446890830994e-01
-8.141516894102096558e-02
-1.549009829759597778e-01
-1.444668918848037720e-01
-8.309568464756011963e-02
-1.204172670841217041e-01
-1.137922182679176331e-01
-1.271894276142120361e-01
-1.666957736015319824e-01
-4.379200562834739685e-02
-1.645291447639465332e-01
-1.058958172798156738e-01
-1.102183684706687927e-01
-1.366340965032577515e-01
-1.474014520645141602e-01
-1.435938030481338501e-01
-1.100780665874481201e-01
-5.625961348414421082e-02
-1.336788088083267212e-01
-1.114372536540031433e-01
-1.246047541499137878e-01
-1.398711949586868286e-01
-1.651804894208908081e-01
-1.147287338972091675e-01
-1.766722053289413452e-01
-1.189187392592430115e-01
-7.268555462360382080e-02
-1.051467582583427429e-01
-1.179369539022445679e-01
-1.258192807435989380e-01
-5.471439287066459656e-02
-2.675271332263946533e-01
-1.500964462757110596e-01
-4.608319699764251709e-02
-1.127124428749084473e-01
-2.245690375566482544e-01
-1.699681878089904785e-01
-1.079249382019042969e-01
-1.770694255828857422e-01
-1.222267076373100281e-01
-6.082827970385551453e-02
-1.609800159931182861e-01
-1.228312999010086060e-01
-1.525957435369491577e-01
-7.909472286701202393e-02
-1.456347107887268066e-01
-1.402329951524734497e-01
-1.027939170598983765e-01
-1.146022453904151917e-01
-1.148357316851615906e-01
-1.336271464824676514e-01
-7.685051113367080688e-02
-1.762175410985946655e-01
-8.655774593353271484e-02
-1.135301962494850159e-01
-8.530776016414165497e-03
-1.363369673490524292e-01
-9.415590018033981323e-02
-1.323194056749343872e-01
-1.030184999108314514e-01
-6.403128802776336670e-02
-1.022612676024436951e-01
-1.913695782423019409e-01
-1.337373554706573486e-01
-1.650373637676239014e-01
-8.490525931119918823e-02
-2.181553840637207031e-01
-8.041801303625106812e-02
-1.349895000457763672e-01
-1.039116084575653076e-01
-1.167729496955871582e-01
-1.038676053285598755e-01
