1.001856446266174316e+00
1.006395339965820312e+00
9.914782643318176270e-01
1.001585245132446289e+00
1.002637028694152832e+00
1.000740528106689453e+00
1.000972628593444824e+00
1.011705279350280762e+00
1.001224398612976074e+00
9.928495883941650391e-01
1.000500917434692383e+00
1.002389192581176758e+00
9.894539713859558105e-01
1.002033352851867676e+00
1.001072883605957031e+00
1.001638650894165039e+00
9.983419179916381836e-01
1.002511382102966309e+00
9.975170493125915527e-01
1.004023909568786621e+00
1.002908229827880859e+00
9.910904169082641602e-01
1.000733256340026855e+00
9.854851365089416504e-01
9.944878220558166504e-01
1.000930547714233398e+00
9.995028376579284668e-01
1.000344157218933105e+00
9.924256801605224609e-01
1.008267402648925781e+00
1.008839011192321777e+00
9.859070777893066406e-01
9.994931221008300781e-01
1.001255631446838379e+00
9.992831945419311523e-01
9.997665286064147949e-01
9.862142205238342285e-01
9.924426078796386719e-01
9.996051192283630371e-01
9.988214969635009766e-01
1.000435471534729004e+00
1.003738760948181152e+00
1.008443117141723633e+00
9.967575073242187500e-01
9.954478740692138672e-01
1.010253667831420898e+00
9.986473917961120605e-01
1.003331303596496582e+00
1.024706482887268066e+00
9.992005228996276855e-01
1.000893235206604004e+00
9.956054687500000000e-01
9.883817434310913086e-01
9.968546032905578613e-01
1.003195405006408691e+00
1.000980615615844727e+00
9.920926690101623535e-01
1.004987955093383789e+00
1.001743078231811523e+00
9.979078769683837891e-01
9.947897791862487793e-01
1.004906177520751953e+00
9.980959892272949219e-01
1.013805270195007324e+00
1.011040806770324707e+00
9.981788396835327148e-01
9.983760714530944824e-01
9.909654855728149414e-01
1.003954052925109863e+00
1.002113699913024902e+00
9.916630387306213379e-01
9.965942502021789551e-01
1.000551819801330566e+00
1.008064508438110352e+00
1.012912988662719727e+00
1.003463029861450195e+00
1.002172350883483887e+00
1.001006484031677246e+00
9.967665672302246094e-01
1.003490209579467773e+00
9.987307786941528320e-01
9.951332807540893555e-01
1.000846743583679199e+00
1.003542661666870117e+00
1.000100612640380859e+00
1.001121401786804199e+00
9.984056353569030762e-01
9.964789748191833496e-01
1.000746369361877441e+00
1.000144362449645996e+00
9.870427250862121582e-01
1.000251054763793945e+00
9.940567612648010254e-01
1.020970344543457031e+00
1.003454923629760742e+00
1.000587463378906250e+00
9.940134882926940918e-01
9.952678680419921875e-01
9.969937205314636230e-01
9.970284104347229004e-01
9.987133741378784180e-01
9.925314188003540039e-01
1.002490401268005371e+00
1.006389856338500977e+00
9.975415468215942383e-01
1.006365299224853516e+00
9.913620352745056152e-01
1.001676678657531738e+00
1.009794831275939941e+00
1.019018650054931641e+00
1.001538991928100586e+00
9.977467060089111328e-01
9.958140254020690918e-01
9.922967553138732910e-01
1.005502939224243164e+00
9.894632101058959961e-01
9.941617846488952637e-01
1.002670526504516602e+00
9.984364509582519531e-01
9.965457916259765625e-01
1.023690581321716309e+00
9.943841695785522461e-01
1.000906467437744141e+00
9.927580952644348145e-01
1.004788279533386230e+00
9.961630105972290039e-01
1.000410437583923340e+00
1.003452777862548828e+00
9.870420694351196289e-01
9.978206157684326172e-01
9.943032264709472656e-01
9.954609870910644531e-01
1.004585385322570801e+00
9.953522682189941406e-01
1.003291010856628418e+00
1.005063056945800781e+00
1.005071163177490234e+00
9.935799241065979004e-01
9.993315935134887695e-01
9.984650611877441406e-01
1.001287460327148438e+00
9.977331757545471191e-01
9.978814125061035156e-01
1.003930091857910156e+00
1.000827908515930176e+00
9.909766316413879395e-01
9.856181144714355469e-01
9.921774864196777344e-01
9.995445013046264648e-01
9.943755865097045898e-01
1.001216053962707520e+00
9.961958527565002441e-01
9.978097677230834961e-01
9.930009841918945312e-01
1.001272201538085938e+00
1.011771559715270996e+00
1.002479314804077148e+00
9.941045641899108887e-01
1.000363945960998535e+00
9.969814419746398926e-01
1.001409053802490234e+00
9.892232418060302734e-01
1.005609273910522461e+00
1.001637101173400879e+00
9.826097488403320312e-01
9.955422282218933105e-01
1.000276207923889160e+00
9.983108043670654297e-01
9.988880157470703125e-01
9.978954195976257324e-01
1.000960826873779297e+00
9.981834888458251953e-01
9.953514337539672852e-01
9.932723045349121094e-01
9.991493225097656250e-01
9.956380724906921387e-01
9.920269250869750977e-01
9.995127916336059570e-01
1.005235910415649414e+00
1.000281572341918945e+00
1.002953410148620605e+00
9.782319068908691406e-01
1.014836430549621582e+00
9.966823458671569824e-01
1.005095720291137695e+00
1.003170728683471680e+00
1.017122149467468262e+00
9.983007311820983887e-01
1.004006266593933105e+00
1.019545912742614746e+00
1.000400781631469727e+00
1.002055883407592773e+00
9.929092526435852051e-01
9.999676346778869629e-01
1.015094041824340820e+00
1.007489204406738281e+00
9.981849789619445801e-01
9.952288866043090820e-01
9.983990192413330078e-01
1.003923416137695312e+00
9.853237867355346680e-01
1.005857348442077637e+00
1.002310276031494141e+00
9.998478889465332031e-01
1.008385777473449707e+00
9.945778846740722656e-01
1.007188677787780762e+00
1.002452135086059570e+00
1.008611917495727539e+00
9.988478422164916992e-01
1.008577704429626465e+00
1.002649188041687012e+00
1.001047015190124512e+00
9.989823102951049805e-01
9.958031773567199707e-01
1.011148810386657715e+00
1.005634307861328125e+00
9.929660558700561523e-01
1.000459313392639160e+00
9.908085465431213379e-01
9.913972020149230957e-01
9.958559274673461914e-01
1.007743954658508301e+00
1.012647151947021484e+00
9.832302927970886230e-01
1.013297438621520996e+00
1.000416398048400879e+00
1.008405685424804688e+00
9.986937046051025391e-01
9.973032474517822266e-01
9.967643022537231445e-01
1.009444117546081543e+00
9.921059608459472656e-01
1.003582239151000977e+00
9.955722689628601074e-01
9.951271414756774902e-01
9.840635657310485840e-01
9.966614842414855957e-01
9.903571009635925293e-01
9.970418214797973633e-01
9.832969307899475098e-01
9.962839484214782715e-01
9.978396892547607422e-01
1.002390503883361816e+00
9.994736313819885254e-01
9.934911727905273438e-01
9.855181574821472168e-01
1.027208566665649414e+00
9.998970031738281250e-01
9.948185682296752930e-01
1.002012968063354492e+00
9.941868782043457031e-01
9.989409446716308594e-01
9.989375472068786621e-01
9.927029013633728027e-01
1.000190258026123047e+00
1.000887274742126465e+00
9.884285926818847656e-01
1.001807212829589844e+00
1.005475878715515137e+00
9.993830323219299316e-01
1.009197711944580078e+00
9.907076358795166016e-01
1.002891302108764648e+00
9.973267912864685059e-01
1.006253123283386230e+00
1.000235915184020996e+00
1.002087354660034180e+00
1.005473732948303223e+00
9.915567040443420410e-01
9.970296621322631836e-01
9.990437030792236328e-01
1.009666323661804199e+00
1.001005530357360840e+00
1.002523183822631836e+00
1.003645896911621094e+00
1.000886797904968262e+00
1.001685261726379395e+00
1.000230193138122559e+00
9.969450235366821289e-01
1.001618981361389160e+00
9.989832639694213867e-01
9.964714050292968750e-01
9.957131147384643555e-01
1.000159859657287598e+00
9.936435818672180176e-01
9.962474703788757324e-01
1.003609061241149902e+00
1.010364294052124023e+00
1.010362625122070312e+00
9.974172115325927734e-01
9.990283250808715820e-01
9.956420063972473145e-01
1.004766106605529785e+00
9.958177804946899414e-01
9.955688118934631348e-01
9.896763563156127930e-01
1.001671075820922852e+00
1.001282334327697754e+00
9.990993142127990723e-01
1.005249977111816406e+00
9.979000687599182129e-01
9.981489777565002441e-01
9.937542676925659180e-01
9.947178959846496582e-01
1.016217231750488281e+00
1.001119375228881836e+00
9.954564571380615234e-01
9.913538694381713867e-01
1.002539873123168945e+00
1.007203698158264160e+00
1.006329894065856934e+00
9.929603934288024902e-01
9.968926906585693359e-01
9.968436956405639648e-01
1.002651333808898926e+00
1.010703802108764648e+00
1.004605650901794434e+00
1.008682131767272949e+00
9.930727481842041016e-01
9.877578616142272949e-01
9.971457123756408691e-01
9.872195124626159668e-01
1.019248366355895996e+00
1.001070022583007812e+00
1.012886285781860352e+00
9.954019784927368164e-01
1.001018524169921875e+00
1.004976630210876465e+00
1.009229183197021484e+00
1.003908514976501465e+00
1.007787227630615234e+00
1.005209088325500488e+00
9.993389248847961426e-01
1.001462578773498535e+00
1.001565217971801758e+00
1.012588858604431152e+00
9.943300485610961914e-01
1.000384449958801270e+00
9.935932159423828125e-01
1.004985809326171875e+00
1.004293560981750488e+00
1.003520250320434570e+00
1.002065896987915039e+00
1.010333895683288574e+00
1.010634422302246094e+00
1.004752159118652344e+00
1.007440447807312012e+00
1.000720977783203125e+00
9.972016215324401855e-01
9.864749312400817871e-01
9.926760792732238770e-01
1.007091045379638672e+00
9.983313083648681641e-01
9.965187907218933105e-01
1.008248925209045410e+00
1.015313625335693359e+00
9.982815384864807129e-01
9.955236911773681641e-01
9.999371767044067383e-01
9.947440624237060547e-01
1.008181571960449219e+00
9.904853701591491699e-01
1.007002472877502441e+00
1.002389550209045410e+00
1.017705798149108887e+00
1.001771330833435059e+00
1.001052975654602051e+00
1.012615919113159180e+00
9.978818893432617188e-01
9.986677169799804688e-01
1.005225181579589844e+00
9.892414212226867676e-01
9.950895309448242188e-01
1.015664815902709961e+00
1.007512927055358887e+00
9.992273449897766113e-01
9.999766349792480469e-01
9.878904223442077637e-01
1.003744244575500488e+00
9.999760389328002930e-01
9.998188018798828125e-01
9.983044862747192383e-01
9.944453835487365723e-01
9.859338998794555664e-01
9.998538494110107422e-01
9.936228394508361816e-01
1.007242321968078613e+00
9.980427622795104980e-01
9.966927170753479004e-01
1.000859856605529785e+00
9.993126392364501953e-01
1.002081990242004395e+00
1.017398595809936523e+00
1.004362940788269043e+00
9.987415075302124023e-01
1.001326322555541992e+00
9.966064095497131348e-01
9.853772521018981934e-01
1.000500679016113281e+00
9.991829395294189453e-01
9.972346425056457520e-01
9.953484535217285156e-01
9.996405243873596191e-01
9.996817708015441895e-01
9.984562397003173828e-01
1.003323078155517578e+00
1.009577512741088867e+00
1.004717946052551270e+00
1.003613233566284180e+00
9.975960850715637207e-01
1.003534436225891113e+00
9.954990148544311523e-01
9.990373253822326660e-01
1.001168847084045410e+00
1.010755419731140137e+00
9.932931065559387207e-01
9.950851202011108398e-01
1.008955717086791992e+00
1.016038537025451660e+00
9.996550083160400391e-01
9.930988550186157227e-01
1.010405302047729492e+00
1.002555012702941895e+00
1.004805445671081543e+00
1.005211234092712402e+00
1.005493879318237305e+00
9.922135472297668457e-01
9.968876838684082031e-01
1.000214934349060059e+00
1.003067374229431152e+00
9.947240352630615234e-01
1.003950476646423340e+00
1.004908323287963867e+00
1.002538442611694336e+00
9.998792409896850586e-01
1.002673983573913574e+00
1.008827924728393555e+00
9.996228218078613281e-01
9.905452132225036621e-01
9.944367408752441406e-01
1.015221476554870605e+00
9.851604700088500977e-01
9.913479089736938477e-01
9.995094537734985352e-01
9.913558363914489746e-01
1.002328753471374512e+00
1.000929474830627441e+00
9.844709634780883789e-01
1.002798795700073242e+00
9.891460537910461426e-01
9.973485469818115234e-01
1.010470747947692871e+00
9.980329871177673340e-01
1.003218412399291992e+00
1.003772854804992676e+00
1.002552747726440430e+00
1.006611347198486328e+00
1.001610279083251953e+00
9.953490495681762695e-01
9.930142164230346680e-01
1.003130912780761719e+00
1.006729483604431152e+00
9.987616539001464844e-01
9.888206124305725098e-01
9.962623119354248047e-01
1.006583094596862793e+00
1.008236050605773926e+00
1.000651478767395020e+00
9.893609881401062012e-01
1.001002669334411621e+00
1.004206538200378418e+00
1.003626823425292969e+00
1.012074232101440430e+00
9.845600724220275879e-01
9.943838119506835938e-01
1.004306435585021973e+00
1.005298852920532227e+00
1.018517017364501953e+00
1.008684039115905762e+00
9.956814050674438477e-01
9.955075979232788086e-01
1.015102744102478027e+00
9.827644228935241699e-01
1.003736972808837891e+00
1.004452347755432129e+00
1.004434704780578613e+00
1.012108325958251953e+00
9.935126900672912598e-01
1.003531336784362793e+00
1.007611155509948730e+00
1.002678036689758301e+00
1.001223444938659668e+00
9.949846267700195312e-01
1.010368704795837402e+00
9.903763532638549805e-01
1.005669236183166504e+00
1.002960443496704102e+00
9.933188557624816895e-01
9.947123527526855469e-01
1.001966953277587891e+00
9.997995495796203613e-01
1.000564813613891602e+00
9.966148734092712402e-01
9.985616207122802734e-01
1.014916062355041504e+00
1.001246809959411621e+00
1.000536203384399414e+00
9.926988482475280762e-01
1.006141543388366699e+00
9.876049160957336426e-01
1.001659512519836426e+00
1.001072525978088379e+00
1.002720236778259277e+00
1.003867149353027344e+00
1.009721159934997559e+00
1.005025029182434082e+00
1.014865279197692871e+00
9.956759810447692871e-01
9.966053962707519531e-01
9.902554154396057129e-01
9.925655722618103027e-01
9.934632182121276855e-01
9.987998604774475098e-01
1.008659362792968750e+00
9.965190887451171875e-01
9.864167571067810059e-01
9.929279685020446777e-01
9.968748688697814941e-01
1.004022359848022461e+00
9.901106953620910645e-01
9.928117394447326660e-01
1.008064746856689453e+00
1.006386041641235352e+00
1.010899186134338379e+00
9.944522976875305176e-01
9.984391331672668457e-01
9.953021407127380371e-01
1.001272082328796387e+00
9.806326627731323242e-01
1.001000642776489258e+00
1.000671863555908203e+00
1.004298925399780273e+00
9.919588565826416016e-01
1.003826260566711426e+00
9.943157434463500977e-01
9.964938163757324219e-01
9.960935711860656738e-01
9.978510141372680664e-01
1.001540422439575195e+00
1.000105738639831543e+00
9.949868321418762207e-01
1.001592040061950684e+00
9.983980059623718262e-01
1.009841561317443848e+00
9.970347285270690918e-01
9.928964376449584961e-01
1.005791544914245605e+00
9.886676073074340820e-01
9.840450882911682129e-01
9.821675419807434082e-01
9.972277283668518066e-01
1.001908302307128906e+00
1.009302616119384766e+00
9.959900975227355957e-01
1.007403254508972168e+00
1.001896858215332031e+00
1.001044392585754395e+00
9.973353147506713867e-01
1.004232287406921387e+00
1.002999544143676758e+00
9.980745315551757812e-01
9.992948174476623535e-01
9.959501028060913086e-01
1.000374555587768555e+00
9.979663491249084473e-01
9.958322048187255859e-01
1.008941531181335449e+00
1.006652712821960449e+00
9.977414608001708984e-01
9.978484511375427246e-01
9.965909123420715332e-01
1.011204957962036133e+00
1.007120370864868164e+00
9.919932484626770020e-01
9.908196330070495605e-01
1.008648753166198730e+00
9.960473179817199707e-01
9.981983900070190430e-01
9.979784488677978516e-01
1.000491380691528320e+00
1.004458785057067871e+00
9.982162714004516602e-01
1.011599183082580566e+00
9.911727309226989746e-01
1.008941411972045898e+00
9.984035491943359375e-01
1.000785708427429199e+00
9.948197603225708008e-01
9.906151294708251953e-01
9.994217157363891602e-01
1.002703189849853516e+00
9.996711611747741699e-01
9.991555809974670410e-01
1.003410696983337402e+00
9.957252740859985352e-01
1.004189133644104004e+00
1.000555276870727539e+00
9.938826560974121094e-01
1.003134131431579590e+00
1.002559781074523926e+00
9.980398416519165039e-01
1.005434870719909668e+00
9.970724582672119141e-01
9.992075562477111816e-01
1.019728899002075195e+00
9.977672696113586426e-01
9.939240217208862305e-01
9.965893626213073730e-01
1.029134750366210938e+00
1.001615881919860840e+00
9.965361952781677246e-01
1.006467103958129883e+00
1.002788305282592773e+00
9.920173287391662598e-01
1.005762815475463867e+00
9.856225252151489258e-01
9.936664104461669922e-01
1.006316423416137695e+00
9.971993565559387207e-01
9.952850937843322754e-01
1.000087857246398926e+00
9.987097382545471191e-01
9.976577758789062500e-01
1.008723258972167969e+00
9.988740682601928711e-01
1.000783324241638184e+00
1.003884911537170410e+00
1.003545522689819336e+00
9.921202659606933594e-01
1.002007603645324707e+00
9.976914525032043457e-01
9.828217029571533203e-01
9.976946711540222168e-01
9.929111003875732422e-01
1.006497263908386230e+00
1.000091433525085449e+00
9.966391921043395996e-01
9.945107102394104004e-01
1.005874991416931152e+00
1.006530880928039551e+00
1.000671625137329102e+00
9.936251044273376465e-01
1.000301718711853027e+00
9.989082217216491699e-01
9.913043379783630371e-01
9.968288540840148926e-01
1.003038287162780762e+00
9.877465963363647461e-01
1.000882506370544434e+00
9.976371526718139648e-01
1.001301288604736328e+00
9.968934655189514160e-01
9.860573410987854004e-01
9.964665174484252930e-01
1.020421504974365234e+00
9.965195059776306152e-01
1.012365341186523438e+00
9.889636635780334473e-01
9.932895302772521973e-01
9.925764799118041992e-01
1.017534255981445312e+00
1.002723217010498047e+00
9.998344779014587402e-01
1.002367854118347168e+00
1.001189351081848145e+00
9.938821196556091309e-01
9.994555115699768066e-01
1.003586173057556152e+00
1.002741813659667969e+00
1.001405954360961914e+00
1.010954380035400391e+00
1.006925344467163086e+00
1.018976092338562012e+00
9.915565252304077148e-01
9.987141489982604980e-01
9.971756339073181152e-01
1.003435850143432617e+00
1.010181546211242676e+00
9.998320341110229492e-01
1.011887669563293457e+00
9.820791482925415039e-01
1.001912236213684082e+00
1.004397392272949219e+00
9.989219307899475098e-01
9.939932823181152344e-01
1.002219915390014648e+00
1.002029895782470703e+00
9.880378246307373047e-01
9.941398501396179199e-01
9.934900403022766113e-01
9.918549656867980957e-01
1.002593398094177246e+00
1.001243710517883301e+00
1.001861810684204102e+00
9.947581887245178223e-01
9.996014237403869629e-01
1.005590915679931641e+00
9.982830286026000977e-01
9.962859153747558594e-01
1.012860178947448730e+00
9.946343898773193359e-01
1.001368522644042969e+00
9.959855079650878906e-01
9.952753782272338867e-01
1.005662322044372559e+00
9.911441802978515625e-01
1.001476645469665527e+00
1.007074594497680664e+00
9.977810382843017578e-01
9.917286038398742676e-01
9.995606541633605957e-01
1.010506510734558105e+00
1.005872964859008789e+00
9.995455145835876465e-01
1.005938172340393066e+00
9.869490861892700195e-01
9.875814914703369141e-01
1.001779079437255859e+00
1.009238362312316895e+00
9.855518937110900879e-01
1.006774544715881348e+00
9.985114932060241699e-01
9.973110556602478027e-01
9.976992011070251465e-01
9.902134537696838379e-01
9.982013702392578125e-01
9.844791293144226074e-01
1.001308798789978027e+00
9.957446455955505371e-01
9.989644289016723633e-01
1.004793643951416016e+00
9.961173534393310547e-01
1.014842629432678223e+00
1.007656574249267578e+00
9.970172047615051270e-01
9.984651803970336914e-01
9.926542639732360840e-01
1.009595990180969238e+00
9.881775975227355957e-01
9.947710037231445312e-01
1.003022670745849609e+00
9.949455261230468750e-01
1.002702116966247559e+00
9.937681555747985840e-01
9.986397624015808105e-01
9.901037812232971191e-01
9.979081153869628906e-01
9.887437224388122559e-01
9.920700192451477051e-01
9.977340698242187500e-01
9.926601648330688477e-01
9.972866773605346680e-01
1.000503420829772949e+00
1.002893090248107910e+00
9.986082315444946289e-01
1.000603795051574707e+00
9.850522875785827637e-01
9.974125623703002930e-01
9.984105825424194336e-01
9.983699321746826172e-01
1.002306222915649414e+00
1.012279987335205078e+00
1.002533912658691406e+00
1.027245402336120605e+00
1.002163290977478027e+00
9.996204972267150879e-01
9.967588186264038086e-01
9.881452322006225586e-01
9.914907813072204590e-01
1.000488519668579102e+00
1.000881314277648926e+00
9.940254688262939453e-01
9.937317967414855957e-01
1.013949871063232422e+00
1.004522919654846191e+00
1.015770435333251953e+00
1.016006350517272949e+00
9.979718327522277832e-01
9.909822940826416016e-01
1.004566907882690430e+00
1.002402782440185547e+00
1.000929713249206543e+00
9.955544471740722656e-01
9.975737929344177246e-01
9.975099563598632812e-01
9.873420000076293945e-01
1.006638288497924805e+00
1.000400662422180176e+00
9.985588192939758301e-01
1.006123900413513184e+00
1.005087733268737793e+00
9.998174905776977539e-01
1.004367113113403320e+00
9.966519474983215332e-01
9.933460950851440430e-01
9.983447790145874023e-01
1.000284910202026367e+00
1.002616167068481445e+00
1.002494812011718750e+00
9.996489286422729492e-01
1.002295136451721191e+00
9.997571706771850586e-01
9.912561178207397461e-01
1.007763028144836426e+00
9.918629527091979980e-01
9.969748258590698242e-01
9.994533658027648926e-01
9.911983013153076172e-01
1.002042055130004883e+00
9.963160157203674316e-01
1.000528216361999512e+00
9.999072551727294922e-01
9.931529760360717773e-01
1.002002954483032227e+00
1.001754045486450195e+00
1.010955333709716797e+00
9.929637908935546875e-01
1.003518223762512207e+00
1.010185360908508301e+00
9.969034790992736816e-01
9.997937679290771484e-01
9.999496340751647949e-01
1.002711057662963867e+00
9.970681071281433105e-01
1.019063234329223633e+00
9.901126623153686523e-01
9.952105283737182617e-01
1.013769984245300293e+00
1.007372140884399414e+00
1.001058101654052734e+00
1.012299060821533203e+00
9.878083467483520508e-01
9.954969286918640137e-01
9.988862276077270508e-01
9.939236044883728027e-01
1.002641558647155762e+00
1.001352667808532715e+00
9.889140725135803223e-01
9.982031583786010742e-01
1.002232313156127930e+00
9.978850483894348145e-01
9.949728846549987793e-01
9.998583197593688965e-01
9.873051643371582031e-01
9.990622401237487793e-01
9.996829032897949219e-01
1.000226736068725586e+00
1.002208471298217773e+00
9.969552159309387207e-01
9.856816530227661133e-01
1.000499606132507324e+00
1.010598778724670410e+00
9.987657070159912109e-01
9.941635727882385254e-01
9.938809275627136230e-01
1.003910541534423828e+00
1.004242777824401855e+00
1.003350734710693359e+00
1.000549912452697754e+00
1.004580259323120117e+00
9.899948835372924805e-01
9.874270558357238770e-01
1.004740834236145020e+00
9.916807413101196289e-01
1.003619790077209473e+00
9.987682104110717773e-01
9.983791708946228027e-01
9.995829463005065918e-01
1.002008199691772461e+00
1.000224471092224121e+00
9.875981807708740234e-01
1.004477143287658691e+00
1.000074744224548340e+00
9.884420037269592285e-01
9.989700913429260254e-01
1.009344577789306641e+00
1.007766246795654297e+00
1.003468275070190430e+00
1.005375623703002930e+00
1.005670666694641113e+00
1.002949118614196777e+00
9.842024445533752441e-01
9.925178289413452148e-01
1.005079627037048340e+00
9.993097782135009766e-01
1.003996372222900391e+00
9.991284608840942383e-01
1.002259254455566406e+00
1.009835958480834961e+00
1.013157606124877930e+00
1.003929853439331055e+00
9.963083267211914062e-01
1.000450968742370605e+00
9.990952610969543457e-01
9.961046576499938965e-01
1.008913397789001465e+00
1.003142595291137695e+00
9.983338713645935059e-01
9.992138743400573730e-01
9.966873526573181152e-01
9.881244897842407227e-01
1.002535820007324219e+00
1.003216028213500977e+00
9.900192022323608398e-01
9.902086853981018066e-01
1.000071167945861816e+00
9.970282912254333496e-01
9.907085895538330078e-01
1.002277493476867676e+00
1.007135629653930664e+00
1.001226305961608887e+00
1.001767158508300781e+00
1.007747054100036621e+00
1.012966513633728027e+00
1.002356886863708496e+00
1.008733987808227539e+00
1.007885098457336426e+00
9.973491430282592773e-01
9.965202212333679199e-01
9.986175894737243652e-01
9.975244998931884766e-01
9.921182990074157715e-01
1.003190517425537109e+00
9.953893423080444336e-01
9.984408617019653320e-01
1.000363826751708984e+00
9.949737787246704102e-01
1.004661798477172852e+00
1.024573683738708496e+00
1.000516772270202637e+00
1.000633120536804199e+00
1.004367709159851074e+00
1.008620500564575195e+00
1.000488281250000000e+00
1.001363635063171387e+00
9.997914433479309082e-01
9.962276220321655273e-01
1.001714587211608887e+00
9.908372759819030762e-01
9.978808760643005371e-01
9.978328347206115723e-01
9.953546524047851562e-01
1.004394173622131348e+00
9.951484203338623047e-01
1.004405021667480469e+00
9.984396100044250488e-01
1.005943179130554199e+00
1.012827515602111816e+00
1.009564399719238281e+00
9.875338077545166016e-01
9.874140024185180664e-01
1.000170350074768066e+00
1.010891318321228027e+00
1.000307917594909668e+00
1.001447558403015137e+00
9.914347529411315918e-01
9.927626848220825195e-01
1.007811903953552246e+00
9.989700317382812500e-01
1.002234339714050293e+00
1.002267122268676758e+00
1.003659963607788086e+00
1.010160923004150391e+00
1.001721978187561035e+00
1.002584815025329590e+00
9.905730485916137695e-01
1.003852009773254395e+00
9.966776371002197266e-01
1.000676035881042480e+00
9.971939921379089355e-01
9.981443881988525391e-01
1.007210016250610352e+00
1.000089168548583984e+00
1.001093029975891113e+00
1.001178264617919922e+00
1.003305792808532715e+00
1.013293981552124023e+00
9.997285604476928711e-01
9.973923563957214355e-01
9.978768825531005859e-01
9.949529767036437988e-01
1.005898356437683105e+00
9.888246655464172363e-01
1.000865221023559570e+00
1.001325488090515137e+00
9.981104135513305664e-01
9.981291890144348145e-01
9.894927144050598145e-01
9.994948506355285645e-01
9.977358579635620117e-01
1.007491230964660645e+00
9.912067055702209473e-01
9.965609312057495117e-01
9.947863221168518066e-01
9.993932843208312988e-01
1.001510143280029297e+00
1.015123963356018066e+00
1.003604888916015625e+00
9.982177615165710449e-01
1.009522914886474609e+00
9.980088472366333008e-01
9.953035116195678711e-01
9.985286593437194824e-01
1.006085038185119629e+00
1.001398921012878418e+00
1.007354259490966797e+00
1.001585245132446289e+00
9.835229516029357910e-01
9.876874685287475586e-01
1.005624294281005859e+00
1.011011600494384766e+00
1.002858757972717285e+00
9.965328574180603027e-01
