1.005226850509643555e+00
1.002103805541992188e+00
9.973840117454528809e-01
9.844893813133239746e-01
1.001025319099426270e+00
1.000225663185119629e+00
9.959931373596191406e-01
1.000193953514099121e+00
1.003772377967834473e+00
1.006987452507019043e+00
1.001556277275085449e+00
9.980221390724182129e-01
9.924628734588623047e-01
1.008695960044860840e+00
9.973361492156982422e-01
1.000384688377380371e+00
9.992986917495727539e-01
9.985910058021545410e-01
1.000963807106018066e+00
1.004154801368713379e+00
1.005934000015258789e+00
9.886128902435302734e-01
9.925285577774047852e-01
1.040512084960937500e+00
1.000949144363403320e+00
1.005836367607116699e+00
1.002099037170410156e+00
9.928290843963623047e-01
9.932746887207031250e-01
1.002435326576232910e+00
9.899911880493164062e-01
1.003461241722106934e+00
1.046522855758666992e+00
9.989651441574096680e-01
9.993735551834106445e-01
9.869636297225952148e-01
1.012269020080566406e+00
1.003679990768432617e+00
9.991967678070068359e-01
9.986257553100585938e-01
1.001694560050964355e+00
9.886963367462158203e-01
1.001608967781066895e+00
9.880626797676086426e-01
9.902153611183166504e-01
1.002354502677917480e+00
1.005673527717590332e+00
9.933117032051086426e-01
9.961097836494445801e-01
1.001420617103576660e+00
1.010614037513732910e+00
9.986786246299743652e-01
9.782204031944274902e-01
1.000253796577453613e+00
9.987518191337585449e-01
9.902083277702331543e-01
1.007606863975524902e+00
9.863765239715576172e-01
1.002306938171386719e+00
9.943164587020874023e-01
9.876030087471008301e-01
1.006611347198486328e+00
9.924548864364624023e-01
9.975462555885314941e-01
9.906280040740966797e-01
9.941040277481079102e-01
1.001678586006164551e+00
1.010057210922241211e+00
9.915876984596252441e-01
9.989722967147827148e-01
1.002165436744689941e+00
1.014125823974609375e+00
9.960491657257080078e-01
9.914445281028747559e-01
9.780800342559814453e-01
9.984776973724365234e-01
9.901383519172668457e-01
1.047504782676696777e+00
1.004327654838562012e+00
9.959356784820556641e-01
9.939076900482177734e-01
9.867710471153259277e-01
9.981434941291809082e-01
9.987406730651855469e-01
9.968283772468566895e-01
1.014524936676025391e+00
9.951309561729431152e-01
1.001757740974426270e+00
9.948774576187133789e-01
1.004360914230346680e+00
9.863662719726562500e-01
1.018411397933959961e+00
9.967336654663085938e-01
1.002199053764343262e+00
9.939253926277160645e-01
9.993794560432434082e-01
9.957378506660461426e-01
1.006074190139770508e+00
1.009842753410339355e+00
9.963521361351013184e-01
9.944055080413818359e-01
1.004355072975158691e+00
9.906713366508483887e-01
1.006843924522399902e+00
1.005467891693115234e+00
1.014503717422485352e+00
9.968221783638000488e-01
1.007554769515991211e+00
1.008619070053100586e+00
9.963545799255371094e-01
9.876647591590881348e-01
9.899780750274658203e-01
1.003149867057800293e+00
9.963761568069458008e-01
9.913790822029113770e-01
9.957860112190246582e-01
1.006023645401000977e+00
9.852426052093505859e-01
9.926645755767822266e-01
9.840300083160400391e-01
9.817413091659545898e-01
1.019149899482727051e+00
1.013034582138061523e+00
1.026539564132690430e+00
1.012407422065734863e+00
1.000706791877746582e+00
9.964718222618103027e-01
1.004814982414245605e+00
9.825788736343383789e-01
1.010318636894226074e+00
1.006163239479064941e+00
9.830619692802429199e-01
1.018265128135681152e+00
9.899158477783203125e-01
1.011357069015502930e+00
9.970216155052185059e-01
9.886106252670288086e-01
9.962559342384338379e-01
1.005781173706054688e+00
9.971678853034973145e-01
9.994544386863708496e-01
9.925097227096557617e-01
1.002014279365539551e+00
9.868500232696533203e-01
9.934226870536804199e-01
9.865833520889282227e-01
9.951573610305786133e-01
9.887812137603759766e-01
1.003381490707397461e+00
9.988665580749511719e-01
9.946331381797790527e-01
9.965054392814636230e-01
9.943482875823974609e-01
1.004893541336059570e+00
1.004457712173461914e+00
9.932833313941955566e-01
1.002630591392517090e+00
9.955037832260131836e-01
1.002471923828125000e+00
9.933137893676757812e-01
9.943301081657409668e-01
9.994274377822875977e-01
1.011773824691772461e+00
9.945782423019409180e-01
9.992506504058837891e-01
9.994383454322814941e-01
1.003043174743652344e+00
1.001112699508666992e+00
1.006391882896423340e+00
1.005116939544677734e+00
9.950115680694580078e-01
9.945480823516845703e-01
9.962935447692871094e-01
9.954714775085449219e-01
9.996584653854370117e-01
1.011331081390380859e+00
9.943013787269592285e-01
1.004730343818664551e+00
1.000641942024230957e+00
1.004881501197814941e+00
9.998251795768737793e-01
1.000924944877624512e+00
9.924724698066711426e-01
1.001561880111694336e+00
9.959398508071899414e-01
1.007119894027709961e+00
9.959220290184020996e-01
9.930847287178039551e-01
9.986483454704284668e-01
9.934932589530944824e-01
1.000326991081237793e+00
1.003747701644897461e+00
1.000169873237609863e+00
9.825078845024108887e-01
9.996114969253540039e-01
1.010421037673950195e+00
1.004233956336975098e+00
9.944062829017639160e-01
1.003234148025512695e+00
1.010357141494750977e+00
9.999064803123474121e-01
1.023469448089599609e+00
1.000260710716247559e+00
9.930053353309631348e-01
9.959555864334106445e-01
1.007847785949707031e+00
9.964273571968078613e-01
9.988548159599304199e-01
9.978201389312744141e-01
9.946076869964599609e-01
9.971375465393066406e-01
9.954775571823120117e-01
1.003164887428283691e+00
1.020353078842163086e+00
1.005223035812377930e+00
9.925481081008911133e-01
9.970631599426269531e-01
9.939125180244445801e-01
9.964078664779663086e-01
1.004135847091674805e+00
9.977675676345825195e-01
1.000346183776855469e+00
9.961152076721191406e-01
1.005040526390075684e+00
1.000857472419738770e+00
1.000004410743713379e+00
1.000573158264160156e+00
1.002947449684143066e+00
1.009080529212951660e+00
1.004335641860961914e+00
1.003979802131652832e+00
1.008284211158752441e+00
9.999994635581970215e-01
1.000743031501770020e+00
9.998980760574340820e-01
9.923973083496093750e-01
1.005393743515014648e+00
1.011523962020874023e+00
9.957536458969116211e-01
1.011800527572631836e+00
1.004110813140869141e+00
9.937288761138916016e-01
9.963235855102539062e-01
1.002173781394958496e+00
1.013432979583740234e+00
1.007123589515686035e+00
1.010223865509033203e+00
9.907510280609130859e-01
9.970593452453613281e-01
9.950153827667236328e-01
9.990035891532897949e-01
9.988505840301513672e-01
1.006181955337524414e+00
9.998549818992614746e-01
9.940170645713806152e-01
1.008240818977355957e+00
1.003075003623962402e+00
9.971098303794860840e-01
1.010469913482666016e+00
1.005687832832336426e+00
9.869341850280761719e-01
1.003343343734741211e+00
1.005686640739440918e+00
9.943292737007141113e-01
1.001514077186584473e+00
9.904292821884155273e-01
1.011331200599670410e+00
9.941061735153198242e-01
9.999652504920959473e-01
9.822138547897338867e-01
9.860593676567077637e-01
9.994561672210693359e-01
1.003301024436950684e+00
9.936351180076599121e-01
9.949886798858642578e-01
1.003664374351501465e+00
1.003755092620849609e+00
1.002268791198730469e+00
9.983763694763183594e-01
1.002357721328735352e+00
1.002468824386596680e+00
1.006911396980285645e+00
9.836231470108032227e-01
9.881032705307006836e-01
9.971343874931335449e-01
9.892262220382690430e-01
1.007666826248168945e+00
1.006952881813049316e+00
1.011676907539367676e+00
9.997045397758483887e-01
9.978338479995727539e-01
9.936745166778564453e-01
1.004769682884216309e+00
9.958198070526123047e-01
1.001030445098876953e+00
9.969072937965393066e-01
9.981115460395812988e-01
9.913343191146850586e-01
9.998459219932556152e-01
9.953001737594604492e-01
9.995704889297485352e-01
1.002393126487731934e+00
1.002182006835937500e+00
9.840911626815795898e-01
9.978695511817932129e-01
9.986299276351928711e-01
1.000632286071777344e+00
9.960699677467346191e-01
9.934034943580627441e-01
9.920622706413269043e-01
9.983867406845092773e-01
1.013721466064453125e+00
1.010774374008178711e+00
9.899227023124694824e-01
9.924868345260620117e-01
9.976788759231567383e-01
9.970601797103881836e-01
9.875969290733337402e-01
1.014592170715332031e+00
9.902992844581604004e-01
9.845133423805236816e-01
1.001730561256408691e+00
9.991916418075561523e-01
1.010884284973144531e+00
1.001397728919982910e+00
1.008701562881469727e+00
9.986445307731628418e-01
1.005037307739257812e+00
9.903469681739807129e-01
1.009804487228393555e+00
1.000312685966491699e+00
9.934289455413818359e-01
9.994591474533081055e-01
1.006697177886962891e+00
1.003610491752624512e+00
9.900808334350585938e-01
1.004098296165466309e+00
9.940139055252075195e-01
1.001324892044067383e+00
9.918672442436218262e-01
1.005127191543579102e+00
9.971950054168701172e-01
9.904356598854064941e-01
9.805876016616821289e-01
1.000061154365539551e+00
1.006062507629394531e+00
1.006122708320617676e+00
9.983926415443420410e-01
1.014357686042785645e+00
1.000197410583496094e+00
1.021620988845825195e+00
9.957948327064514160e-01
9.977900981903076172e-01
1.003144145011901855e+00
9.916086792945861816e-01
9.924601912498474121e-01
9.857789278030395508e-01
9.955632686614990234e-01
1.010758638381958008e+00
9.955117702484130859e-01
9.952731728553771973e-01
9.992777705192565918e-01
9.997421503067016602e-01
1.004518032073974609e+00
1.017920613288879395e+00
9.916181564331054688e-01
9.951362609863281250e-01
1.004038929939270020e+00
9.931876659393310547e-01
1.007313013076782227e+00
1.002323746681213379e+00
9.809212088584899902e-01
9.962673187255859375e-01
1.040755271911621094e+00
9.935245513916015625e-01
9.789107441902160645e-01
9.997852444648742676e-01
9.945292472839355469e-01
9.918158650398254395e-01
1.000187635421752930e+00
9.880763292312622070e-01
9.987709522247314453e-01
1.000055074691772461e+00
9.851115942001342773e-01
9.915895462036132812e-01
1.019456028938293457e+00
9.941480159759521484e-01
9.986916780471801758e-01
9.950742721557617188e-01
1.010657429695129395e+00
1.000645279884338379e+00
1.002666950225830078e+00
1.001467347145080566e+00
9.997049570083618164e-01
9.918272495269775391e-01
1.000174522399902344e+00
9.889265894889831543e-01
1.017310380935668945e+00
1.012176752090454102e+00
1.003446459770202637e+00
1.019024014472961426e+00
9.903037548065185547e-01
9.893221855163574219e-01
9.989852309226989746e-01
9.998997449874877930e-01
9.907332658767700195e-01
9.996402263641357422e-01
9.865356683731079102e-01
9.983072876930236816e-01
1.015343189239501953e+00
1.003636717796325684e+00
9.931025505065917969e-01
1.006662368774414062e+00
1.004547476768493652e+00
9.769597053527832031e-01
1.000414490699768066e+00
1.009728312492370605e+00
1.027885556221008301e+00
9.963412284851074219e-01
9.976680874824523926e-01
1.008868932723999023e+00
1.004792332649230957e+00
1.013356566429138184e+00
9.943481683731079102e-01
9.968655705451965332e-01
1.011281847953796387e+00
1.022935271263122559e+00
1.021468520164489746e+00
9.995750784873962402e-01
9.957571029663085938e-01
9.974809288978576660e-01
1.001948356628417969e+00
1.012015342712402344e+00
1.023204803466796875e+00
9.918978810310363770e-01
9.943408966064453125e-01
1.007963418960571289e+00
1.002506494522094727e+00
1.001052021980285645e+00
1.015079140663146973e+00
1.002149105072021484e+00
1.001240134239196777e+00
9.992825984954833984e-01
9.912787675857543945e-01
9.869818687438964844e-01
9.998666644096374512e-01
9.937307834625244141e-01
1.012104868888854980e+00
9.912444353103637695e-01
1.002143502235412598e+00
9.921483993530273438e-01
9.949700236320495605e-01
1.007557749748229980e+00
1.019079685211181641e+00
1.007827877998352051e+00
1.000251650810241699e+00
9.999617934226989746e-01
9.980653524398803711e-01
9.896080493927001953e-01
1.019467234611511230e+00
1.001241803169250488e+00
9.952781796455383301e-01
1.011513590812683105e+00
9.940218925476074219e-01
1.011901855468750000e+00
9.973879456520080566e-01
1.005736589431762695e+00
9.924667477607727051e-01
9.874657988548278809e-01
1.003509640693664551e+00
9.975217580795288086e-01
1.002532601356506348e+00
9.868519306182861328e-01
1.001815199851989746e+00
9.968495368957519531e-01
1.017039537429809570e+00
9.895099401473999023e-01
1.003595709800720215e+00
1.000481963157653809e+00
1.000720858573913574e+00
1.007021665573120117e+00
9.864988327026367188e-01
1.001978397369384766e+00
9.981458187103271484e-01
1.002600669860839844e+00
1.013694882392883301e+00
9.988248348236083984e-01
9.792152643203735352e-01
9.971529841423034668e-01
9.894716143608093262e-01
1.003279089927673340e+00
1.000533819198608398e+00
9.959508776664733887e-01
9.876758456230163574e-01
1.001958012580871582e+00
9.917216897010803223e-01
9.968251585960388184e-01
1.005821704864501953e+00
1.002934694290161133e+00
1.009110093116760254e+00
1.014015674591064453e+00
9.986311793327331543e-01
1.002887725830078125e+00
1.003270149230957031e+00
9.989793896675109863e-01
9.957877993583679199e-01
9.781243801116943359e-01
9.998023509979248047e-01
9.941450953483581543e-01
9.984581470489501953e-01
9.852750301361083984e-01
9.988332986831665039e-01
9.932886362075805664e-01
9.878997206687927246e-01
1.004505395889282227e+00
1.002688407897949219e+00
9.983222484588623047e-01
9.928592443466186523e-01
9.972591400146484375e-01
1.000000596046447754e+00
9.841535091400146484e-01
9.905476570129394531e-01
9.998142719268798828e-01
9.961164593696594238e-01
9.982042908668518066e-01
9.946545362472534180e-01
1.017448544502258301e+00
9.977328777313232422e-01
1.003432273864746094e+00
1.010037183761596680e+00
9.963507652282714844e-01
1.006279110908508301e+00
9.898325800895690918e-01
9.941307902336120605e-01
9.943452477455139160e-01
1.001385450363159180e+00
9.964662194252014160e-01
1.004792451858520508e+00
9.945939779281616211e-01
1.021140217781066895e+00
9.983934760093688965e-01
9.965404868125915527e-01
1.000373125076293945e+00
9.974566698074340820e-01
1.002449512481689453e+00
1.007842898368835449e+00
1.004342675209045410e+00
9.976950287818908691e-01
1.003053188323974609e+00
9.825381040573120117e-01
9.968653321266174316e-01
1.013638615608215332e+00
1.004922866821289062e+00
1.001363635063171387e+00
9.869053959846496582e-01
9.955976009368896484e-01
9.982681870460510254e-01
9.899061918258666992e-01
9.964472651481628418e-01
9.889268279075622559e-01
9.962489008903503418e-01
1.003610491752624512e+00
9.999301433563232422e-01
9.999885559082031250e-01
9.959766864776611328e-01
1.002775907516479492e+00
1.006835699081420898e+00
9.941287636756896973e-01
9.876746535301208496e-01
1.016122102737426758e+00
9.954178333282470703e-01
9.986500740051269531e-01
1.007140517234802246e+00
1.000273942947387695e+00
1.001540541648864746e+00
9.895794391632080078e-01
9.898610711097717285e-01
9.886050820350646973e-01
9.966825246810913086e-01
9.942577481269836426e-01
9.906919002532958984e-01
9.908204078674316406e-01
1.012054443359375000e+00
1.001713275909423828e+00
1.001562952995300293e+00
1.001103281974792480e+00
1.011132478713989258e+00
9.856731295585632324e-01
1.009901881217956543e+00
9.809092283248901367e-01
9.928187131881713867e-01
1.002455711364746094e+00
1.024708032608032227e+00
1.000311493873596191e+00
9.991309046745300293e-01
1.005125999450683594e+00
9.970827102661132812e-01
9.926038980484008789e-01
1.000562310218811035e+00
1.002844095230102539e+00
1.005954027175903320e+00
9.884990453720092773e-01
1.002046585083007812e+00
1.001659512519836426e+00
9.919117689132690430e-01
1.000226616859436035e+00
9.986625313758850098e-01
1.002360701560974121e+00
9.960199594497680664e-01
1.006726741790771484e+00
1.006026983261108398e+00
1.007827520370483398e+00
1.001381158828735352e+00
9.990086555480957031e-01
1.007186293601989746e+00
1.001144886016845703e+00
9.905508756637573242e-01
9.850851297378540039e-01
1.006481051445007324e+00
9.866245388984680176e-01
1.003215312957763672e+00
1.003917336463928223e+00
1.001892924308776855e+00
1.006226897239685059e+00
9.898325204849243164e-01
1.011091351509094238e+00
1.008114099502563477e+00
1.002723813056945801e+00
9.932796359062194824e-01
9.949265718460083008e-01
9.878842830657958984e-01
9.873796701431274414e-01
9.935182929039001465e-01
9.945417642593383789e-01
9.848362207412719727e-01
9.986422657966613770e-01
9.901683926582336426e-01
1.013628125190734863e+00
1.003103494644165039e+00
9.979991912841796875e-01
9.892140030860900879e-01
9.970780611038208008e-01
9.960646033287048340e-01
1.009729862213134766e+00
1.004291534423828125e+00
9.836698174476623535e-01
9.970944523811340332e-01
1.010016202926635742e+00
9.938414096832275391e-01
1.013281464576721191e+00
9.997972846031188965e-01
9.997697472572326660e-01
1.051777243614196777e+00
1.004556894302368164e+00
1.005372285842895508e+00
1.011660933494567871e+00
1.005211472511291504e+00
1.002055048942565918e+00
1.002896547317504883e+00
9.970013499259948730e-01
1.000004887580871582e+00
9.978557229042053223e-01
9.936438202857971191e-01
9.956902265548706055e-01
1.000104665756225586e+00
9.964351058006286621e-01
1.001065850257873535e+00
9.984523653984069824e-01
1.023495912551879883e+00
1.003510355949401855e+00
1.013994574546813965e+00
1.019128084182739258e+00
9.905242919921875000e-01
1.007397174835205078e+00
9.959349036216735840e-01
9.923383593559265137e-01
9.897814393043518066e-01
1.006327986717224121e+00
9.992222785949707031e-01
9.986450672149658203e-01
9.901276230812072754e-01
1.000775456428527832e+00
9.990714192390441895e-01
1.001076340675354004e+00
9.979679584503173828e-01
9.946714043617248535e-01
1.016467809677124023e+00
1.001748800277709961e+00
9.932103753089904785e-01
9.858047962188720703e-01
9.887009859085083008e-01
1.000028252601623535e+00
9.940846562385559082e-01
9.975876212120056152e-01
1.002610087394714355e+00
9.963836669921875000e-01
9.956686496734619141e-01
9.922143220901489258e-01
1.006064891815185547e+00
9.728663563728332520e-01
1.012684822082519531e+00
1.003622531890869141e+00
1.011660456657409668e+00
9.919157028198242188e-01
9.955987930297851562e-01
9.956728816032409668e-01
9.977836012840270996e-01
1.004185676574707031e+00
1.029968619346618652e+00
1.016710758209228516e+00
9.862147569656372070e-01
9.987457990646362305e-01
1.005391955375671387e+00
9.976749420166015625e-01
1.007501125335693359e+00
9.826610088348388672e-01
1.006497144699096680e+00
9.954344630241394043e-01
1.001197218894958496e+00
1.013252615928649902e+00
9.822506904602050781e-01
9.971899390220642090e-01
9.843533039093017578e-01
1.003375053405761719e+00
1.008117675781250000e+00
9.889252185821533203e-01
9.963387846946716309e-01
1.000413417816162109e+00
1.001045346260070801e+00
9.991951584815979004e-01
9.959242343902587891e-01
1.001162052154541016e+00
1.024294614791870117e+00
1.008258342742919922e+00
1.010685205459594727e+00
1.040367484092712402e+00
9.955760240554809570e-01
1.002689361572265625e+00
1.004832386970520020e+00
9.995564818382263184e-01
1.007566094398498535e+00
1.002281188964843750e+00
1.005996346473693848e+00
9.968308210372924805e-01
1.001810550689697266e+00
9.837836623191833496e-01
9.992741942405700684e-01
1.003831982612609863e+00
9.998813271522521973e-01
1.004647135734558105e+00
9.847723841667175293e-01
9.948385953903198242e-01
9.963539242744445801e-01
1.002002000808715820e+00
9.904465675354003906e-01
1.002384543418884277e+00
9.925754070281982422e-01
9.927697181701660156e-01
1.007509827613830566e+00
1.009592413902282715e+00
9.969233870506286621e-01
9.973380565643310547e-01
9.950121641159057617e-01
9.984520673751831055e-01
9.999754428863525391e-01
9.927165508270263672e-01
9.995366334915161133e-01
9.916247725486755371e-01
9.942346215248107910e-01
9.872053861618041992e-01
9.946523308753967285e-01
1.007138252258300781e+00
1.003323316574096680e+00
1.012175202369689941e+00
1.009107589721679688e+00
1.009962439537048340e+00
9.968092441558837891e-01
1.011042833328247070e+00
1.001482367515563965e+00
9.942778944969177246e-01
9.961115121841430664e-01
9.933871626853942871e-01
9.955327510833740234e-01
1.005726695060729980e+00
9.959725141525268555e-01
1.000286817550659180e+00
1.005798816680908203e+00
9.995610117912292480e-01
1.025218963623046875e+00
1.003723621368408203e+00
9.995306134223937988e-01
1.011481523513793945e+00
9.949058294296264648e-01
9.821050763130187988e-01
9.960833787918090820e-01
9.919343590736389160e-01
9.878906607627868652e-01
9.942822456359863281e-01
9.959819316864013672e-01
9.965620636940002441e-01
1.024633049964904785e+00
9.960334300994873047e-01
1.003461480140686035e+00
1.000098943710327148e+00
9.986810088157653809e-01
1.001095771789550781e+00
1.001820325851440430e+00
1.003939986228942871e+00
9.913933873176574707e-01
1.008387446403503418e+00
1.007377743721008301e+00
9.976850748062133789e-01
1.000562191009521484e+00
9.930979013442993164e-01
9.964689016342163086e-01
1.005857110023498535e+00
1.007352828979492188e+00
1.004536986351013184e+00
9.959803223609924316e-01
1.008721470832824707e+00
9.954829812049865723e-01
1.011141419410705566e+00
1.002932667732238770e+00
9.927818179130554199e-01
9.929966330528259277e-01
9.917215108871459961e-01
9.929779767990112305e-01
1.006247878074645996e+00
9.946829080581665039e-01
1.003660082817077637e+00
9.974452853202819824e-01
9.849988222122192383e-01
9.863365292549133301e-01
9.931327700614929199e-01
9.934557080268859863e-01
9.965884089469909668e-01
1.008252620697021484e+00
9.873420596122741699e-01
1.003126144409179688e+00
1.004036903381347656e+00
1.003884196281433105e+00
1.005546569824218750e+00
1.014121890068054199e+00
1.019873499870300293e+00
9.947013258934020996e-01
9.963952302932739258e-01
1.000772595405578613e+00
1.007303357124328613e+00
9.993615150451660156e-01
1.000718593597412109e+00
9.971081018447875977e-01
9.976735711097717285e-01
1.000211954116821289e+00
1.004958510398864746e+00
1.000723242759704590e+00
1.016963362693786621e+00
9.976649880409240723e-01
1.002118110656738281e+00
9.957597255706787109e-01
1.008869528770446777e+00
9.979373812675476074e-01
1.004468798637390137e+00
9.986069202423095703e-01
1.002875924110412598e+00
9.841331839561462402e-01
1.004145741462707520e+00
1.010581016540527344e+00
1.012422919273376465e+00
9.991842508316040039e-01
9.926398992538452148e-01
1.002460718154907227e+00
9.951915144920349121e-01
1.026966810226440430e+00
1.002429962158203125e+00
9.998510479927062988e-01
9.960337877273559570e-01
9.940947294235229492e-01
9.926136732101440430e-01
1.002286195755004883e+00
1.001099467277526855e+00
9.924949407577514648e-01
1.006163835525512695e+00
9.958175420761108398e-01
9.828134179115295410e-01
1.001838445663452148e+00
1.007980585098266602e+00
1.006204366683959961e+00
1.007408142089843750e+00
9.894411563873291016e-01
9.966879487037658691e-01
9.981012344360351562e-01
9.877783060073852539e-01
9.994500875473022461e-01
1.011327624320983887e+00
9.828281998634338379e-01
1.006798744201660156e+00
9.968741536140441895e-01
9.993624687194824219e-01
1.011940717697143555e+00
9.982669353485107422e-01
1.026854395866394043e+00
1.004037499427795410e+00
1.000610113143920898e+00
1.001085519790649414e+00
1.002772450447082520e+00
1.000432372093200684e+00
9.944479465484619141e-01
1.007039070129394531e+00
1.003167748451232910e+00
1.006778955459594727e+00
1.099133372306823730e+00
9.921231269836425781e-01
9.993034005165100098e-01
1.014025330543518066e+00
9.895865321159362793e-01
9.847602248191833496e-01
9.914103150367736816e-01
9.969199299812316895e-01
9.957711100578308105e-01
1.006209731101989746e+00
1.061280727386474609e+00
1.002793550491333008e+00
9.930328726768493652e-01
1.002538323402404785e+00
9.921227693557739258e-01
1.000038027763366699e+00
9.949644207954406738e-01
1.007005810737609863e+00
1.008537888526916504e+00
1.000459313392639160e+00
9.924396276473999023e-01
1.002159118652343750e+00
1.003655910491943359e+00
1.011439323425292969e+00
1.008018851280212402e+00
9.984837770462036133e-01
9.966111183166503906e-01
9.966877698898315430e-01
9.994869232177734375e-01
9.942629337310791016e-01
9.942199587821960449e-01
1.001359462738037109e+00
1.002357006072998047e+00
9.860854744911193848e-01
1.001891016960144043e+00
1.003176689147949219e+00
1.000301837921142578e+00
1.002364754676818848e+00
9.850600957870483398e-01
1.000805616378784180e+00
1.005931258201599121e+00
1.003924727439880371e+00
9.970462322235107422e-01
9.960129857063293457e-01
9.990647435188293457e-01
9.886293411254882812e-01
9.986128211021423340e-01
9.809271097183227539e-01
1.006866455078125000e+00
9.989084601402282715e-01
1.013631224632263184e+00
9.994016289710998535e-01
9.953774213790893555e-01
9.982773065567016602e-01
9.955351948738098145e-01
9.951297044754028320e-01
9.837588071823120117e-01
1.011244654655456543e+00
9.953715205192565918e-01
1.003431439399719238e+00
9.992451071739196777e-01
1.001941442489624023e+00
9.980005025863647461e-01
9.882650375366210938e-01
9.911541938781738281e-01
9.920083880424499512e-01
1.044453382492065430e+00
9.985323548316955566e-01
9.979785084724426270e-01
9.999983310699462891e-01
9.938015341758728027e-01
9.991775751113891602e-01
9.915798902511596680e-01
9.965531826019287109e-01
9.892699122428894043e-01
9.998075962066650391e-01
9.929693937301635742e-01
1.004290461540222168e+00
1.008588314056396484e+00
9.968323111534118652e-01
9.958025217056274414e-01
1.001548767089843750e+00
1.000014781951904297e+00
9.989216923713684082e-01
1.007791757583618164e+00
9.921616315841674805e-01
1.007340431213378906e+00
9.973957538604736328e-01
9.928150773048400879e-01
9.995456933975219727e-01
9.953725934028625488e-01
1.040634155273437500e+00
9.949666857719421387e-01
1.003671765327453613e+00
9.957805871963500977e-01
9.844720959663391113e-01
1.000422239303588867e+00
9.997992515563964844e-01
9.924978613853454590e-01
1.003806352615356445e+00
1.021914243698120117e+00
1.007933139801025391e+00
1.000922203063964844e+00
1.014627814292907715e+00
1.016189455986022949e+00
9.902463555335998535e-01
9.910718798637390137e-01
9.920901060104370117e-01
9.723276495933532715e-01
9.864071011543273926e-01
1.008161902427673340e+00
9.869503378868103027e-01
1.008372545242309570e+00
9.886627197265625000e-01
