-5.454112775623798370e-03
-9.162433445453643799e-03
-1.647662743926048279e-02
2.365094050765037537e-02
1.716013997793197632e-02
2.964779734611511230e-02
-2.444557100534439087e-02
2.833143249154090881e-02
-1.709518581628799438e-02
-6.427819840610027313e-03
2.120903134346008301e-02
-1.637683063745498657e-02
-2.025998756289482117e-02
-4.057344049215316772e-03
1.106787845492362976e-02
-1.712361723184585571e-02
-2.198589593172073364e-02
-6.146125495433807373e-03
2.395137399435043335e-02
-1.258781179785728455e-02
1.188655942678451538e-02
-1.241981238126754761e-02
1.927846670150756836e-02
-2.725521102547645569e-02
-1.599015668034553528e-02
1.790792122483253479e-02
-2.866596356034278870e-02
-1.168474927544593811e-02
1.973756775259971619e-02
1.572893187403678894e-02
-2.113942801952362061e-02
-9.197565959766507149e-04
-7.908657193183898926e-03
4.888919182121753693e-03
3.021419048309326172e-02
-9.955237619578838348e-03
-1.492558792233467102e-02
1.359046995639801025e-02
1.000783964991569519e-02
-1.078794896602630615e-02
-1.694060117006301880e-02
-2.751329913735389709e-02
2.023223042488098145e-02
-2.201227704063057899e-03
-5.654972046613693237e-03
-1.200739294290542603e-02
-1.975168660283088684e-02
-2.404895052313804626e-02
1.315489411354064941e-02
-6.183534860610961914e-03
-1.684014126658439636e-02
1.615445315837860107e-02
6.645936518907546997e-03
1.006033644080162048e-02
2.324663335457444191e-03
2.449378371238708496e-02
-1.825188845396041870e-02
-1.779766753315925598e-02
2.735423669219017029e-02
2.307505905628204346e-02
-1.577206328511238098e-02
-2.477975562214851379e-02
-6.132822483777999878e-03
-1.008544862270355225e-02
2.237895131111145020e-02
2.488791570067405701e-02
-2.690671756863594055e-02
7.869549095630645752e-03
2.198305353522300720e-02
1.425867900252342224e-02
2.047348022460937500e-02
1.363742351531982422e-02
5.993566592223942280e-04
2.811190485954284668e-02
2.894153445959091187e-02
-2.304705604910850525e-02
-9.906593710184097290e-03
4.574146121740341187e-03
1.665505021810531616e-02
-2.559920400381088257e-02
4.114639014005661011e-03
2.543663233518600464e-02
3.071838617324829102e-02
-5.691498517990112305e-03
-2.057947590947151184e-02
-2.101436629891395569e-02
1.343355327844619751e-02
-8.335676044225692749e-03
-1.673118770122528076e-02
8.941303938627243042e-03
-2.891516312956809998e-02
-4.332382231950759888e-03
-9.200133383274078369e-03
3.054795414209365845e-02
3.075398877263069153e-02
-1.544117555022239685e-02
1.697982475161552429e-02
-1.507095992565155029e-02
-2.521402761340141296e-02
4.653576761484146118e-03
-1.284853368997573853e-02
-2.680873498320579529e-02
1.326334476470947266e-02
-1.990839466452598572e-02
-2.460082247853279114e-02
9.441103786230087280e-03
-2.370931208133697510e-02
-1.215932890772819519e-02
2.068522945046424866e-02
1.007263362407684326e-02
-1.553363108541816473e-04
-3.241013735532760620e-03
-2.398966252803802490e-02
-1.791889593005180359e-02
9.791377931833267212e-03
-6.076592952013015747e-03
-7.759768515825271606e-03
-2.755670249462127686e-02
2.252513170242309570e-02
-2.279230579733848572e-02
7.140949368476867676e-03
-9.246364235877990723e-03
-2.044176310300827026e-02
1.906842365860939026e-02
-2.408742904663085938e-03
1.774125546216964722e-02
-2.508601546287536621e-02
1.411755755543708801e-02
1.471675187349319458e-02
-3.084885701537132263e-02
-2.321252599358558655e-02
4.231594502925872803e-03
1.661719009280204773e-02
8.843131363391876221e-03
-1.891107112169265747e-02
2.069551497697830200e-03
1.753027364611625671e-02
-2.623318880796432495e-02
-1.758094131946563721e-02
1.654198020696640015e-02
-6.764743477106094360e-03
-2.664406225085258484e-02
-5.275212228298187256e-03
2.585911657661199570e-03
1.031007152050733566e-03
-5.874286871403455734e-03
-9.399797767400741577e-03
1.690193638205528259e-02
-2.439342811703681946e-02
3.837467869743704796e-03
2.129739150404930115e-02
2.091993764042854309e-02
-1.192417368292808533e-02
-2.694837376475334167e-02
-1.353246718645095825e-02
-8.712496608495712280e-03
1.336030289530754089e-02
2.551472187042236328e-02
2.221389487385749817e-02
2.501148730516433716e-03
-2.254550158977508545e-02
-2.204754576086997986e-02
5.737457424402236938e-03
-3.110301122069358826e-02
-3.016097098588943481e-02
2.978454157710075378e-02
-1.697064191102981567e-02
-3.873777575790882111e-03
1.386727765202522278e-02
-1.076305750757455826e-03
-9.949617087841033936e-03
2.971739321947097778e-02
3.123025968670845032e-02
3.017623722553253174e-02
-9.596914052963256836e-03
-2.062494680285453796e-02
-2.395672723650932312e-02
1.820328831672668457e-02
1.542229950428009033e-02
1.842936128377914429e-02
-1.433297619223594666e-02
2.517700940370559692e-02
-7.690358906984329224e-03
3.620866686105728149e-03
-1.523471623659133911e-02
-6.703756749629974365e-03
2.050564438104629517e-02
1.223635673522949219e-02
-7.109764963388442993e-03
2.149237319827079773e-02
-1.023158431053161621e-03
-1.457916945219039917e-02
-2.743337303400039673e-02
3.031671792268753052e-02
-1.593810692429542542e-02
1.050008088350296021e-02
-1.193915680050849915e-02
2.623982727527618408e-02
1.132742688059806824e-02
-2.730809152126312256e-03
-1.298755034804344177e-02
9.377956390380859375e-03
9.651616215705871582e-03
-2.704874798655509949e-02
-9.337481111288070679e-03
6.055340170860290527e-03
2.015693858265876770e-02
-2.631962299346923828e-02
2.486229175701737404e-03
2.500959485769271851e-02
-2.613615989685058594e-02
-8.392147719860076904e-03
-1.786283776164054871e-02
-3.003482520580291748e-02
2.473343163728713989e-02
1.747555285692214966e-02
2.397317811846733093e-02
2.668801322579383850e-02
-7.823605090379714966e-03
2.619091048836708069e-02
-2.591739222407341003e-02
5.051296204328536987e-03
-2.368152141571044922e-03
-2.502498030662536621e-02
-2.039623260498046875e-02
-4.033043980598449707e-03
-1.833722367882728577e-02
-3.301352262496948242e-03
8.543483912944793701e-03
4.409547895193099976e-03
-2.311164885759353638e-02
-1.799550518626347184e-04
4.469931125640869141e-03
-3.107610717415809631e-02
3.719507949426770210e-03
-4.463345743715763092e-03
-2.669534832239151001e-02
-2.031061425805091858e-02
1.959206163883209229e-02
2.103500440716743469e-02
-2.132242545485496521e-02
2.069187909364700317e-02
-2.575163543224334717e-02
-3.008459135890007019e-02
1.309623103588819504e-02
-2.892437577247619629e-02
-3.938205540180206299e-03
1.707231998443603516e-02
2.196674048900604248e-02
7.024869322776794434e-03
-2.686474472284317017e-03
-6.174943991936743259e-04
5.088958889245986938e-03
1.468079909682273865e-02
-2.526786178350448608e-02
3.766262903809547424e-03
-5.518082529306411743e-03
2.893059700727462769e-02
-1.493026316165924072e-02
1.898664608597755432e-02
1.406537741422653198e-02
5.699485540390014648e-03
1.930815167725086212e-02
-9.201068431138992310e-03
2.341305464506149292e-02
1.614476740360260010e-02
-9.644612669944763184e-03
-1.311060041189193726e-02
1.295156031847000122e-02
2.880151197314262390e-02
-2.372535690665245056e-02
-1.539796963334083557e-02
-1.972716301679611206e-03
-2.860929816961288452e-03
2.586490660905838013e-02
-1.706824824213981628e-02
-6.052426993846893311e-03
-2.120641618967056274e-02
1.097968220710754395e-02
-3.759664483368396759e-03
2.860228344798088074e-02
-2.687719836831092834e-02
2.351093664765357971e-02
-1.668536663055419922e-02
2.870885946322232485e-04
2.503850311040878296e-02
-6.844934076070785522e-03
-1.985435932874679565e-02
-7.442346774041652679e-03
-5.810774862766265869e-03
1.995844393968582153e-02
2.006991207599639893e-02
-7.420133799314498901e-03
8.723404258489608765e-03
1.827315613627433777e-02
-2.959171682596206665e-02
1.707408577203750610e-02
1.683327928185462952e-02
4.023857414722442627e-03
2.008331194519996643e-02
-8.581575006246566772e-03
2.325672283768653870e-02
-1.447173207998275757e-02
1.228931546211242676e-02
-8.124165236949920654e-03
-6.042020395398139954e-04
1.612361893057823181e-02
-3.513574600219726562e-03
-4.069089889526367188e-03
5.257952958345413208e-03
-1.134189590811729431e-02
-1.796383410692214966e-02
-1.936783641576766968e-02
2.315605431795120239e-02
-4.055034369230270386e-03
2.581048384308815002e-02
-1.821707561612129211e-02
9.966641664505004883e-03
-3.015059605240821838e-02
1.049864687956869602e-03
1.103422045707702637e-02
2.098318189382553101e-02
-2.287396788597106934e-02
-1.838811486959457397e-02
-2.839487046003341675e-02
1.993916695937514305e-03
-2.022739499807357788e-02
-8.128978312015533447e-03
2.272929251194000244e-02
1.244300603866577148e-02
1.553304493427276611e-02
1.351352408528327942e-02
7.984336465597152710e-03
-2.875146269798278809e-02
-1.288085430860519409e-02
-2.252015843987464905e-02
1.519396901130676270e-02
-2.409708872437477112e-02
-9.337246417999267578e-03
1.593949645757675171e-02
1.225344836711883545e-02
2.850900962948799133e-02
-1.189434900879859924e-02
-3.240941325202584267e-03
-2.208331227302551270e-02
-2.972355857491493225e-02
-1.223280653357505798e-02
1.281541585922241211e-02
-2.861217036843299866e-02
1.269935071468353271e-02
5.886163096874952316e-03
-1.175926998257637024e-02
2.803625166416168213e-02
3.114889934659004211e-02
-4.800003021955490112e-03
2.470344677567481995e-02
-2.600513398647308350e-02
9.748607873916625977e-03
-1.899572089314460754e-02
-1.203938946127891541e-02
-4.418794065713882446e-03
1.894157007336616516e-02
1.231450587511062622e-02
1.628941670060157776e-02
-5.955613218247890472e-03
-1.633355766534805298e-02
5.330290645360946655e-03
2.488782629370689392e-02
2.440753579139709473e-02
1.543679740279912949e-03
-8.621931076049804688e-03
-1.622813194990158081e-02
1.779077202081680298e-02
8.497510105371475220e-03
1.474823802709579468e-02
-1.514346525073051453e-02
6.417234893888235092e-03
1.232882216572761536e-02
-1.283846050500869751e-02
-1.646389067173004150e-02
2.416781708598136902e-02
-2.070380374789237976e-03
2.714702114462852478e-02
1.280651614069938660e-02
-1.302111893892288208e-02
2.833149209618568420e-02
7.042638957500457764e-03
-3.068266436457633972e-03
2.360380440950393677e-02
2.714683115482330322e-02
1.289666444063186646e-02
1.299570128321647644e-02
-1.991275325417518616e-02
-3.333614207804203033e-03
-1.895239204168319702e-02
2.098442241549491882e-02
1.106984168291091919e-02
-2.564951777458190918e-03
3.506544977426528931e-03
2.759017795324325562e-02
-2.373037114739418030e-02
3.676205873489379883e-03
-2.187564969062805176e-02
1.014340668916702271e-03
1.808945834636688232e-02
-5.271945148706436157e-03
1.620144024491310120e-02
-1.058582589030265808e-02
-8.505482226610183716e-03
-3.016604855656623840e-02
-7.260803133249282837e-03
-3.264021128416061401e-03
2.420887351036071777e-02
2.196733653545379639e-02
-4.320691004977561533e-05
1.393364369869232178e-02
-1.313752308487892151e-02
3.274577204138040543e-03
-2.258095145225524902e-02
-1.977231726050376892e-02
2.969485521316528320e-02
1.204693317413330078e-02
2.141962992027401924e-03
6.540361791849136353e-03
-1.447978243231773376e-02
-3.108228743076324463e-02
-2.006524801254272461e-02
1.247755810618400574e-02
-2.898239344358444214e-02
1.623507216572761536e-02
-9.853716939687728882e-03
2.240299433469772339e-02
1.774479448795318604e-02
-1.399561762809753418e-02
-4.246328491717576981e-03
-2.535661309957504272e-02
2.262280881404876709e-02
-1.607826352119445801e-02
-1.142439618706703186e-02
-1.551173999905586243e-02
1.080926507711410522e-02
-1.169007644057273865e-02
2.608796581625938416e-02
-2.366235107183456421e-02
-1.724635437130928040e-02
1.047690212726593018e-02
-2.776991948485374451e-02
-2.121261134743690491e-02
1.398070529103279114e-02
7.591924164444208145e-03
-1.759144291281700134e-02
-2.497819811105728149e-02
1.428033411502838135e-02
-1.141040027141571045e-02
-1.611900702118873596e-02
-2.190836891531944275e-02
9.561229497194290161e-03
2.452343702316284180e-02
1.216202974319458008e-02
1.248043030500411987e-02
2.334049902856349945e-03
-1.166436076164245605e-02
-2.810780331492424011e-02
-2.417341619729995728e-02
-6.326083093881607056e-03
2.097851410508155823e-02
7.149245589971542358e-03
-1.634517684578895569e-02
2.606066688895225525e-02
2.064238488674163818e-02
-7.907981052994728088e-04
-2.571739628911018372e-02
1.601199060678482056e-02
-2.217046171426773071e-02
2.129381895065307617e-02
3.089201450347900391e-02
-5.049377679824829102e-03
-4.172768443822860718e-03
-1.874515786767005920e-02
-1.774177327752113342e-02
-8.139077574014663696e-03
3.115319088101387024e-02
-2.922040969133377075e-02
1.081369351595640182e-03
1.786766946315765381e-02
-2.331798896193504333e-02
1.442611962556838989e-02
-2.273953706026077271e-02
-1.713788881897926331e-02
2.097343280911445618e-02
-1.672074198722839355e-03
9.496308863162994385e-03
-1.114934682846069336e-02
9.358596056699752808e-03
-2.750881016254425049e-02
9.082026779651641846e-03
2.898145467042922974e-02
-2.737203985452651978e-02
-1.820508763194084167e-02
-1.604856923222541809e-02
1.379344612360000610e-02
-2.435015141963958740e-02
7.983412593603134155e-03
-1.673903316259384155e-02
2.004958689212799072e-03
-3.372706705704331398e-03
1.655351743102073669e-02
-2.598669007420539856e-02
1.049210876226425171e-02
-1.301942393183708191e-02
9.370133280754089355e-03
-1.284719258546829224e-02
