-4.774794727563858032e-02
-1.637755334377288818e-01
-5.483512878417968750e-01
7.257775068283081055e-01
4.999967515468597412e-01
-5.689716339111328125e-01
-9.961229562759399414e-01
-8.830412290990352631e-03
8.058688044548034668e-01
-1.393770694732666016e+00
-7.836399078369140625e-01
-7.842988371849060059e-01
-8.260679841041564941e-01
-8.784174919128417969e-01
1.522446274757385254e-01
-4.944107532501220703e-01
-4.487645030021667480e-01
3.277256488800048828e-01
-4.593713283538818359e-01
3.065101504325866699e-01
-3.647048398852348328e-02
-6.341391801834106445e-01
-3.736518919467926025e-01
2.402840107679367065e-01
2.701337337493896484e-01
-1.031262397766113281e+00
-1.158690638840198517e-02
-6.822588443756103516e-01
-1.140197277069091797e+00
-9.093819856643676758e-01
8.356557488441467285e-01
-2.919877469539642334e-01
-8.600481748580932617e-01
5.417633056640625000e-01
-1.481302618980407715e+00
-7.556967139244079590e-01
2.089000642299652100e-01
-1.118126988410949707e+00
-6.919726729393005371e-01
-1.086648821830749512e+00
-4.521071016788482666e-01
-7.638949900865554810e-02
-4.960352554917335510e-02
-4.031676054000854492e-01
4.330334067344665527e-01
-1.448068469762802124e-01
-6.010184809565544128e-02
-7.413977384567260742e-02
-6.810704469680786133e-01
6.648132801055908203e-01
1.875304877758026123e-01
-2.712891697883605957e-01
-1.037101387977600098e+00
1.084552407264709473e+00
-1.112133860588073730e+00
2.074028551578521729e-01
-1.381281167268753052e-01
-1.213969230651855469e+00
3.187312185764312744e-01
-7.532153278589248657e-02
-7.510815858840942383e-01
7.829549908638000488e-02
-1.189056396484375000e+00
2.185816317796707153e-01
-1.470788102596998215e-02
7.041283845901489258e-01
2.508981525897979736e-02
-7.217891216278076172e-01
-6.164406538009643555e-01
5.026218891143798828e-01
-1.251335024833679199e+00
-5.845153927803039551e-01
6.120729446411132812e-01
-1.334710121154785156e+00
-6.295069456100463867e-01
-4.423918724060058594e-01
-4.749292135238647461e-01
-1.055791974067687988e+00
-9.650888442993164062e-01
2.991137504577636719e-01
-1.038413286209106445e+00
-6.714737415313720703e-01
-1.551170945167541504e-01
-6.372920274734497070e-01
2.480613766238093376e-03
-1.472061514854431152e+00
-1.135279178619384766e+00
6.465433239936828613e-01
-7.454435806721448898e-03
-4.991163611412048340e-01
-5.290137529373168945e-01
1.482815109193325043e-02
2.740008523687720299e-03
-9.402835965156555176e-01
2.045274972915649414e-01
-6.069676876068115234e-01
-1.049869894981384277e+00
1.088038384914398193e-01
-2.078625932335853577e-02
-2.079123556613922119e-01
-3.777132332324981689e-01
-1.070005178451538086e+00
5.440396666526794434e-01
-7.216646671295166016e-01
-6.557499617338180542e-02
-8.057690262794494629e-01
-1.164768338203430176e-01
-4.624255597591400146e-01
-1.690448403358459473e+00
-6.843587756156921387e-01
-5.414248108863830566e-01
1.028402209281921387e+00
-7.207211852073669434e-01
1.200643330812454224e-01
-6.075460314750671387e-01
1.553590536117553711e+00
1.282596945762634277e+00
-5.669220089912414551e-01
-4.968700706958770752e-01
-1.268091499805450439e-01
8.562984317541122437e-02
-2.612022161483764648e-01
-9.561454653739929199e-01
-9.434457421302795410e-01
4.084562882781028748e-02
-1.248471617698669434e+00
-6.707770377397537231e-02
-1.236328363418579102e+00
