1.848669722676277161e-02
7.389659527689218521e-03
8.111691102385520935e-03
1.019964832812547684e-02
9.303641505539417267e-03
1.676485314965248108e-02
1.956428959965705872e-02
1.256233546882867813e-02
1.378300692886114120e-02
1.534091401845216751e-02
1.986231841146945953e-02
1.258250139653682709e-02
2.851745299994945526e-02
1.556041091680526733e-02
2.442050538957118988e-02
8.802393451333045959e-03
6.787534337490797043e-03
9.321908466517925262e-03
1.040899753570556641e-02
2.635672502219676971e-02
2.150919474661350250e-02
6.433078553527593613e-03
1.741275936365127563e-02
1.031200494617223740e-02
1.873110421001911163e-02
2.371857687830924988e-02
1.662403158843517303e-02
1.527137961238622665e-02
1.599774695932865143e-02
2.294728904962539673e-02
1.068374887108802795e-02
2.018153853714466095e-02
1.954308897256851196e-02
1.950667612254619598e-02
1.277855038642883301e-02
3.087297640740871429e-02
6.079919170588254929e-03
2.430869080126285553e-02
1.359750609844923019e-02
2.746837213635444641e-02
1.038080174475908279e-02
1.981312595307826996e-02
1.683064922690391541e-02
7.408550009131431580e-03
1.017081737518310547e-02
2.492359653115272522e-02
9.761813096702098846e-03
1.452198717743158340e-02
1.099723577499389648e-02
2.241942659020423889e-02
7.592877373099327087e-03
2.278704009950160980e-02
1.573911309242248535e-02
2.110141329467296600e-02
1.466059591621160507e-02
1.187985204160213470e-02
1.385139673948287964e-02
2.690477855503559113e-02
1.442454662173986435e-02
1.035108603537082672e-02
2.560746669769287109e-02
9.437686763703823090e-03
6.870138458907604218e-03
5.656540393829345703e-03
