3.392323851585388184e-02
-9.420329704880714417e-03
6.596677005290985107e-02
1.207865681499242783e-02
4.550806060433387756e-02
1.191627327352762222e-02
-1.132948696613311768e-02
6.455875188112258911e-02
6.994347088038921356e-03
1.540196686983108521e-02
2.016777917742729187e-02
2.460011839866638184e-02
-1.486607734113931656e-02
5.252504721283912659e-02
1.062953658401966095e-02
7.815001159906387329e-02
6.870351731777191162e-02
5.351535230875015259e-02
4.962373524904251099e-02
3.190562874078750610e-02
7.646330632269382477e-03
-2.697095088660717010e-02
1.406272500753402710e-02
2.873661927878856659e-02
2.712232805788516998e-02
2.646184898912906647e-02
4.686912894248962402e-02
2.376307733356952667e-02
-8.624415844678878784e-03
-2.389614703133702278e-03
5.520712956786155701e-02
5.458355695009231567e-02
5.001931637525558472e-02
1.129548177123069763e-01
7.206746377050876617e-03
4.413225501775741577e-02
4.642366617918014526e-02
1.139293704181909561e-02
9.003011882305145264e-02
1.020744815468788147e-01
5.256118997931480408e-02
-8.409949805354699492e-05
2.027158625423908234e-02
3.994075953960418701e-02
3.670719452202320099e-03
6.475793197751045227e-03
7.671831408515572548e-04
5.789135396480560303e-02
1.155269518494606018e-01
3.431840613484382629e-02
4.259418696165084839e-02
9.116572141647338867e-02
2.724348381161689758e-02
4.134612157940864563e-02
5.294257029891014099e-02
5.788181722164154053e-02
8.385732769966125488e-02
5.309010297060012817e-02
2.924452908337116241e-02
6.322416663169860840e-02
2.299043536186218262e-02
2.216535247862339020e-02
-2.339258790016174316e-02
2.805970795452594757e-02
4.053951427340507507e-02
7.976966910064220428e-03
4.592994228005409241e-02
1.247497182339429855e-02
1.519597414880990982e-02
8.824292570352554321e-03
1.609553024172782898e-02
-2.239566482603549957e-02
4.703031107783317566e-02
7.259919773787260056e-03
1.508043333888053894e-02
3.314482420682907104e-02
-6.691277958452701569e-03
8.401605486869812012e-02
5.611725524067878723e-02
-9.710704907774925232e-03
8.972200751304626465e-02
-5.296296905726194382e-03
8.677424490451812744e-02
2.599749341607093811e-02
3.017148375511169434e-02
2.284097857773303986e-02
7.815925776958465576e-02
-1.850752718746662140e-02
7.338806986808776855e-02
-6.016000173985958099e-03
4.901391640305519104e-02
1.494317036122083664e-02
7.824655622243881226e-03
6.061302497982978821e-02
-6.016304250806570053e-03
1.880671014077961445e-03
3.625655174255371094e-02
2.515464648604393005e-02
6.112065166234970093e-02
2.492112666368484497e-02
7.143958657979965210e-02
2.061724103987216949e-02
-4.648517817258834839e-03
6.058419123291969299e-02
1.941328868269920349e-02
8.030366152524948120e-02
4.890706017613410950e-02
7.689156383275985718e-02
-3.698126971721649170e-02
1.195280998945236206e-02
6.062006577849388123e-02
7.038433104753494263e-02
1.219222769141197205e-01
3.521634265780448914e-02
1.004806905984878540e-01
1.761571690440177917e-02
7.650565356016159058e-02
1.260360777378082275e-01
3.664803877472877502e-02
-4.463019315153360367e-03
-1.014585606753826141e-02
4.170761629939079285e-02
1.960959099233150482e-02
1.168214809149503708e-02
1.085548996925354004e-01
4.368180781602859497e-02
3.474364802241325378e-02
2.957465313374996185e-02
