9.267189502716064453e-01
8.864980936050415039e-01
3.492745637893676758e+00
1.176585674285888672e+00
2.466236591339111328e+00
3.926059722900390625e+00
1.077446222305297852e+00
2.416321754455566406e+00
1.364096045494079590e+00
1.588285684585571289e+00
1.131410241127014160e+00
2.861164808273315430e+00
1.922968387603759766e+00
2.734224796295166016e+00
3.125103950500488281e+00
2.346220731735229492e+00
2.037201642990112305e+00
2.858410596847534180e+00
1.679925799369812012e+00
2.069450616836547852e+00
1.194745898246765137e+00
8.483053445816040039e-01
2.058309316635131836e+00
2.199657917022705078e+00
1.961118459701538086e+00
1.766340494155883789e+00
2.610261917114257812e+00
1.246380925178527832e+00
3.892989635467529297e+00
2.254574775695800781e+00
1.072149991989135742e+00
1.291733264923095703e+00
2.448987007141113281e+00
2.103015184402465820e+00
1.775153994560241699e+00
9.945066571235656738e-01
2.194045305252075195e+00
1.637603759765625000e+00
4.970305442810058594e+00
1.850793480873107910e+00
2.853563070297241211e+00
1.282350182533264160e+00
2.910820245742797852e+00
1.604577183723449707e+00
1.509511232376098633e+00
1.244706630706787109e+00
1.338672280311584473e+00
2.260561943054199219e+00
2.446268081665039062e+00
3.215758562088012695e+00
2.799024820327758789e+00
1.386412143707275391e+00
1.276676535606384277e+00
1.752127766609191895e+00
2.319167852401733398e+00
2.041116237640380859e+00
1.515390157699584961e+00
2.701580047607421875e+00
3.514348745346069336e+00
1.373242497444152832e+00
2.445069074630737305e+00
1.319931745529174805e+00
1.615353345870971680e+00
3.367845535278320312e+00
1.202598690986633301e+00
3.710648775100708008e+00
2.112862825393676758e+00
2.708044052124023438e+00
1.534821271896362305e+00
1.998143792152404785e+00
2.111383914947509766e+00
1.596618890762329102e+00
1.758702874183654785e+00
1.063271522521972656e+00
2.004253149032592773e+00
8.978460431098937988e-01
1.792071580886840820e+00
2.044565200805664062e+00
1.735128760337829590e+00
3.562793493270874023e+00
2.482524633407592773e+00
7.364816069602966309e-01
3.235995292663574219e+00
1.429561853408813477e+00
1.593973875045776367e+00
1.850836992263793945e+00
2.786619901657104492e+00
3.057944774627685547e+00
3.994824886322021484e+00
2.283999919891357422e+00
1.653487086296081543e+00
1.681464910507202148e+00
1.327524423599243164e+00
2.517327070236206055e+00
1.318397879600524902e+00
1.931060075759887695e+00
1.397262811660766602e+00
2.334817409515380859e+00
1.495501279830932617e+00
1.388145685195922852e+00
1.382783174514770508e+00
1.658383369445800781e+00
2.743311166763305664e+00
2.381183624267578125e+00
2.426645278930664062e+00
3.368794918060302734e+00
2.285415887832641602e+00
1.383684635162353516e+00
3.604067802429199219e+00
2.379171371459960938e+00
1.772088289260864258e+00
2.935710906982421875e+00
3.103353738784790039e+00
3.472531795501708984e+00
4.293636322021484375e+00
1.630534172058105469e+00
2.172159671783447266e+00
2.762661457061767578e+00
1.485110044479370117e+00
2.887140989303588867e+00
1.727187275886535645e+00
2.016933202743530273e+00
1.272188186645507812e+00
2.127486705780029297e+00
2.869037389755249023e+00
1.795400023460388184e+00
1.278397083282470703e+00
1.920038819313049316e+00
