2.103437483310699463e-02
2.585243433713912964e-02
-1.840566471219062805e-02
-3.625840693712234497e-02
1.601170934736728668e-02
3.828701749444007874e-02
-3.848973289132118225e-02
3.333726525306701660e-02
-2.392138168215751648e-02
3.353824838995933533e-02
3.431580960750579834e-02
1.081485487520694733e-02
3.301142901182174683e-02
-8.700647391378879547e-03
3.891920670866966248e-02
-3.548637777566909790e-02
-1.142163202166557312e-02
-2.506140619516372681e-02
-1.301226485520601273e-02
5.844477098435163498e-03
2.385870926082134247e-02
-2.857445180416107178e-02
-2.264242433011531830e-02
2.924000844359397888e-03
-1.798724196851253510e-02
-1.373144332319498062e-02
-4.403739795088768005e-02
2.446155622601509094e-02
2.798959985375404358e-02
-2.349987626075744629e-02
8.505808189511299133e-03
1.634746603667736053e-02
3.210377693176269531e-02
-8.503047749400138855e-03
3.199922665953636169e-02
3.195797279477119446e-02
-2.311713434755802155e-02
5.821482627652585506e-04
1.906442642211914062e-02
-4.144765436649322510e-02
-1.769019663333892822e-02
-1.683037914335727692e-02
-4.302302747964859009e-02
-1.958959177136421204e-02
-2.340933308005332947e-02
-4.107582941651344299e-02
-2.777003683149814606e-02
-4.203898832201957703e-02
2.857852354645729065e-02
-1.677107438445091248e-02
-1.658906228840351105e-02
3.668941091746091843e-03
-1.479587634094059467e-03
-3.205417469143867493e-02
-3.369548916816711426e-02
1.774697378277778625e-02
-3.285762295126914978e-02
2.203091047704219818e-02
2.957828901708126068e-02
-3.117984347045421600e-02
4.036779701709747314e-02
6.474322872236371040e-04
-2.981627173721790314e-02
-4.255934432148933411e-02
2.851783297955989838e-02
2.678873576223850250e-02
7.075433619320392609e-03
-3.529055789113044739e-02
-5.049777217209339142e-03
4.039624333381652832e-02
2.723085694015026093e-02
7.193350233137607574e-03
-1.640425436198711395e-02
-7.014636881649494171e-03
6.122224964201450348e-03
-3.386477008461952209e-02
-3.194321319460868835e-02
-2.859448082745075226e-02
-1.800479553639888763e-02
5.798684433102607727e-03
-2.813545987010002136e-02
4.072739277034997940e-03
5.869212094694375992e-03
-4.072038922458887100e-03
3.248404711484909058e-02
2.149740606546401978e-02
-2.458558976650238037e-02
-3.962250798940658569e-02
2.444090321660041809e-03
8.205574937164783478e-03
-1.966421306133270264e-02
-3.832378983497619629e-02
-3.326263651251792908e-02
4.325119033455848694e-02
3.061942756175994873e-02
-3.129745833575725555e-03
-1.710835844278335571e-02
6.131791975349187851e-03
-1.490970049053430557e-02
-9.675520472228527069e-03
-2.970372792333364487e-03
-2.583613805472850800e-02
-1.586990617215633392e-02
-2.761408872902393341e-02
-1.159166358411312103e-02
-9.614428505301475525e-03
-4.368869587779045105e-02
3.292418643832206726e-02
-4.187238216400146484e-02
-5.450678290799260139e-04
-3.352056443691253662e-02
1.968943141400814056e-02
8.057555183768272400e-03
-3.702472522854804993e-02
-4.182824492454528809e-02
-4.232940822839736938e-02
2.187153324484825134e-02
3.390526399016380310e-02
-4.027415998280048370e-03
2.273083291947841644e-02
-3.502250090241432190e-02
-1.219474244862794876e-02
-3.824685141444206238e-02
8.445406332612037659e-03
-2.158406935632228851e-02
3.001072630286216736e-02
-1.843523606657981873e-02
-3.746361657977104187e-02
-3.658007085323333740e-02
3.083719871938228607e-02
-2.063797786831855774e-02
-4.353915899991989136e-02
2.345933020114898682e-02
-4.389321804046630859e-02
2.763492986559867859e-02
-1.368632446974515915e-02
3.721596300601959229e-02
-9.525799192488193512e-03
-3.852287307381629944e-02
-3.494773060083389282e-02
-3.299010917544364929e-02
1.799689978361129761e-02
1.666972041130065918e-02
9.568857029080390930e-03
-4.025177285075187683e-02
-1.425041258335113525e-02
4.003516584634780884e-02
-4.387721791863441467e-02
-3.062231466174125671e-02
2.890854887664318085e-02
3.208528831601142883e-02
4.356887564063072205e-02
9.869006462395191193e-04
-5.105795804411172867e-03
-2.978182211518287659e-02
-8.010355755686759949e-03
3.181224688887596130e-02
-4.132969304919242859e-02
-1.464946474879980087e-02
1.868500933051109314e-02
-3.156445920467376709e-03
-2.603287063539028168e-02
3.357509151101112366e-02
1.869134791195392609e-02
6.214383989572525024e-03
-1.231119409203529358e-02
1.566307991743087769e-02
3.545524552464485168e-03
-3.110737167298793793e-02
-3.031219728291034698e-02
-2.577601559460163116e-02
1.986503228545188904e-02
2.462954819202423096e-02
8.952891454100608826e-03
-2.814888954162597656e-02
2.113756164908409119e-02
-3.169344365596771240e-02
-3.424616903066635132e-02
-3.932583704590797424e-02
-2.064288407564163208e-02
1.146422699093818665e-03
-8.430086076259613037e-03
-2.693216688930988312e-02
-2.947135642170906067e-02
3.322367370128631592e-02
-2.592483162879943848e-02
-3.114932775497436523e-02
-2.949528023600578308e-02
-2.677038684487342834e-02
2.665420994162559509e-02
3.812967333942651749e-03
2.813571877777576447e-02
5.496609956026077271e-04
-2.757698297500610352e-02
-2.172996662557125092e-02
1.476842444390058517e-02
3.619044274091720581e-02
-2.110355999320745468e-03
-1.169610861688852310e-02
-1.499276608228683472e-02
-3.104389179497957230e-03
6.542339455336332321e-03
-9.739688597619533539e-03
3.620936349034309387e-02
4.348208755254745483e-02
-3.952851518988609314e-02
-1.070053130388259888e-02
-4.196996241807937622e-02
3.269003704190254211e-02
1.542183198034763336e-02
-3.127761185169219971e-02
-1.376997586339712143e-02
2.051152288913726807e-02
-2.141773141920566559e-02
-4.345363751053810120e-02
1.969711855053901672e-02
1.508219167590141296e-02
-1.903413794934749603e-02
-7.223526947200298309e-03
3.452768921852111816e-02
1.004885695874691010e-02
-4.057086259126663208e-02
1.589059684192761779e-04
-4.023055732250213623e-02
2.781651914119720459e-02
8.388587273657321930e-03
-2.438981644809246063e-02
-2.353744953870773315e-02
2.627890184521675110e-02
-1.877214200794696808e-02
3.227744624018669128e-02
-2.925817295908927917e-02
1.840068213641643524e-02
1.125452015548944473e-02
-2.377045340836048126e-02
-1.239689998328685760e-02
2.201733365654945374e-02
-2.708544582128524780e-02
2.080418914556503296e-02
3.281745314598083496e-02
-5.543917417526245117e-03
2.051431499421596527e-02
-3.502606227993965149e-02
1.642705406993627548e-03
-2.615383639931678772e-02
3.302403492853045464e-04
1.039776392281055450e-02
1.692400872707366943e-02
1.744996942579746246e-02
3.605733811855316162e-02
-6.553371436893939972e-03
2.597713097929954529e-02
-2.706044167280197144e-02
-1.047288626432418823e-02
-4.357717558741569519e-02
1.708669587969779968e-02
