1.010117530822753906e+00
1.188759446144104004e+00
9.917734265327453613e-01
9.692765474319458008e-01
1.020738005638122559e+00
1.169176936149597168e+00
1.210410356521606445e+00
9.922068119049072266e-01
1.116668820381164551e+00
1.004791975021362305e+00
1.000221610069274902e+00
8.458086252212524414e-01
1.108292460441589355e+00
7.215421199798583984e-01
1.083453297615051270e+00
1.164361000061035156e+00
7.578321099281311035e-01
9.765337109565734863e-01
1.096432328224182129e+00
1.177909851074218750e+00
1.024860382080078125e+00
1.169927120208740234e+00
1.191673636436462402e+00
1.076758146286010742e+00
9.804382324218750000e-01
7.509691119194030762e-01
1.056412339210510254e+00
1.176398873329162598e+00
8.056600093841552734e-01
1.054919481277465820e+00
1.256960749626159668e+00
1.159630894660949707e+00
9.283596277236938477e-01
1.127443432807922363e+00
1.132163286209106445e+00
1.062817811965942383e+00
8.612099885940551758e-01
9.623196125030517578e-01
8.320188522338867188e-01
7.890651822090148926e-01
8.868541121482849121e-01
1.169753313064575195e+00
9.638518095016479492e-01
1.062405109405517578e+00
9.463777542114257812e-01
8.630780577659606934e-01
7.649799585342407227e-01
7.614551186561584473e-01
9.810387492179870605e-01
7.140896916389465332e-01
9.376098513603210449e-01
9.732613563537597656e-01
9.619791507720947266e-01
7.805511355400085449e-01
9.467873573303222656e-01
9.847577214241027832e-01
7.820738554000854492e-01
8.330377340316772461e-01
9.789972901344299316e-01
8.888826966285705566e-01
1.183122634887695312e+00
1.012490868568420410e+00
9.764834642410278320e-01
1.159785866737365723e+00
