9.650313258171081543e-01
9.745261073112487793e-01
1.002019643783569336e+00
9.867531061172485352e-01
9.927205443382263184e-01
1.010554552078247070e+00
1.025168299674987793e+00
1.002715587615966797e+00
9.880634546279907227e-01
9.792822003364562988e-01
1.018198847770690918e+00
9.903810024261474609e-01
1.007018446922302246e+00
1.011614084243774414e+00
1.017789244651794434e+00
1.003623366355895996e+00
9.789189100265502930e-01
9.818818569183349609e-01
1.011980891227722168e+00
9.943166375160217285e-01
9.836100935935974121e-01
1.022453188896179199e+00
1.006238222122192383e+00
1.003188610076904297e+00
1.029058098793029785e+00
9.832906723022460938e-01
9.852153658866882324e-01
1.007763504981994629e+00
1.009208559989929199e+00
1.010021090507507324e+00
9.708684682846069336e-01
9.847026467323303223e-01
9.939824342727661133e-01
1.033348321914672852e+00
9.878483414649963379e-01
9.989207983016967773e-01
1.008922696113586426e+00
9.911520481109619141e-01
9.851799011230468750e-01
1.007589817047119141e+00
9.779697060585021973e-01
9.759564399719238281e-01
9.876168966293334961e-01
9.992575049400329590e-01
9.936867952346801758e-01
9.809967279434204102e-01
9.970046877861022949e-01
9.895588755607604980e-01
1.010632514953613281e+00
9.863470792770385742e-01
9.843913912773132324e-01
1.015441298484802246e+00
1.015542984008789062e+00
1.008961319923400879e+00
1.006533026695251465e+00
9.932007789611816406e-01
9.871542453765869141e-01
9.817414879798889160e-01
9.919545650482177734e-01
1.031193733215332031e+00
9.860657453536987305e-01
9.982333183288574219e-01
1.008637785911560059e+00
9.972630739212036133e-01
9.863778352737426758e-01
1.040463805198669434e+00
1.012458801269531250e+00
9.964821934700012207e-01
9.826712012290954590e-01
1.001996517181396484e+00
1.019745588302612305e+00
1.007294535636901855e+00
1.001442074775695801e+00
1.011028885841369629e+00
9.882522821426391602e-01
1.007567405700683594e+00
9.874501228332519531e-01
1.008335709571838379e+00
9.931523799896240234e-01
1.014476895332336426e+00
9.726975560188293457e-01
1.008478403091430664e+00
1.035098433494567871e+00
9.799776673316955566e-01
9.993637800216674805e-01
9.806879162788391113e-01
9.887061119079589844e-01
9.953735470771789551e-01
1.055158615112304688e+00
9.931164979934692383e-01
1.010266542434692383e+00
1.029239177703857422e+00
1.003486037254333496e+00
9.864979982376098633e-01
9.778513908386230469e-01
1.008338809013366699e+00
9.776865839958190918e-01
1.004641175270080566e+00
9.959827661514282227e-01
1.017881155014038086e+00
1.004209637641906738e+00
1.007630109786987305e+00
1.023150801658630371e+00
9.929308891296386719e-01
9.822793602943420410e-01
1.010302543640136719e+00
9.598423242568969727e-01
1.015971660614013672e+00
1.000597834587097168e+00
9.915665984153747559e-01
1.013803482055664062e+00
9.955509901046752930e-01
9.963263273239135742e-01
1.009888291358947754e+00
1.004113554954528809e+00
1.001579046249389648e+00
9.831198453903198242e-01
1.023257613182067871e+00
9.916541576385498047e-01
9.820398092269897461e-01
9.728943705558776855e-01
1.043207764625549316e+00
9.964913725852966309e-01
9.804621338844299316e-01
1.008321762084960938e+00
9.886564612388610840e-01
9.861398935317993164e-01
1.014326333999633789e+00
1.001121044158935547e+00
1.002066969871520996e+00
1.005945444107055664e+00
9.659630656242370605e-01
9.851319193840026855e-01
1.005831241607666016e+00
9.922907948493957520e-01
9.945597648620605469e-01
1.000245571136474609e+00
9.902389645576477051e-01
1.000320553779602051e+00
9.942866563796997070e-01
9.835838675498962402e-01
9.824724793434143066e-01
9.800813794136047363e-01
1.040805935859680176e+00
9.964923262596130371e-01
9.778757691383361816e-01
1.019372940063476562e+00
1.001049876213073730e+00
9.997145533561706543e-01
1.017398238182067871e+00
9.809631705284118652e-01
9.823734164237976074e-01
9.738225340843200684e-01
1.013935685157775879e+00
9.843286871910095215e-01
9.813233613967895508e-01
1.001477599143981934e+00
1.010367393493652344e+00
9.968351721763610840e-01
9.951979517936706543e-01
1.011854290962219238e+00
9.804259538650512695e-01
1.010101675987243652e+00
9.892570972442626953e-01
9.878179430961608887e-01
1.006153225898742676e+00
9.962183237075805664e-01
9.807671308517456055e-01
9.782803058624267578e-01
1.004102587699890137e+00
1.052695989608764648e+00
1.016607165336608887e+00
1.007397174835205078e+00
1.035063266754150391e+00
1.007114171981811523e+00
9.945739507675170898e-01
1.012494564056396484e+00
9.908096194267272949e-01
9.952549934387207031e-01
1.001286864280700684e+00
1.013747334480285645e+00
9.818533062934875488e-01
9.776395559310913086e-01
9.833770394325256348e-01
1.008530855178833008e+00
1.015117883682250977e+00
1.005850911140441895e+00
9.922848343849182129e-01
1.000736117362976074e+00
9.889495372772216797e-01
1.009930849075317383e+00
9.921415448188781738e-01
9.927722215652465820e-01
9.883905053138732910e-01
1.006689667701721191e+00
9.817957878112792969e-01
9.734417200088500977e-01
9.813913106918334961e-01
9.866067767143249512e-01
1.022847294807434082e+00
9.914621114730834961e-01
1.012224674224853516e+00
9.975237250328063965e-01
1.005024433135986328e+00
9.643663763999938965e-01
9.743415713310241699e-01
1.018434762954711914e+00
9.865180253982543945e-01
9.954832792282104492e-01
1.054195284843444824e+00
9.808512926101684570e-01
1.001969218254089355e+00
1.011319518089294434e+00
9.937688112258911133e-01
1.019590377807617188e+00
1.013567090034484863e+00
9.997770190238952637e-01
9.722875952720642090e-01
9.859521389007568359e-01
9.956421852111816406e-01
1.012258887290954590e+00
1.002741336822509766e+00
1.001127600669860840e+00
1.002337574958801270e+00
9.886427521705627441e-01
1.000765800476074219e+00
1.002228260040283203e+00
1.008739709854125977e+00
1.018083333969116211e+00
1.050049662590026855e+00
1.010053634643554688e+00
1.008112072944641113e+00
9.871047735214233398e-01
1.019414305686950684e+00
9.973907470703125000e-01
9.964010715484619141e-01
1.008336901664733887e+00
1.000429630279541016e+00
1.014790892601013184e+00
9.921091794967651367e-01
1.012005805969238281e+00
1.005454659461975098e+00
1.015208005905151367e+00
9.992980957031250000e-01
9.994586706161499023e-01
1.012397646903991699e+00
1.027466416358947754e+00
9.919788837432861328e-01
9.836935400962829590e-01
9.668207764625549316e-01
9.738533496856689453e-01
9.731910824775695801e-01
9.810515046119689941e-01
9.990267753601074219e-01
9.979953765869140625e-01
1.005700111389160156e+00
9.666930437088012695e-01
1.013120532035827637e+00
9.812820553779602051e-01
9.856118559837341309e-01
1.007221937179565430e+00
1.007856011390686035e+00
1.010983347892761230e+00
1.007933020591735840e+00
1.006880998611450195e+00
9.922482967376708984e-01
1.009472489356994629e+00
9.795387387275695801e-01
9.840612411499023438e-01
1.012983798980712891e+00
1.002125144004821777e+00
1.001501798629760742e+00
1.000425815582275391e+00
9.932689666748046875e-01
1.039425492286682129e+00
9.986246228218078613e-01
9.718728661537170410e-01
1.023461580276489258e+00
9.897795915603637695e-01
1.006608128547668457e+00
9.899600744247436523e-01
9.959692955017089844e-01
9.673405885696411133e-01
1.076412677764892578e+00
1.013205528259277344e+00
1.016245126724243164e+00
1.003464102745056152e+00
9.839482307434082031e-01
1.009132981300354004e+00
1.001675128936767578e+00
1.004460811614990234e+00
1.023296117782592773e+00
1.016556620597839355e+00
9.759576916694641113e-01
1.002668857574462891e+00
1.014015555381774902e+00
9.885125160217285156e-01
1.023502349853515625e+00
1.000641822814941406e+00
1.033635020256042480e+00
1.004010677337646484e+00
1.029607295989990234e+00
9.945781826972961426e-01
1.008520126342773438e+00
1.031229615211486816e+00
9.982790350914001465e-01
1.016355514526367188e+00
1.004960179328918457e+00
9.893723726272583008e-01
1.018527865409851074e+00
9.873540997505187988e-01
1.003063917160034180e+00
1.015056610107421875e+00
9.961403012275695801e-01
1.011397719383239746e+00
1.008037924766540527e+00
9.918299913406372070e-01
1.011314272880554199e+00
1.001333355903625488e+00
1.040232300758361816e+00
9.936358332633972168e-01
9.894598126411437988e-01
9.915954470634460449e-01
9.919018149375915527e-01
9.805007576942443848e-01
1.027877449989318848e+00
9.789960384368896484e-01
9.847515821456909180e-01
9.953991174697875977e-01
1.003033399581909180e+00
1.012242674827575684e+00
1.010511875152587891e+00
9.913248419761657715e-01
9.784034490585327148e-01
9.946521520614624023e-01
1.029839634895324707e+00
9.816147685050964355e-01
9.909686446189880371e-01
1.024247169494628906e+00
1.003423929214477539e+00
9.996378421783447266e-01
9.763005971908569336e-01
9.906794428825378418e-01
1.019716739654541016e+00
1.033595204353332520e+00
9.962049722671508789e-01
1.009736180305480957e+00
9.920579195022583008e-01
1.020092725753784180e+00
1.004880309104919434e+00
9.804670810699462891e-01
1.004084944725036621e+00
9.840069413185119629e-01
9.946402907371520996e-01
1.001549959182739258e+00
1.000219464302062988e+00
1.045924067497253418e+00
1.043060779571533203e+00
9.821015596389770508e-01
1.011536955833435059e+00
1.004600048065185547e+00
9.807896614074707031e-01
9.998558759689331055e-01
1.007142782211303711e+00
9.720554947853088379e-01
9.767313003540039062e-01
9.761884808540344238e-01
9.989513754844665527e-01
9.749673604965209961e-01
1.006284356117248535e+00
1.019808411598205566e+00
9.748903512954711914e-01
1.012848138809204102e+00
1.007908344268798828e+00
9.908735752105712891e-01
9.930834770202636719e-01
9.970520734786987305e-01
9.701305031776428223e-01
9.818105101585388184e-01
9.824405312538146973e-01
1.006723165512084961e+00
1.041911363601684570e+00
1.016094088554382324e+00
9.718246459960937500e-01
1.004106283187866211e+00
1.006488084793090820e+00
9.780409932136535645e-01
1.061342477798461914e+00
1.016949892044067383e+00
9.997162222862243652e-01
9.993963837623596191e-01
9.833623170852661133e-01
9.985954165458679199e-01
1.028484702110290527e+00
9.848125576972961426e-01
9.747177958488464355e-01
9.805219769477844238e-01
1.002001881599426270e+00
1.015826463699340820e+00
1.004467248916625977e+00
9.952864646911621094e-01
9.878349900245666504e-01
9.896442294120788574e-01
9.794011712074279785e-01
9.726049304008483887e-01
9.744023084640502930e-01
9.916983842849731445e-01
9.907777309417724609e-01
9.762509465217590332e-01
9.820471405982971191e-01
9.819518327713012695e-01
9.832304120063781738e-01
1.002152800559997559e+00
9.866949319839477539e-01
1.007669329643249512e+00
1.032532811164855957e+00
1.001869916915893555e+00
9.915195703506469727e-01
9.801511764526367188e-01
1.018675088882446289e+00
9.890656471252441406e-01
9.952549338340759277e-01
1.006564855575561523e+00
9.811904430389404297e-01
9.667434096336364746e-01
9.891334176063537598e-01
9.864784479141235352e-01
1.019096493721008301e+00
1.013655781745910645e+00
1.006551623344421387e+00
1.014072895050048828e+00
1.016836881637573242e+00
9.931722879409790039e-01
9.967143535614013672e-01
1.014069199562072754e+00
1.006514787673950195e+00
9.913436174392700195e-01
9.717693328857421875e-01
1.000381231307983398e+00
9.848136305809020996e-01
9.734188318252563477e-01
1.000726222991943359e+00
9.888689517974853516e-01
9.576362967491149902e-01
1.016175150871276855e+00
1.038381695747375488e+00
1.010721802711486816e+00
1.010838389396667480e+00
1.008034825325012207e+00
9.997943043708801270e-01
1.055959105491638184e+00
9.842033982276916504e-01
9.801004528999328613e-01
1.004263520240783691e+00
1.008589267730712891e+00
9.804626703262329102e-01
1.017501950263977051e+00
1.003311276435852051e+00
9.907515048980712891e-01
1.013671159744262695e+00
1.001110196113586426e+00
9.940520524978637695e-01
1.010420083999633789e+00
9.979405403137207031e-01
9.709079861640930176e-01
1.002533078193664551e+00
9.953811764717102051e-01
9.905658960342407227e-01
1.006786465644836426e+00
9.830318093299865723e-01
1.013774156570434570e+00
9.787678718566894531e-01
1.000338912010192871e+00
9.927576780319213867e-01
9.733812808990478516e-01
9.860224723815917969e-01
9.969330430030822754e-01
1.001090884208679199e+00
1.019795894622802734e+00
1.024515151977539062e+00
1.037716269493103027e+00
1.019288539886474609e+00
9.955667257308959961e-01
9.975432157516479492e-01
1.014388084411621094e+00
9.783201217651367188e-01
1.011917352676391602e+00
9.914681315422058105e-01
9.975539445877075195e-01
1.032922029495239258e+00
1.005627989768981934e+00
1.008952736854553223e+00
1.017791390419006348e+00
1.012427449226379395e+00
1.019943594932556152e+00
1.047783374786376953e+00
9.852268695831298828e-01
9.998414516448974609e-01
9.967057108879089355e-01
9.984212517738342285e-01
9.882237911224365234e-01
9.833796620368957520e-01
9.784303307533264160e-01
1.018214583396911621e+00
9.916101694107055664e-01
9.668260216712951660e-01
1.002150177955627441e+00
9.743876457214355469e-01
1.013190507888793945e+00
9.872649312019348145e-01
9.958809614181518555e-01
1.009099245071411133e+00
