5.683716535568237305e-01
4.999373257160186768e-01
-3.192082345485687256e-01
3.491469919681549072e-01
-1.436688750982284546e-01
-3.796195685863494873e-01
3.503431379795074463e-02
-3.732328116893768311e-01
8.004911243915557861e-02
-3.531435430049896240e-01
-2.645768821239471436e-01
3.955274224281311035e-01
1.778408735990524292e-01
-2.995318472385406494e-01
-3.310552835464477539e-01
-3.290604352951049805e-01
-4.510006308555603027e-02
6.328811645507812500e-01
4.451548755168914795e-01
-3.427159190177917480e-01
-5.576209425926208496e-01
-6.191214323043823242e-01
-3.716272711753845215e-01
-3.947118669748306274e-02
-4.598609805107116699e-01
4.200027883052825928e-01
1.400730311870574951e-01
1.803353130817413330e-01
-7.255636155605316162e-02
-5.933440327644348145e-01
3.221690356731414795e-01
-2.968634292483329773e-02
-6.893039941787719727e-01
5.911510586738586426e-01
3.386910259723663330e-01
-3.508104383945465088e-01
-4.137566387653350830e-01
4.612493813037872314e-01
-4.165575504302978516e-01
-3.692915439605712891e-01
2.218780219554901123e-01
5.578607320785522461e-01
-3.679475784301757812e-01
-4.678772985935211182e-01
5.550460815429687500e-01
-3.973603621125221252e-02
-1.821524500846862793e-01
-3.841098546981811523e-01
5.427426695823669434e-01
-1.859703809022903442e-01
-1.571782678365707397e-01
8.094771206378936768e-02
3.761491924524307251e-02
4.220561981201171875e-01
-3.004201054573059082e-01
4.902533814311027527e-02
-3.632518351078033447e-01
-5.607821345329284668e-01
-5.215089917182922363e-01
5.345172286033630371e-01
-1.864703893661499023e-01
4.341947138309478760e-01
5.274072885513305664e-01
-4.556310549378395081e-02
3.362143337726593018e-01
9.743469208478927612e-02
-6.872632503509521484e-01
-1.004996299743652344e-01
-3.249677717685699463e-01
2.912652492523193359e-01
3.558659180998802185e-02
-4.975466430187225342e-01
2.095547877252101898e-02
5.509474873542785645e-01
-2.071626335382461548e-01
8.240967988967895508e-02
4.621361494064331055e-01
-5.045751929283142090e-01
-2.691406011581420898e-01
4.069967269897460938e-01
4.322127401828765869e-01
-3.872344195842742920e-01
4.563056826591491699e-01
-2.259677089750766754e-02
-5.813390612602233887e-01
-2.199499011039733887e-01
-3.274697065353393555e-01
-2.274326235055923462e-01
4.621775448322296143e-01
-3.863442838191986084e-01
-2.355323880910873413e-01
-4.138427078723907471e-01
-1.367376595735549927e-01
-3.504401445388793945e-02
-4.625151157379150391e-01
-4.439373314380645752e-01
-2.173594832420349121e-01
-6.001415848731994629e-01
1.095644906163215637e-01
2.092490196228027344e-01
-4.089216291904449463e-01
3.764349520206451416e-01
1.097024530172348022e-01
2.084402740001678467e-02
-5.358669757843017578e-01
2.324336767196655273e-01
4.730000197887420654e-01
5.999152660369873047e-01
3.988101780414581299e-01
-2.362759709358215332e-01
-1.622333526611328125e-01
5.294281840324401855e-01
-1.800116747617721558e-01
4.881426095962524414e-01
5.460998043417930603e-03
-3.044816553592681885e-01
4.081010520458221436e-01
-1.944991797208786011e-01
2.895084619522094727e-01
-6.224339604377746582e-01
-3.023576438426971436e-01
-3.805902004241943359e-01
2.542752921581268311e-01
-3.703657984733581543e-01
1.782390847802162170e-02
-5.281810164451599121e-01
2.292834967374801636e-01
-2.780261822044849396e-02
-6.292663216590881348e-01
-6.454409565776586533e-03
3.712432682514190674e-01
1.315966621041297913e-02
1.779967248439788818e-01
2.228578329086303711e-01
-4.185093045234680176e-01
-5.725263357162475586e-01
4.698900878429412842e-01
-2.242046743631362915e-01
5.858853459358215332e-01
2.358334325253963470e-02
1.945938020944595337e-01
2.084945589303970337e-01
-4.517387449741363525e-01
-2.884400784969329834e-01
6.568674445152282715e-01
7.628612220287322998e-02
1.790747642517089844e-01
1.576979905366897583e-01
-3.907115161418914795e-01
-5.840116739273071289e-01
5.469768643379211426e-01
2.699016034603118896e-01
-1.939240992069244385e-01
8.742820471525192261e-02
5.108485817909240723e-01
-4.269890785217285156e-01
-1.066774427890777588e-01
3.012205064296722412e-01
5.063298940658569336e-01
1.334504187107086182e-01
5.874480605125427246e-01
-2.443467974662780762e-01
-4.124239981174468994e-01
-2.893925011157989502e-01
4.971617758274078369e-01
5.903265252709388733e-02
1.335634887218475342e-01
4.715405106544494629e-01
-5.226096510887145996e-01
-6.366457790136337280e-02
-3.450185060501098633e-01
-2.379048466682434082e-01
4.769396185874938965e-01
-4.490490555763244629e-01
1.954863667488098145e-01
-4.035423994064331055e-01
-3.732824921607971191e-01
-5.689291954040527344e-01
-3.177843615412712097e-02
-2.249578982591629028e-01
2.278612107038497925e-01
4.154436290264129639e-01
-6.113881468772888184e-01
5.437627434730529785e-01
-3.479357808828353882e-02
2.040759474039077759e-01
4.312944412231445312e-01
-4.923082515597343445e-02
1.910517215728759766e-01
8.458629995584487915e-02
-2.323730289936065674e-01
2.000997960567474365e-01
