4.318227991461753845e-02
-3.691333346068859100e-03
-7.462848722934722900e-02
-6.069079786539077759e-02
6.446120887994766235e-02
-1.374042034149169922e-02
-7.686264812946319580e-02
-4.786150902509689331e-02
8.106714487075805664e-02
-5.628940090537071228e-02
-1.986564323306083679e-02
-9.580545127391815186e-03
-6.743455678224563599e-02
2.572689950466156006e-02
3.858874738216400146e-02
3.135241940617561340e-02
-3.549973294138908386e-02
5.761257931590080261e-02
4.377900436520576477e-02
-7.386738806962966919e-02
-8.295298367738723755e-02
3.800376132130622864e-02
6.725179404020309448e-02
2.744686044752597809e-02
2.976558916270732880e-02
3.236930444836616516e-02
-2.474637329578399658e-02
8.303377032279968262e-02
4.060354456305503845e-02
4.209564649499952793e-04
-6.194409728050231934e-02
2.911072224378585815e-02
-7.173091173171997070e-02
2.515079453587532043e-02
-3.727534785866737366e-02
7.664068043231964111e-02
-1.274762395769357681e-02
-5.914420634508132935e-02
2.206463366746902466e-02
5.198728293180465698e-02
-3.118784539401531219e-02
5.640899389982223511e-02
4.227091744542121887e-02
-2.723017148673534393e-02
-2.842601388692855835e-02
7.084576645866036415e-04
-7.018469274044036865e-02
-8.107646368443965912e-03
8.393878489732742310e-02
5.343614518642425537e-02
-6.451830267906188965e-02
-6.397546827793121338e-02
-4.675055388361215591e-03
-7.194124162197113037e-02
-5.654219910502433777e-02
6.882848590612411499e-02
-6.019533053040504456e-02
8.054094761610031128e-02
3.924636542797088623e-02
8.430846780538558960e-02
-4.820609092712402344e-02
-3.228633105754852295e-02
-4.554607719182968140e-02
5.249191820621490479e-02
6.014360487461090088e-02
-4.333171248435974121e-02
-1.977971568703651428e-02
5.245955660939216614e-03
-6.615286320447921753e-02
5.970192700624465942e-02
8.401636779308319092e-02
-3.515382111072540283e-02
-5.336663499474525452e-02
7.484708726406097412e-02
8.049713075160980225e-02
4.297277703881263733e-02
-6.335109472274780273e-02
-6.149359047412872314e-02
4.840752854943275452e-02
5.779211595654487610e-02
-5.185954645276069641e-02
8.743768930435180664e-02
4.084089770913124084e-02
6.051453948020935059e-02
-1.200423017144203186e-02
5.467576906085014343e-02
-5.899252835661172867e-03
-3.488307073712348938e-02
-8.777792006731033325e-02
-7.402882725000381470e-02
-6.646475940942764282e-02
1.980390772223472595e-02
-1.366610918194055557e-02
7.890991866588592529e-02
6.597439199686050415e-02
1.483824010938405991e-02
8.471880853176116943e-02
5.931242555379867554e-02
5.636108294129371643e-02
-2.974450588226318359e-02
1.471007056534290314e-02
-5.667799711227416992e-02
-4.055174067616462708e-03
8.344408124685287476e-02
-5.759393051266670227e-02
-5.505733191967010498e-02
8.234713226556777954e-02
7.779125869274139404e-02
7.843956351280212402e-02
-6.849585473537445068e-02
-9.688064455986022949e-03
4.500501602888107300e-02
4.136691987514495850e-02
7.412297278642654419e-02
-2.906777523458003998e-02
-6.276335101574659348e-03
-1.164736598730087280e-02
-7.744345068931579590e-02
6.746114790439605713e-02
7.489776180591434240e-05
8.607733249664306641e-02
5.299808084964752197e-02
1.992525905370712280e-02
8.356015384197235107e-02
-1.445339713245630264e-02
5.719939246773719788e-02
-3.243468469008803368e-03
-7.840541657060384750e-04
5.964202433824539185e-02
6.345753371715545654e-02
-1.240861136466264725e-02
-2.230354212224483490e-02
-4.610751196742057800e-02
5.018543079495429993e-02
7.862470299005508423e-02
4.919870756566524506e-03
7.162187993526458740e-02
5.502990633249282837e-02
7.547027617692947388e-02
4.573635756969451904e-02
4.410497844219207764e-02
-5.410341173410415649e-02
4.711031168699264526e-02
8.300098776817321777e-02
5.401115491986274719e-02
4.596247524023056030e-02
-7.475866377353668213e-02
-2.051249146461486816e-02
4.295620322227478027e-02
-4.273353144526481628e-02
-8.685000985860824585e-02
-4.086724482476711273e-03
-8.897649240680038929e-04
-1.693137735128402710e-02
4.748948849737644196e-03
3.079454228281974792e-02
-6.319624930620193481e-02
-5.162804387509822845e-03
6.101870909333229065e-02
4.600454866886138916e-02
-1.023584604263305664e-02
-4.207292199134826660e-02
2.972661517560482025e-02
-5.041617527604103088e-02
-4.338804259896278381e-02
-7.349102944135665894e-02
-3.458087565377354622e-03
-8.694276213645935059e-02
-5.516651086509227753e-03
-3.094037063419818878e-02
5.518648028373718262e-02
3.972171992063522339e-02
6.914471834897994995e-02
8.283019810914993286e-02
8.635550737380981445e-02
2.503328956663608551e-02
1.969545334577560425e-02
7.105553150177001953e-02
1.478004641830921173e-02
-5.801094323396682739e-02
-3.397230524569749832e-03
5.159315839409828186e-02
5.639250203967094421e-02
5.535057187080383301e-02
6.041519716382026672e-02
-1.269346103072166443e-02
5.824213847517967224e-02
8.396548777818679810e-02
4.721941053867340088e-02
-7.690694183111190796e-02
-5.387242883443832397e-02
3.294397890567779541e-02
-4.153324291110038757e-02
-1.439738459885120392e-02
-4.441906884312629700e-02
-6.804526597261428833e-02
-8.376386761665344238e-02
1.175489276647567749e-02
6.034800782799720764e-03
7.616814970970153809e-02
-2.618196979165077209e-02
2.965033985674381256e-02
-3.272421285510063171e-02
-1.707009412348270416e-02
7.066088914871215820e-02
2.206826955080032349e-02
8.047316968441009521e-02
-3.675984963774681091e-02
5.092860758304595947e-02
-4.650222137570381165e-03
-4.733484983444213867e-02
7.783690001815557480e-03
7.325275242328643799e-02
-2.104390040040016174e-02
5.456833541393280029e-02
3.491754829883575439e-02
-1.987369032576680183e-03
-5.298245325684547424e-02
3.530863672494888306e-02
1.870538294315338135e-02
5.822635442018508911e-02
-7.330135256052017212e-02
-5.629394203424453735e-02
6.338134407997131348e-02
-3.843237413093447685e-03
-7.587319612503051758e-02
-7.389646023511886597e-02
-1.108908443711698055e-03
-2.057871408760547638e-02
5.174516886472702026e-02
2.786180563271045685e-02
-5.544773116707801819e-02
-7.899440079927444458e-02
-4.688634537160396576e-03
5.418746545910835266e-02
2.009386755526065826e-02
7.057110220193862915e-02
3.115744702517986298e-02
-2.465802431106567383e-02
-8.425960689783096313e-02
3.616737946867942810e-02
-2.956397831439971924e-03
-2.867711521685123444e-02
-7.804764062166213989e-02
5.658183619379997253e-02
1.044780015945434570e-03
-4.819083213806152344e-02
3.586928546428680420e-02
2.306489460170269012e-02
6.035504490137100220e-02
-1.077215466648340225e-02
6.302431970834732056e-02
4.018961265683174133e-02
4.846160486340522766e-02
4.046452417969703674e-02
6.470339000225067139e-02
8.341522514820098877e-02
1.541648339480161667e-02
-3.792247921228408813e-02
-2.406704053282737732e-02
-4.091250523924827576e-02
-5.866668373346328735e-02
1.001659873872995377e-02
2.632521325722336769e-03
7.517609745264053345e-02
2.762292884290218353e-02
-4.740023240447044373e-02
-3.911475650966167450e-03
7.198128104209899902e-02
-6.693289428949356079e-02
-4.222083836793899536e-02
-1.944781048223376274e-03
-5.685015767812728882e-02
3.883266076445579529e-02
-8.457595109939575195e-02
-4.364850930869579315e-03
2.329612337052822113e-02
4.426314681768417358e-02
3.098639473319053650e-02
-3.185261785984039307e-02
1.367915887385606766e-02
-7.398191094398498535e-02
8.022833615541458130e-02
4.082995932549238205e-03
7.544461404904723167e-04
4.635087028145790100e-02
1.011611800640821457e-02
3.564350306987762451e-02
8.185310661792755127e-02
-4.049549251794815063e-02
8.339899033308029175e-02
-3.324104845523834229e-02
-7.815764099359512329e-02
-1.237589493393898010e-02
6.799301505088806152e-02
-7.757676392793655396e-02
4.310348629951477051e-02
-3.043333254754543304e-02
6.653835624456405640e-02
8.473950624465942383e-02
4.015292227268218994e-02
-5.518393218517303467e-02
8.810947090387344360e-02
3.306346014142036438e-03
-8.513395488262176514e-02
-8.545159548521041870e-02
-6.187929585576057434e-02
4.357016831636428833e-02
1.924004592001438141e-02
1.384904887527227402e-02
-3.633744269609451294e-02
-1.571708545088768005e-02
-6.776815652847290039e-02
5.672216415405273438e-02
1.005353219807147980e-02
-5.859489087015390396e-03
-7.642446458339691162e-02
-8.111181668937206268e-03
-3.491485863924026489e-02
5.082765594124794006e-02
7.461152970790863037e-02
-1.816583797335624695e-02
-2.418301813304424286e-02
-6.654793024063110352e-02
-2.805668301880359650e-02
-7.268991321325302124e-02
3.363945335149765015e-02
-8.325649052858352661e-02
-3.574934601783752441e-02
1.231979764997959137e-02
4.958689212799072266e-02
-1.605938188731670380e-02
1.068092882633209229e-02
-8.049799501895904541e-02
4.451248794794082642e-02
4.064747318625450134e-02
-3.862784802913665771e-02
4.273075982928276062e-02
-2.721094340085983276e-02
-4.182447865605354309e-02
5.784997344017028809e-02
-3.520592674612998962e-02
-3.579801693558692932e-02
-1.227015070617198944e-02
2.800551615655422211e-02
-1.610207743942737579e-02
-5.096835270524024963e-02
-6.772371381521224976e-02
5.952610075473785400e-02
-2.249934710562229156e-02
-8.713780343532562256e-02
6.981571204960346222e-03
7.879453152418136597e-02
7.410804927349090576e-02
-3.541786223649978638e-02
-7.436559349298477173e-02
3.053137660026550293e-02
7.991063594818115234e-02
4.343789070844650269e-02
-1.690571662038564682e-03
2.864714898169040680e-02
-1.008677296340465546e-02
6.685899943113327026e-02
-3.585129976272583008e-02
2.710358425974845886e-02
4.249576106667518616e-02
1.463018450886011124e-02
1.416209992021322250e-02
2.382962778210639954e-02
-4.551806021481752396e-03
-3.382327780127525330e-02
5.101761221885681152e-02
-6.773302704095840454e-02
3.598248213529586792e-02
5.596928671002388000e-02
8.255187422037124634e-02
-6.456431001424789429e-02
7.062711566686630249e-02
8.224181085824966431e-02
-6.934663280844688416e-03
-4.967568814754486084e-02
2.265525795519351959e-02
-9.969351813197135925e-03
7.617262005805969238e-02
7.335349172353744507e-02
7.784038782119750977e-02
-8.546388894319534302e-02
-5.819445103406906128e-02
5.105923116207122803e-02
-8.826963603496551514e-02
3.952272236347198486e-02
-5.769232288002967834e-02
-3.619756549596786499e-02
-2.816265076398849487e-02
-1.033508125692605972e-02
-4.922617971897125244e-02
-5.123272910714149475e-02
9.581172838807106018e-03
-3.576039895415306091e-02
4.630642384290695190e-02
4.508972167968750000e-02
5.626985430717468262e-02
4.348534718155860901e-02
-7.319979369640350342e-02
-8.427506685256958008e-02
5.826381221413612366e-02
-1.149494200944900513e-02
8.091988414525985718e-02
2.274060621857643127e-02
3.071729280054569244e-02
-3.094996884465217590e-02
8.700399845838546753e-02
-2.876429632306098938e-02
-4.842245951294898987e-02
4.090798273682594299e-02
3.950383886694908142e-02
-3.577094525098800659e-02
3.119225986301898956e-02
7.689010351896286011e-02
-2.863055467605590820e-02
1.585458964109420776e-02
4.534415900707244873e-02
-2.401571720838546753e-02
-5.826023966073989868e-02
-5.977641046047210693e-02
-4.632730036973953247e-02
5.305569618940353394e-02
5.250427871942520142e-02
7.112762331962585449e-02
-8.625489473342895508e-02
2.822732366621494293e-02
-9.238068014383316040e-03
-1.746698096394538879e-02
-4.729577153921127319e-02
7.977798581123352051e-02
-3.457657992839813232e-02
-8.786214143037796021e-02
1.850763685069978237e-03
-8.462898433208465576e-02
8.493848890066146851e-02
7.737838476896286011e-02
1.357976719737052917e-02
8.571990183554589748e-04
2.701876312494277954e-02
9.134425781667232513e-04
4.006882756948471069e-02
5.959811806678771973e-02
4.928771406412124634e-02
-6.656104698777198792e-03
-5.843241140246391296e-02
-3.528597205877304077e-02
-2.751991152763366699e-02
-2.113267220556735992e-02
-1.115885190665721893e-02
-1.847501844167709351e-02
4.401395563036203384e-03
2.499407157301902771e-02
2.776874601840972900e-02
-3.895555064082145691e-02
-5.013915523886680603e-02
4.011392593383789062e-02
-5.988318845629692078e-02
-4.341617226600646973e-02
7.503987103700637817e-02
-5.563348159193992615e-02
7.297799736261367798e-02
-4.463292285799980164e-02
7.008548825979232788e-02
6.336940824985504150e-02
8.536367863416671753e-02
5.639416724443435669e-02
2.358312159776687622e-02
-3.226271644234657288e-02
8.204223960638046265e-02
5.964509025216102600e-02
5.627120845019817352e-04
2.014125138521194458e-02
1.712774857878684998e-02
3.953127935528755188e-02
-4.521125182509422302e-02
3.033198975026607513e-02
-6.591515243053436279e-02
1.382693741470575333e-02
7.858452200889587402e-02
-3.838894888758659363e-02
3.496481478214263916e-02
2.700176835060119629e-02
-1.134899817407131195e-02
-5.602836608886718750e-02
-4.837288707494735718e-02
-9.910332737490534782e-04
-3.626297786831855774e-02
1.662265323102474213e-02
-8.368972688913345337e-03
-5.887822061777114868e-02
-8.228231221437454224e-02
-5.914276465773582458e-02
7.334846258163452148e-02
5.671377852559089661e-02
6.823139637708663940e-02
5.702399834990501404e-02
-6.865954399108886719e-02
8.528995327651500702e-03
-5.293150991201400757e-02
1.867475174367427826e-02
6.619971990585327148e-02
2.795168384909629822e-02
4.624654725193977356e-02
8.069553226232528687e-02
3.445534408092498779e-02
-5.890261009335517883e-02
5.852116271853446960e-02
1.493941992521286011e-02
-3.238119184970855713e-02
-6.770185194909572601e-03
-2.616387791931629181e-02
7.153071463108062744e-02
4.673684015870094299e-02
-2.777970395982265472e-02
-4.373106360435485840e-02
-4.572979360818862915e-02
8.480153232812881470e-02
2.650207467377185822e-02
-4.897797852754592896e-02
6.599261611700057983e-02
-7.213418185710906982e-02
-6.645001471042633057e-02
4.692507907748222351e-02
8.342382311820983887e-02
8.585944026708602905e-02
3.551561012864112854e-02
-6.504337489604949951e-02
6.963866949081420898e-02
-1.481194049119949341e-02
-7.381051033735275269e-02
1.617220975458621979e-02
-7.259630411863327026e-02
-8.554482460021972656e-02
5.147092044353485107e-02
4.736754670739173889e-02
-5.292196199297904968e-02
-6.546912342309951782e-02
8.235459029674530029e-02
-1.639476604759693146e-02
-2.431472763419151306e-02
-2.467143721878528595e-02
6.235659867525100708e-02
-8.724234253168106079e-02
-1.068311929702758789e-02
7.319591194391250610e-02
-6.521861255168914795e-02
-2.401618752628564835e-03
3.791914135217666626e-02
-5.609572678804397583e-02
-4.927694424986839294e-02
7.430178672075271606e-02
-1.254074857570230961e-03
8.330877870321273804e-02
1.079758294508792460e-04
-5.383324250578880310e-02
5.593265965580940247e-02
6.077866256237030029e-02
7.242786884307861328e-02
-5.268547683954238892e-02
-4.228750243782997131e-02
4.933309741318225861e-03
-2.430108189582824707e-02
-2.430512756109237671e-02
5.809276923537254333e-02
7.463141530752182007e-02
-4.258100315928459167e-02
8.758697658777236938e-02
8.740876615047454834e-02
5.960365012288093567e-02
5.393023043870925903e-02
-4.411831870675086975e-02
-5.384769663214683533e-02
-1.679980754852294922e-02
6.759537756443023682e-02
-6.140664964914321899e-02
-3.561906889081001282e-02
8.631600067019462585e-03
-6.493011862039566040e-02
-5.508308298885822296e-03
1.593218371272087097e-02
4.740696400403976440e-02
5.390359461307525635e-02
7.260745763778686523e-02
7.283773156814277172e-04
1.065102498978376389e-02
1.476051099598407745e-02
-8.439648896455764771e-02
-4.866029694676399231e-02
-3.947436809539794922e-02
-6.465163826942443848e-02
-5.910446494817733765e-02
-5.176493898034095764e-02
-2.198823168873786926e-02
1.661020889878273010e-02
-7.592393551021814346e-03
5.473897606134414673e-02
-4.263319075107574463e-02
3.314922377467155457e-02
-1.069130655378103256e-02
-7.869617640972137451e-02
7.595796883106231689e-02
4.957110434770584106e-02
-3.606477379798889160e-02
-2.113308198750019073e-02
5.811365321278572083e-02
-8.622971177101135254e-02
6.534731481224298477e-03
-3.513120859861373901e-02
-7.064395397901535034e-02
-2.882398199290037155e-03
6.313278526067733765e-02
1.517874468117952347e-02
5.371934920549392700e-02
6.974075734615325928e-02
3.465897589921951294e-02
6.548211723566055298e-02
1.037079002708196640e-02
8.113595843315124512e-02
-4.636349156498908997e-02
5.593951791524887085e-02
-3.201973624527454376e-03
-4.116844385862350464e-03
8.395671099424362183e-02
-6.769598275423049927e-02
4.339313134551048279e-02
-8.152072876691818237e-02
-3.280002623796463013e-02
5.951235070824623108e-02
2.404153160750865936e-02
-7.360164076089859009e-02
-6.638924032449722290e-02
7.215399295091629028e-02
8.725104480981826782e-02
-3.577278926968574524e-02
3.378915786743164062e-02
3.444245085120201111e-03
7.379828393459320068e-02
6.953578442335128784e-02
7.116789929568767548e-03
-8.449485898017883301e-02
-8.126678317785263062e-02
8.404734730720520020e-02
-6.480311602354049683e-02
3.357962518930435181e-02
5.299235880374908447e-02
-8.643151819705963135e-02
5.740324780344963074e-02
5.335213616490364075e-02
7.554060965776443481e-02
-7.902949303388595581e-02
-1.897376612760126591e-03
7.776939868927001953e-02
-9.849290363490581512e-03
7.319668680429458618e-02
6.245771795511245728e-02
-8.460748009383678436e-03
-7.746249437332153320e-03
1.896103471517562866e-02
6.621655076742172241e-02
-5.134280398488044739e-02
7.589738070964813232e-02
-4.177851602435112000e-02
3.327896120026707649e-04
3.303166478872299194e-02
5.184251815080642700e-02
7.896576076745986938e-03
2.633112668991088867e-02
-5.704110115766525269e-02
-7.261021528393030167e-03
-8.262050896883010864e-02
6.758944690227508545e-02
-6.456243991851806641e-02
-2.305472642183303833e-02
-3.500680252909660339e-02
6.208698451519012451e-02
5.892423912882804871e-03
3.828304633498191833e-02
-2.769411355257034302e-02
5.993747338652610779e-02
8.451011963188648224e-03
5.237724632024765015e-03
-6.784049421548843384e-02
-4.278706014156341553e-02
-8.476622402667999268e-02
6.913886219263076782e-02
5.283092707395553589e-02
5.960540845990180969e-02
-2.450905553996562958e-02
2.263479679822921753e-02
7.579598575830459595e-02
5.338827520608901978e-02
-5.250668898224830627e-02
-3.659206256270408630e-02
7.332428544759750366e-02
-1.180600654333829880e-02
-3.859841078519821167e-02
5.742875859141349792e-02
2.340575680136680603e-02
-4.638561978936195374e-02
-7.095468044281005859e-02
2.624470554292201996e-02
-2.923495136201381683e-02
7.580715417861938477e-02
-7.133782655000686646e-02
1.485481485724449158e-02
8.069372177124023438e-02
6.163026019930839539e-02
-6.642249226570129395e-02
1.864093914628028870e-02
1.727370731532573700e-02
7.139750570058822632e-02
1.290545612573623657e-02
2.387971989810466766e-02
7.258725911378860474e-02
-2.751198131591081619e-03
3.193459287285804749e-02
7.206769287586212158e-02
-7.514148950576782227e-02
1.164279319345951080e-02
-5.590388551354408264e-03
7.158093154430389404e-02
-7.529783993959426880e-02
-4.004392027854919434e-02
6.210566684603691101e-02
-4.884895682334899902e-02
-8.356875926256179810e-02
1.409070286899805069e-02
6.180247291922569275e-02
8.218611031770706177e-02
-7.027572486549615860e-03
-1.160135213285684586e-02
-8.721802383661270142e-03
5.960199609398841858e-02
-7.816143333911895752e-03
-1.414870750159025192e-02
5.319977551698684692e-02
-1.098528038710355759e-02
7.717999070882797241e-02
2.872587926685810089e-02
-6.105883419513702393e-02
-1.029794570058584213e-03
-5.376736447215080261e-02
1.644216012209653854e-03
-7.179399579763412476e-02
-8.456161618232727051e-02
6.343124806880950928e-02
-1.650782884098589420e-03
-1.677264273166656494e-02
7.086050510406494141e-02
-3.763048723340034485e-02
-6.925599277019500732e-02
6.903602927923202515e-02
-6.037232466042041779e-03
6.736770272254943848e-02
1.347864884883165359e-02
-6.802729517221450806e-02
-4.416994005441665649e-02
4.115887358784675598e-02
-1.312761567533016205e-02
-3.269971534609794617e-02
3.110594302415847778e-02
9.443180635571479797e-03
1.329034473747014999e-02
-6.975520402193069458e-02
-5.752311274409294128e-02
-2.219368703663349152e-02
-2.334189414978027344e-02
5.042907223105430603e-02
1.073070336133241653e-02
-1.097106561064720154e-02
1.929548010230064392e-02
4.266110435128211975e-02
-1.320575457066297531e-02
2.169300429522991180e-02
4.083175957202911377e-02
-3.810175228863954544e-03
-3.338634967803955078e-02
2.226437209174036980e-03
-8.708852529525756836e-02
-2.829088270664215088e-02
8.156516402959823608e-02
-6.138805299997329712e-02
4.248300194740295410e-02
-1.494999974966049194e-02
-7.921891659498214722e-02
-3.363275155425071716e-02
-3.828738583251833916e-03
3.504336625337600708e-02
1.236482243984937668e-02
7.005086541175842285e-02
6.928913295269012451e-02
-7.263970375061035156e-02
4.340690001845359802e-02
-5.308274179697036743e-02
-4.906423017382621765e-02
-2.886592224240303040e-02
7.384154200553894043e-02
-2.161984704434871674e-02
-2.503557503223419189e-02
2.111657150089740753e-02
-1.215716358274221420e-02
5.323081463575363159e-02
-6.061788275837898254e-02
2.505691918486263603e-05
-5.007925909012556076e-03
1.798401772975921631e-02
3.415062278509140015e-02
-3.008811920881271362e-02
-2.608073316514492035e-02
-8.149947226047515869e-02
7.133644074201583862e-02
1.523115299642086029e-02
-4.363575484603643417e-03
9.100284427404403687e-03
1.409792248159646988e-02
-4.981140047311782837e-02
-3.026894852519035339e-02
4.631009325385093689e-02
-6.787050515413284302e-02
4.510133992880582809e-03
8.498442173004150391e-02
6.892982870340347290e-02
1.236067502759397030e-03
7.781694829463958740e-02
-3.519291430711746216e-02
-8.754370361566543579e-02
-8.817650377750396729e-02
-5.233717709779739380e-02
-4.738359246402978897e-03
-4.112949594855308533e-02
-4.125335440039634705e-02
-5.992517992854118347e-02
-8.837845921516418457e-02
-5.665144324302673340e-02
-1.852348633110523224e-02
2.805206738412380219e-02
6.962458789348602295e-02
-4.689192026853561401e-02
-5.918533354997634888e-02
3.069015406072139740e-02
-8.029403537511825562e-02
-5.749556701630353928e-03
-5.767165124416351318e-02
6.052012369036674500e-02
1.924764364957809448e-02
1.094019971787929535e-02
4.217001795768737793e-02
-3.496053814888000488e-02
6.136412546038627625e-02
-7.837785780429840088e-02
6.033983081579208374e-02
-7.221432775259017944e-02
8.787765353918075562e-02
-5.310833826661109924e-02
3.397960960865020752e-02
1.310693193227052689e-02
4.771634470671415329e-03
6.024754792451858521e-02
-2.769893500953912735e-03
7.673525065183639526e-02
2.646745182573795319e-02
2.936926111578941345e-02
1.164516340941190720e-02
-4.351569339632987976e-02
1.826118491590023041e-02
7.701094448566436768e-02
-5.474511906504631042e-02
-1.896831579506397247e-02
1.114103477448225021e-03
8.607991039752960205e-02
-1.098084915429353714e-02
-1.716785505414009094e-02
2.273674868047237396e-02
5.133121460676193237e-02
6.000773236155509949e-02
6.325377617031335831e-03
3.334619477391242981e-02
-2.921681664884090424e-02
1.858267188072204590e-02
2.150489203631877899e-02
3.435390442609786987e-02
6.476525962352752686e-02
-4.430142790079116821e-02
7.335963100194931030e-02
-4.076469317078590393e-02
3.712377697229385376e-02
8.179475367069244385e-02
2.970276959240436554e-02
3.847122192382812500e-02
1.543925888836383820e-02
-5.588456988334655762e-02
-6.170304864645004272e-02
-6.419285386800765991e-02
-3.261132538318634033e-02
-1.726859621703624725e-02
6.022677198052406311e-02
5.094408616423606873e-02
1.810964755713939667e-02
1.596063189208507538e-02
6.268575787544250488e-02
3.518559038639068604e-02
-2.216735668480396271e-02
3.037222474813461304e-02
-6.723072845488786697e-03
-4.643363505601882935e-02
-5.251573026180267334e-02
7.116874307394027710e-02
1.533354911953210831e-02
-4.035908356308937073e-02
-5.277041345834732056e-02
-6.970529258251190186e-02
-1.759527716785669327e-03
-9.847866371273994446e-03
-2.808864042162895203e-02
-8.395776152610778809e-02
7.360603660345077515e-02
8.426763862371444702e-02
-8.035644143819808960e-02
3.244434669613838196e-02
-8.811960369348526001e-02
5.552526935935020447e-02
1.447860151529312134e-02
-6.565049290657043457e-02
-9.754276834428310394e-03
-3.274236992001533508e-02
7.748717814683914185e-02
2.643544040620326996e-02
-2.136141248047351837e-02
-6.285803765058517456e-02
-1.703545334748923779e-03
8.190535753965377808e-02
7.581997662782669067e-02
-8.598245680332183838e-02
2.650883980095386505e-02
-2.661420591175556183e-02
4.914251714944839478e-02
4.580836743116378784e-02
2.709936909377574921e-02
6.937175989151000977e-02
-4.913907125592231750e-02
2.647995762526988983e-02
2.449136413633823395e-02
3.171310946345329285e-02
-2.456184476613998413e-02
-6.929668784141540527e-02
-8.138343691825866699e-02
8.574357628822326660e-02
7.846491038799285889e-02
-5.444649979472160339e-02
1.686391234397888184e-02
-6.712649762630462646e-02
-1.272570807486772537e-02
-8.085355162620544434e-02
-7.254825532436370850e-02
6.931217014789581299e-02
-2.995382808148860931e-02
7.735158503055572510e-02
2.150116115808486938e-02
-5.563898012042045593e-02
5.486061563715338707e-04
-6.259047985076904297e-02
4.583602398633956909e-02
3.115443512797355652e-03
-7.080298662185668945e-02
4.422069340944290161e-02
4.264228418469429016e-02
-2.359593287110328674e-02
8.364222943782806396e-02
1.274751406162977219e-02
2.881625294685363770e-02
2.817027829587459564e-02
-3.589319065213203430e-03
5.993941426277160645e-02
-7.622016966342926025e-02
-4.558736830949783325e-02
3.669627010822296143e-02
5.505374073982238770e-02
6.527890264987945557e-02
-4.774497076869010925e-02
3.731214255094528198e-02
4.726667702198028564e-02
2.015828900039196014e-02
-4.017231985926628113e-02
-6.912808120250701904e-02
-3.017484582960605621e-02
-7.352548092603683472e-02
2.714381366968154907e-02
-1.122311595827341080e-02
1.947452314198017120e-03
5.778907239437103271e-02
3.724243119359016418e-02
4.126566275954246521e-02
-5.147008970379829407e-02
-4.889774136245250702e-04
-5.215464904904365540e-02
4.692109674215316772e-02
-1.500074844807386398e-02
-6.319785863161087036e-02
3.952737897634506226e-02
8.253877609968185425e-02
-3.485406190156936646e-02
-3.150438889861106873e-02
-6.842844933271408081e-02
-6.617286801338195801e-02
2.049312554299831390e-02
1.578975841403007507e-02
-3.996947780251502991e-02
3.006733022630214691e-02
-3.827447816729545593e-02
-2.670892141759395599e-02
3.896125033497810364e-02
-7.965657114982604980e-02
7.556498050689697266e-02
-2.729048393666744232e-02
-6.904926151037216187e-02
-8.347656577825546265e-02
-1.042951177805662155e-02
7.210143655538558960e-02
-4.416863247752189636e-02
