9.231416583061218262e-01
9.385461211204528809e-01
9.253817796707153320e-01
9.179807901382446289e-01
7.102770805358886719e-01
6.826695203781127930e-01
8.154137730598449707e-01
9.466557502746582031e-01
7.246983051300048828e-01
9.023885130882263184e-01
8.817768096923828125e-01
9.036574959754943848e-01
9.226455688476562500e-01
8.822807073593139648e-01
8.612514138221740723e-01
9.043864011764526367e-01
6.821024417877197266e-01
8.843436241149902344e-01
7.269623279571533203e-01
9.227334260940551758e-01
6.725760698318481445e-01
6.924577355384826660e-01
9.338546395301818848e-01
9.105032682418823242e-01
7.056270837783813477e-01
7.321487069129943848e-01
8.936376571655273438e-01
9.161743521690368652e-01
8.546855449676513672e-01
9.167996048927307129e-01
8.887284398078918457e-01
7.166984081268310547e-01
9.091415405273437500e-01
9.442724585533142090e-01
9.055033922195434570e-01
9.087212085723876953e-01
7.522342801094055176e-01
9.233866333961486816e-01
9.344782233238220215e-01
9.157287478446960449e-01
9.070918560028076172e-01
7.396059036254882812e-01
9.407913088798522949e-01
8.593830466270446777e-01
7.183648347854614258e-01
7.081662416458129883e-01
7.461729645729064941e-01
7.058100104331970215e-01
8.903598785400390625e-01
7.218081951141357422e-01
8.799795508384704590e-01
7.037374377250671387e-01
9.030816555023193359e-01
9.041188359260559082e-01
9.007233381271362305e-01
9.106928110122680664e-01
8.917080163955688477e-01
7.329518795013427734e-01
7.339506149291992188e-01
7.002736926078796387e-01
9.165861606597900391e-01
8.750981688499450684e-01
8.854110240936279297e-01
9.201912283897399902e-01
8.842994570732116699e-01
9.021762609481811523e-01
7.024083733558654785e-01
8.892013430595397949e-01
8.659192919731140137e-01
9.015570282936096191e-01
8.750038743019104004e-01
9.281495213508605957e-01
7.297270298004150391e-01
9.109095931053161621e-01
9.013846516609191895e-01
9.225037693977355957e-01
9.216936826705932617e-01
7.066864371299743652e-01
9.190756678581237793e-01
8.669831156730651855e-01
8.985148072242736816e-01
9.280104041099548340e-01
7.244604229927062988e-01
9.316497445106506348e-01
7.319414019584655762e-01
8.328264951705932617e-01
9.109250903129577637e-01
8.632320761680603027e-01
9.089282751083374023e-01
8.658936023712158203e-01
9.227352738380432129e-01
8.749564290046691895e-01
7.275602221488952637e-01
9.335454702377319336e-01
8.983712792396545410e-01
9.144374132156372070e-01
9.110615849494934082e-01
7.181091904640197754e-01
9.107629060745239258e-01
7.420898675918579102e-01
9.086194038391113281e-01
9.213808774948120117e-01
9.244230389595031738e-01
9.001525044441223145e-01
7.220824956893920898e-01
8.957128524780273438e-01
8.837115168571472168e-01
8.928954005241394043e-01
9.172810912132263184e-01
8.730584979057312012e-01
7.258566021919250488e-01
9.115590453147888184e-01
8.904063105583190918e-01
8.978264927864074707e-01
8.958355784416198730e-01
8.966957926750183105e-01
7.335495948791503906e-01
8.646096587181091309e-01
7.201229929924011230e-01
7.046495079994201660e-01
8.942358493804931641e-01
9.090582728385925293e-01
8.955857753753662109e-01
7.291104197502136230e-01
9.213542938232421875e-01
8.984615802764892578e-01
6.829769015312194824e-01
6.881635785102844238e-01
9.048934578895568848e-01
8.652935624122619629e-01
9.032662510871887207e-01
8.865516185760498047e-01
8.648620843887329102e-01
9.149981737136840820e-01
9.023721814155578613e-01
7.346831560134887695e-01
6.838286519050598145e-01
9.186493754386901855e-01
6.965562701225280762e-01
9.032606482505798340e-01
8.847560882568359375e-01
8.716264963150024414e-01
9.243969917297363281e-01
9.291806817054748535e-01
9.467989802360534668e-01
8.987552523612976074e-01
9.051504135131835938e-01
9.259321689605712891e-01
7.235527634620666504e-01
9.358609914779663086e-01
7.279012203216552734e-01
7.251144051551818848e-01
7.335088253021240234e-01
8.713176250457763672e-01
7.067964673042297363e-01
8.688967227935791016e-01
7.175002098083496094e-01
7.070423364639282227e-01
8.920690417289733887e-01
8.361911773681640625e-01
9.357821345329284668e-01
8.581889271736145020e-01
9.230457544326782227e-01
8.885719180107116699e-01
9.153338670730590820e-01
8.946238160133361816e-01
7.048479914665222168e-01
9.178305864334106445e-01
7.330132722854614258e-01
7.149577736854553223e-01
8.900837898254394531e-01
9.166962504386901855e-01
9.375463128089904785e-01
9.023426771163940430e-01
9.201644659042358398e-01
9.236267209053039551e-01
9.183642864227294922e-01
8.176869750022888184e-01
9.116773009300231934e-01
7.429407238960266113e-01
7.416444420814514160e-01
7.267069816589355469e-01
9.317252039909362793e-01
8.925894498825073242e-01
8.475474119186401367e-01
8.890680074691772461e-01
8.952211141586303711e-01
7.223019003868103027e-01
7.038239240646362305e-01
8.891661763191223145e-01
9.096025228500366211e-01
9.088580012321472168e-01
8.882645368576049805e-01
9.154929518699645996e-01
7.154827713966369629e-01
9.239215850830078125e-01
7.256602048873901367e-01
7.155251502990722656e-01
9.026206135749816895e-01
7.174554467201232910e-01
7.280150651931762695e-01
9.226170778274536133e-01
8.546609282493591309e-01
9.195404052734375000e-01
7.316399216651916504e-01
9.190189242362976074e-01
7.102618217468261719e-01
8.744410872459411621e-01
8.777760267257690430e-01
7.346849441528320312e-01
9.277918338775634766e-01
9.202957153320312500e-01
9.375483989715576172e-01
6.951131820678710938e-01
7.145215868949890137e-01
7.859476804733276367e-01
8.739765286445617676e-01
9.192328453063964844e-01
7.156057357788085938e-01
9.023302197456359863e-01
8.968930244445800781e-01
8.716042637825012207e-01
8.397088646888732910e-01
8.860771656036376953e-01
7.182369232177734375e-01
8.840954303741455078e-01
7.027736902236938477e-01
8.896753787994384766e-01
9.233387708663940430e-01
9.054074883460998535e-01
7.070586085319519043e-01
7.330015301704406738e-01
6.881089806556701660e-01
9.040192365646362305e-01
8.481959104537963867e-01
7.181508541107177734e-01
9.068967700004577637e-01
9.404231905937194824e-01
8.170607089996337891e-01
7.045702934265136719e-01
8.659968972206115723e-01
6.867516040802001953e-01
7.130563855171203613e-01
9.027383923530578613e-01
9.032684564590454102e-01
9.082448482513427734e-01
8.818838596343994141e-01
7.246360778808593750e-01
8.576410412788391113e-01
9.344677925109863281e-01
8.692103028297424316e-01
9.113539457321166992e-01
7.064017057418823242e-01
9.282473325729370117e-01
7.242276668548583984e-01
9.226758480072021484e-01
