3.663267493247985840e-01
4.063308537006378174e-01
-4.001141190528869629e-01
3.592280149459838867e-01
-2.524834275245666504e-01
5.581062659621238708e-02
-3.623579442501068115e-01
-3.317158818244934082e-01
1.773862838745117188e-01
1.426578611135482788e-01
5.645864605903625488e-01
-5.672334507107734680e-02
9.583562612533569336e-02
-1.823093742132186890e-01
-5.590934157371520996e-01
1.915707141160964966e-01
5.254223942756652832e-01
4.569536074995994568e-02
-1.857839077711105347e-01
4.059166312217712402e-01
-3.094572424888610840e-01
-5.370101928710937500e-01
-4.045561552047729492e-01
2.909350581467151642e-02
5.686594843864440918e-01
1.995572298765182495e-01
2.449142336845397949e-01
1.037364229559898376e-01
4.601919949054718018e-01
1.531061977148056030e-01
3.554507493972778320e-01
-4.761947393417358398e-01
3.736726343631744385e-01
-3.359935581684112549e-01
-3.705102503299713135e-01
8.091254532337188721e-02
-2.752316594123840332e-01
-5.216474533081054688e-01
-1.584592275321483612e-02
-5.039317011833190918e-01
-4.401580244302749634e-02
2.322124838829040527e-01
2.758932113647460938e-01
3.509363532066345215e-01
3.937028348445892334e-01
5.390697717666625977e-01
-3.076370954513549805e-01
-3.381450772285461426e-01
-3.078467845916748047e-01
-6.131198629736900330e-02
2.444204092025756836e-01
-5.562080740928649902e-01
3.213700950145721436e-01
-2.242083400487899780e-01
2.682859301567077637e-01
-3.313645347952842712e-02
1.124016940593719482e-01
5.605259537696838379e-01
-4.122284948825836182e-01
5.013896226882934570e-01
-3.367941454052925110e-02
-1.766659319400787354e-01
-3.088291920721530914e-02
3.983169198036193848e-01
