9.186141937971115112e-02
-2.124127298593521118e-01
-9.704859256744384766e-01
1.401272565126419067e-01
-7.741701602935791016e-01
-2.979429066181182861e-01
2.123118788003921509e-01
1.363976486027240753e-02
-3.467361032962799072e-01
3.897271677851676941e-02
7.732009142637252808e-02
1.366255283355712891e-01
9.294791519641876221e-02
3.364861309528350830e-01
-2.358389347791671753e-01
-1.318629235029220581e-01
-3.409769851714372635e-03
-7.255780696868896484e-01
-4.707610011100769043e-01
-1.465469002723693848e-01
-2.085735052824020386e-01
1.782277077436447144e-01
-8.330132961273193359e-01
-3.611609935760498047e-01
-1.698100864887237549e-01
-1.360610276460647583e-01
-3.488353788852691650e-01
-4.737365543842315674e-01
-2.366527169942855835e-01
-1.138695776462554932e-01
2.857587113976478577e-02
6.169881820678710938e-01
-7.717057466506958008e-01
-3.762703239917755127e-01
-4.734545350074768066e-01
1.148965507745742798e-01
-3.808590173721313477e-01
-3.239960968494415283e-01
-3.723165988922119141e-01
1.689094454050064087e-01
-2.860008478164672852e-01
1.426544189453125000e-01
9.576734900474548340e-02
1.909685432910919189e-01
-1.522790938615798950e-01
6.359804421663284302e-02
-1.136082969605922699e-02
-2.613856494426727295e-01
-2.333736717700958252e-01
6.466918438673019409e-02
-1.684350371360778809e-01
2.926265299320220947e-01
2.779083251953125000e-01
-4.941654801368713379e-01
-3.502485156059265137e-02
3.789468705654144287e-01
-3.386096656322479248e-01
-5.352483391761779785e-01
-2.322556972503662109e-01
-8.341211080551147461e-02
-1.355363577604293823e-01
-4.636494517326354980e-01
-1.385418474674224854e-01
7.496147602796554565e-02
-3.016408979892730713e-01
-4.041958451271057129e-01
-2.918754518032073975e-01
-1.684078425168991089e-01
9.935837239027023315e-02
1.506818234920501709e-01
6.546428799629211426e-02
-5.133116245269775391e-01
1.353248208761215210e-02
-4.882799983024597168e-01
-7.689896821975708008e-01
-4.944581389427185059e-01
-2.656779587268829346e-01
-2.014692276716232300e-01
2.197637781500816345e-02
1.439793109893798828e-01
-7.019734978675842285e-01
-5.782155394554138184e-01
4.010274708271026611e-01
-2.074057608842849731e-01
-4.110642373561859131e-01
1.330259442329406738e-01
-8.729771524667739868e-02
-1.893872022628784180e-01
-9.222611784934997559e-02
2.590976357460021973e-01
3.053751587867736816e-01
3.337958082556724548e-02
-2.346658855676651001e-01
-6.671928614377975464e-02
-1.651528477668762207e-02
-7.401877641677856445e-01
6.006193757057189941e-01
5.699850320816040039e-01
1.960631273686885834e-02
-2.050012052059173584e-01
2.099427878856658936e-01
-1.472427099943161011e-01
-6.703144907951354980e-01
-5.184004455804824829e-02
-5.917733311653137207e-01
-4.390330612659454346e-01
-4.003431499004364014e-01
1.298407316207885742e-01
3.751745820045471191e-02
4.400387033820152283e-02
-8.537442088127136230e-01
-5.112219601869583130e-02
7.215750217437744141e-02
-7.731328904628753662e-02
5.340490341186523438e-01
1.488558799028396606e-01
1.061861366033554077e-01
-2.331542521715164185e-01
-2.900706827640533447e-01
-5.973128676414489746e-01
-1.560349464416503906e-01
3.253326117992401123e-01
2.736441418528556824e-02
-1.181908920407295227e-01
-7.400036603212356567e-02
-3.285154104232788086e-01
-8.845005184412002563e-02
-3.917098343372344971e-01
2.318433374166488647e-01
-4.975182414054870605e-01
3.727569580078125000e-01
-1.033141836524009705e-01
4.483229219913482666e-01
-1.550945220515131950e-03
-6.142433285713195801e-01
-8.781900256872177124e-02
1.585662961006164551e-01
1.981230080127716064e-01
-1.450560241937637329e-01
-2.362351417541503906e-01
-1.294250935316085815e-01
2.456770986318588257e-01
-1.534824818372726440e-01
2.481317967176437378e-01
-3.570064604282379150e-01
-1.702931374311447144e-01
7.087185233831405640e-02
-3.618135750293731689e-01
-2.684365808963775635e-01
-3.790277242660522461e-01
1.791683137416839600e-01
1.358368992805480957e-01
-2.564552128314971924e-01
-6.693308949470520020e-01
-5.652103424072265625e-01
-2.740378975868225098e-01
2.499724738299846649e-02
2.545340061187744141e-01
-4.644258916378021240e-01
1.260867863893508911e-01
-4.267093837261199951e-01
-4.355083033442497253e-02
-8.266467601060867310e-02
-8.419913053512573242e-02
-2.129743248224258423e-01
-5.140784978866577148e-01
4.020547270774841309e-01
1.824135780334472656e-01
-5.846849456429481506e-02
2.672226727008819580e-01
4.890657067298889160e-01
3.180367052555084229e-01
-2.914590239524841309e-01
-1.957600712776184082e-01
-2.213027328252792358e-01
-1.393969655036926270e-01
-4.675652384757995605e-01
2.278303354978561401e-01
-3.170438408851623535e-01
-6.113545596599578857e-02
2.949262559413909912e-01
3.580957651138305664e-01
-1.572361737489700317e-01
4.984271898865699768e-02
-3.390600085258483887e-01
-4.878799617290496826e-01
-2.876768074929714203e-02
-1.772564649581909180e-01
-3.220750093460083008e-01
-2.389329671859741211e-02
-4.430693089962005615e-01
-6.860099732875823975e-02
1.932949572801589966e-01
-3.409603834152221680e-01
-1.102097216062247753e-03
-2.252103388309478760e-02
-1.137104332447052002e-01
-2.824991345405578613e-01
-2.463934272527694702e-01
-1.961772590875625610e-01
-3.590906411409378052e-02
5.016488432884216309e-01
1.383499205112457275e-01
-5.472776889801025391e-01
-2.582820951938629150e-01
-5.105370189994573593e-03
-7.906731963157653809e-01
6.574402004480361938e-02
-1.150572225451469421e-01
-7.727721929550170898e-01
-3.185901641845703125e-01
-4.667066335678100586e-01
3.301468491554260254e-01
-2.242340147495269775e-01
-3.297795355319976807e-02
-4.462136328220367432e-01
-6.733015179634094238e-01
-8.345084264874458313e-03
-4.793642461299896240e-01
-4.618600308895111084e-01
-1.031104251742362976e-01
-5.543004870414733887e-01
-2.320545166730880737e-01
-6.207796931266784668e-01
-2.359418272972106934e-01
-1.864849328994750977e-01
2.948453128337860107e-01
-3.945309817790985107e-01
3.331448435783386230e-01
-1.102994754910469055e-01
4.542317092418670654e-01
2.670056521892547607e-01
-2.521059289574623108e-02
9.272455424070358276e-02
3.386884331703186035e-01
4.338437616825103760e-01
-4.903581738471984863e-02
-7.572446465492248535e-01
4.406523704528808594e-01
3.634705245494842529e-01
-9.140791743993759155e-02
-3.653383851051330566e-01
-7.108008861541748047e-01
-8.826227188110351562e-01
4.738733470439910889e-01
2.429897338151931763e-01
4.437732696533203125e-01
-9.242896735668182373e-02
-1.140609309077262878e-01
9.369269013404846191e-02
-2.819226123392581940e-02
-2.011817097663879395e-01
4.572026804089546204e-02
4.243013560771942139e-01
2.390073388814926147e-01
-3.585381805896759033e-01
-3.317551612854003906e-01
2.366686910390853882e-01
4.808255732059478760e-01
1.367214471101760864e-01
-3.776324391365051270e-01
5.251719430088996887e-02
-3.137036785483360291e-02
-3.287007808685302734e-01
-7.875475287437438965e-02
-1.996064335107803345e-01
-1.992961466312408447e-01
9.834364056587219238e-02
-1.429777145385742188e-01
1.879421249032020569e-02
-4.511700570583343506e-01
1.133250147104263306e-01
-3.125800788402557373e-01
9.235362708568572998e-02
-3.475588560104370117e-01
8.522724360227584839e-02
3.196661174297332764e-01
2.055265903472900391e-01
-2.355530411005020142e-01
-3.263097405433654785e-01
-5.044481754302978516e-01
2.853004932403564453e-01
-3.002245426177978516e-01
9.713926166296005249e-02
-4.324577152729034424e-01
-4.812002554535865784e-02
-7.372329831123352051e-01
-1.058247014880180359e-01
9.041925668716430664e-01
-6.798206567764282227e-01
-3.436773717403411865e-01
-1.737963408231735229e-01
2.143150866031646729e-01
2.878868766129016876e-02
-3.793600201606750488e-01
3.151906654238700867e-02
1.029484793543815613e-01
-3.659828007221221924e-01
-3.381454050540924072e-01
-6.392692327499389648e-01
-1.450816392898559570e-01
4.136138856410980225e-01
4.976091161370277405e-02
-2.149980366230010986e-01
-3.697125911712646484e-01
-3.717353343963623047e-01
1.640330404043197632e-01
-1.264093220233917236e-01
3.907287418842315674e-01
8.020358532667160034e-02
-1.127994619309902191e-02
2.897311747074127197e-01
9.525626897811889648e-02
-7.301872372627258301e-01
4.252739995718002319e-02
-1.478810012340545654e-01
-6.268662214279174805e-01
8.501584529876708984e-01
9.249386936426162720e-02
1.423336565494537354e-02
-3.090791702270507812e-01
2.262940257787704468e-01
-2.418574541807174683e-01
-3.621896207332611084e-01
-2.171943187713623047e-01
8.012681454420089722e-02
1.778222322463989258e-01
-3.060359060764312744e-01
-1.075734376907348633e+00
-5.922116339206695557e-02
1.366299092769622803e-01
-3.412383198738098145e-01
-2.358001843094825745e-02
-6.656473875045776367e-01
-2.297373116016387939e-01
-4.184694588184356689e-02
-2.375319302082061768e-01
-1.637181639671325684e-01
-2.347328811883926392e-01
2.422384358942508698e-02
-1.167541965842247009e-01
4.989112541079521179e-02
-6.006971597671508789e-01
-2.905200123786926270e-01
2.526649087667465210e-02
-8.220272138714790344e-03
1.841605901718139648e-01
4.634400457143783569e-02
-2.984453439712524414e-01
-5.880100727081298828e-01
2.138798236846923828e-01
-4.625211954116821289e-01
-1.599464267492294312e-01
-2.045456171035766602e-01
-1.015233874320983887e+00
-4.545013606548309326e-02
-3.678547143936157227e-01
-4.454185068607330322e-01
-6.905596703290939331e-02
-2.728011906147003174e-01
-7.024998068809509277e-01
1.423620153218507767e-02
-7.231498360633850098e-01
-4.711127281188964844e-01
-4.451940953731536865e-02
4.389220848679542542e-02
-8.992289751768112183e-02
-4.505116939544677734e-01
-1.948309093713760376e-01
-5.305899381637573242e-01
3.764787688851356506e-02
-3.249382078647613525e-01
-9.707397967576980591e-02
-3.537908196449279785e-02
-1.676946133375167847e-01
-9.568697959184646606e-02
3.673978447914123535e-01
-1.692785471677780151e-01
-8.383160829544067383e-01
-2.521428465843200684e-01
-4.537550508975982666e-01
-2.295633256435394287e-01
2.595073282718658447e-01
1.989420503377914429e-01
-4.021138548851013184e-01
5.754311084747314453e-01
4.089989066123962402e-01
-2.995246052742004395e-01
-2.556599974632263184e-01
-1.898699849843978882e-01
4.354568570852279663e-02
5.593008399009704590e-01
-3.903877362608909607e-02
8.116888254880905151e-02
-7.374523878097534180e-01
-3.069605231285095215e-01
5.543596148490905762e-01
-4.823593497276306152e-01
3.421453535556793213e-01
-6.407222151756286621e-01
3.713895082473754883e-01
1.272040605545043945e-02
-2.433164119720458984e-01
-1.932952105998992920e-01
-3.672344982624053955e-01
-2.661108374595642090e-01
4.816953837871551514e-02
1.712149679660797119e-01
-7.735558785498142242e-03
1.156161576509475708e-01
-4.588624835014343262e-01
-1.260896682739257812e+00
-6.166629865765571594e-02
-1.090187355875968933e-01
2.875488996505737305e-01
4.252312183380126953e-01
-1.520537436008453369e-01
1.312620192766189575e-01
-2.453321069478988647e-01
5.703129991888999939e-02
-3.348796665668487549e-01
1.096833497285842896e-02
-4.922095313668251038e-02
-1.902097910642623901e-01
3.098009340465068817e-02
-4.089267551898956299e-01
1.330146789550781250e-01
-1.599722951650619507e-01
-1.440899074077606201e-01
-3.916085362434387207e-01
-6.352816224098205566e-01
-2.797877192497253418e-01
2.050030045211315155e-02
2.552684545516967773e-01
-5.484052374958992004e-02
-6.199543476104736328e-01
-1.172791346907615662e-01
-1.514368653297424316e-01
-5.920002609491348267e-02
-4.282424151897430420e-01
-5.451244115829467773e-01
4.433321580290794373e-02
-3.027685284614562988e-01
9.583402425050735474e-03
3.685923516750335693e-01
-3.315793573856353760e-01
3.116772472858428955e-01
1.277452856302261353e-01
-3.121669590473175049e-01
3.025649785995483398e-01
-4.669040068984031677e-02
-2.273701503872871399e-02
-3.281273543834686279e-01
1.941417306661605835e-01
-2.102977484464645386e-01
3.093224018812179565e-02
2.279170751571655273e-01
-4.966983795166015625e-01
-4.769169688224792480e-01
1.466356515884399414e-01
3.671393990516662598e-01
1.166699603199958801e-01
-2.414143271744251251e-02
-3.053350150585174561e-01
-3.017567396163940430e-01
3.058101534843444824e-01
-8.010001480579376221e-02
-2.572790682315826416e-01
-4.508787691593170166e-01
-3.745429515838623047e-01
-9.268123656511306763e-02
-3.864831328392028809e-01
2.259052991867065430e-01
-1.457382887601852417e-01
-6.259321570396423340e-01
-1.052993461489677429e-01
-7.525094598531723022e-02
9.232966601848602295e-02
-4.205352067947387695e-01
2.645612359046936035e-01
-4.241081178188323975e-01
4.128650724887847900e-01
2.473787218332290649e-01
8.110786229372024536e-02
1.736863106489181519e-01
-4.054210782051086426e-01
-2.105848044157028198e-01
1.521132439374923706e-01
1.361383795738220215e-01
-3.242382109165191650e-01
2.391607165336608887e-01
2.535266578197479248e-01
-9.505060315132141113e-02
-3.137395679950714111e-01
4.492542445659637451e-01
3.517444729804992676e-01
-1.094800978899002075e-01
-1.439414322376251221e-01
6.987460255622863770e-01
-3.680716156959533691e-01
-1.441993415355682373e-01
-1.217764392495155334e-01
2.159669697284698486e-01
-2.414859086275100708e-01
-1.756095327436923981e-02
-3.844806253910064697e-01
5.574057102203369141e-01
2.083987295627593994e-01
-3.845666651614010334e-04
-1.624538749456405640e-01
-5.611072778701782227e-01
-3.539502322673797607e-01
-3.605729341506958008e-02
-3.369178771972656250e-01
-3.366259932518005371e-01
-2.391196787357330322e-01
7.441200315952301025e-02
-2.319362014532089233e-01
6.154122948646545410e-02
-1.089248538017272949e+00
3.798441216349601746e-02
-1.863726228475570679e-01
-1.993883699178695679e-01
-1.729979664087295532e-01
1.174756288528442383e-01
-5.466430783271789551e-01
-2.390733808279037476e-01
8.888656646013259888e-02
-6.668307185173034668e-01
-8.233112692832946777e-01
4.879105687141418457e-01
-1.937351375818252563e-01
-2.636090517044067383e-01
2.656389474868774414e-01
-2.298335433006286621e-01
1.681088656187057495e-01
-3.786206543445587158e-01
-2.258494198322296143e-01
2.782498896121978760e-01
-2.606557905673980713e-01
-6.917720437049865723e-01
8.232894539833068848e-02
-4.100243151187896729e-01
3.078639507293701172e-01
-5.007669329643249512e-01
4.270979464054107666e-01
-5.475262925028800964e-02
1.704370081424713135e-01
-3.783561289310455322e-01
5.031234025955200195e-01
-3.899898231029510498e-01
6.759937107563018799e-02
-5.258610844612121582e-01
-7.669539451599121094e-01
-5.404485389590263367e-02
4.037234187126159668e-02
-2.327345684170722961e-02
-1.479913145303726196e-01
-1.333449184894561768e-01
-3.898105919361114502e-01
-2.608730494976043701e-01
1.393797099590301514e-01
1.690984517335891724e-01
-3.529230654239654541e-01
-9.215039759874343872e-02
-4.432809948921203613e-01
-1.799915730953216553e-01
4.716462641954421997e-02
3.134549856185913086e-01
-2.765451669692993164e-01
2.124690115451812744e-01
-2.965061664581298828e-01
-2.512563765048980713e-02
-4.025286734104156494e-01
-4.230226576328277588e-02
-1.230406686663627625e-01
-1.177952811121940613e-01
-1.415772736072540283e-01
-1.055194661021232605e-01
-4.340114891529083252e-01
-9.419687092304229736e-02
5.912928283214569092e-02
1.677653938531875610e-01
2.222569435834884644e-01
2.336699217557907104e-01
-1.837757527828216553e-01
-1.639445722103118896e-01
-6.816888451576232910e-01
2.495887577533721924e-01
-6.278086304664611816e-01
2.975276708602905273e-01
-2.084370851516723633e-01
-4.194190800189971924e-01
-1.171703860163688660e-01
7.908285409212112427e-02
5.084664225578308105e-01
-4.389887154102325439e-01
-6.694309115409851074e-01
1.104189902544021606e-01
-6.380057334899902344e-02
-6.579864621162414551e-01
-5.700788497924804688e-01
1.360663026571273804e-01
-3.453114032745361328e-01
-1.773719042539596558e-01
2.124408483505249023e-01
-5.804469585418701172e-01
-3.609991967678070068e-01
-1.494964584708213806e-02
-1.518358942121267319e-02
-2.334505468606948853e-01
3.265100419521331787e-01
4.950589537620544434e-01
-3.122079931199550629e-02
-7.987365126609802246e-02
6.706445217132568359e-01
-3.326412439346313477e-01
-2.858567237854003906e-01
3.899820744991302490e-01
6.423464417457580566e-01
2.684222348034381866e-02
-1.225733906030654907e-01
3.893928229808807373e-01
-6.253079324960708618e-02
-4.393286705017089844e-01
3.305527567863464355e-01
-1.465413421392440796e-01
-1.552731841802597046e-01
-1.728457212448120117e-01
-1.939632743597030640e-01
-4.018983542919158936e-01
1.032619085162878036e-02
4.883045256137847900e-01
1.105207055807113647e-01
-5.675432682037353516e-01
3.626616895198822021e-01
7.221140712499618530e-02
2.448262413963675499e-03
-2.262314110994338989e-01
-8.890581130981445312e-02
-4.156002402305603027e-01
-2.366452515125274658e-01
-1.237793415784835815e-01
2.824225425720214844e-01
-2.618589997291564941e-01
9.166815318167209625e-03
7.390551269054412842e-02
7.901092059910297394e-03
-7.078181207180023193e-02
6.878298521041870117e-02
9.473883509635925293e-01
8.882163092494010925e-03
4.313210248947143555e-01
-1.327254921197891235e-01
2.258667051792144775e-01
3.494599089026451111e-02
-1.424926426261663437e-02
1.880552768707275391e-01
-5.667598545551300049e-02
-3.648847639560699463e-01
-1.043458133935928345e-01
-2.576265633106231689e-01
-1.015210598707199097e-01
-1.649641431868076324e-02
-3.095103502273559570e-01
1.965315639972686768e-01
-5.903284251689910889e-02
2.640416920185089111e-01
2.006177753210067749e-01
-2.153467684984207153e-01
-4.026584625244140625e-01
-3.846162855625152588e-01
-3.370568156242370605e-01
-4.250008761882781982e-01
4.530161917209625244e-01
3.153092563152313232e-01
-3.043060302734375000e-01
2.771742641925811768e-01
5.551771447062492371e-02
-3.433198034763336182e-01
2.339278310537338257e-01
-2.772813439369201660e-01
-7.516635060310363770e-01
-1.220131814479827881e-01
-2.455338686704635620e-01
2.612465322017669678e-01
-7.460904121398925781e-02
-7.349101901054382324e-01
1.602002233266830444e-01
1.251921802759170532e-01
3.955173194408416748e-01
1.032505482435226440e-01
-2.944163791835308075e-02
-2.808436937630176544e-02
2.311190515756607056e-01
-8.230048418045043945e-02
2.895951867103576660e-01
-4.477986097335815430e-01
-2.362860441207885742e-01
-2.044585049152374268e-01
1.648410707712173462e-01
1.567611247301101685e-01
5.467361211776733398e-01
-7.042126357555389404e-02
7.195303589105606079e-02
-2.457663565874099731e-01
1.172438338398933411e-01
9.712598323822021484e-01
2.010621428489685059e-01
8.761250972747802734e-02
-4.359419047832489014e-01
-2.783077955245971680e-02
-1.937033236026763916e-01
2.470308393239974976e-01
1.904739141464233398e-01
1.044748947024345398e-01
1.940439492464065552e-01
-6.438320875167846680e-01
7.405243515968322754e-01
2.744691669940948486e-01
-3.318632841110229492e-01
-3.652691841125488281e-01
-1.466805934906005859e-01
-5.516738444566726685e-02
-2.296806722879409790e-01
-1.225139349699020386e-01
8.941220119595527649e-03
-2.628721296787261963e-01
1.861395984888076782e-01
2.186628133058547974e-01
-1.984089463949203491e-01
2.835346162319183350e-01
-2.078546285629272461e-01
5.925074815750122070e-01
-2.533408403396606445e-01
4.999137520790100098e-01
-1.856732517480850220e-01
-5.828883647918701172e-01
-4.079449474811553955e-01
-8.963394165039062500e-01
3.655794858932495117e-01
3.703883290290832520e-02
2.462122589349746704e-01
-1.572394520044326782e-01
5.436002016067504883e-01
7.749085128307342529e-02
-3.220618963241577148e-01
-1.207981586456298828e+00
-7.381411194801330566e-01
2.288046777248382568e-01
6.088503599166870117e-01
-3.926033973693847656e-01
-7.364798784255981445e-01
1.450527757406234741e-01
1.473589390516281128e-01
2.053644657135009766e-01
2.422830015420913696e-01
-1.748734861612319946e-01
-3.578939735889434814e-01
2.110000513494014740e-02
-1.884087175130844116e-01
-1.142762899398803711e-01
-1.422468274831771851e-01
1.477799285203218460e-02
2.649345099925994873e-01
-3.497301936149597168e-01
2.623237371444702148e-01
1.762949675321578979e-01
-4.470916092395782471e-01
4.387590289115905762e-01
-1.102444808930158615e-02
-9.425189495086669922e-01
-7.240442186594009399e-02
-3.900543972849845886e-02
-2.282762676477432251e-01
2.650993131101131439e-02
9.949424862861633301e-02
1.505379378795623779e-01
3.554663956165313721e-01
-3.998379781842231750e-02
-3.130384087562561035e-01
-2.735222806222736835e-04
9.615027904510498047e-02
3.731531202793121338e-01
-3.612284660339355469e-01
-1.989313215017318726e-01
4.839396476745605469e-01
-2.267233431339263916e-01
8.640173077583312988e-02
-3.124105557799339294e-02
-1.006406784057617188e+00
9.303833246231079102e-01
4.342424869537353516e-02
-4.611239135265350342e-01
1.903321780264377594e-02
3.568775579333305359e-02
-2.603949308395385742e-01
5.369117483496665955e-03
-2.234009206295013428e-01
-2.203697711229324341e-01
6.587599217891693115e-02
-5.568997859954833984e-01
9.896373748779296875e-02
-2.186869978904724121e-01
-5.074256062507629395e-01
-2.892291545867919922e-01
-2.627249658107757568e-01
9.162711352109909058e-02
2.784367650747299194e-02
-2.344601005315780640e-01
-5.585355162620544434e-01
-4.493082463741302490e-01
-9.320618212223052979e-02
3.415537774562835693e-01
-1.952608972787857056e-01
-3.615809082984924316e-01
4.433034360408782959e-01
-4.903528466820716858e-02
-3.961171209812164307e-01
-4.073135256767272949e-01
6.359506249427795410e-01
-1.452420651912689209e-01
1.996818184852600098e-01
3.308278918266296387e-01
-4.621218442916870117e-01
-2.980561554431915283e-01
-2.061770111322402954e-01
-2.503368258476257324e-01
-2.741212248802185059e-01
-3.833772838115692139e-01
-4.502326250076293945e-01
-9.633368253707885742e-02
6.140844225883483887e-01
-6.791964918375015259e-02
-3.312380313873291016e-01
1.154070645570755005e-01
-5.238697528839111328e-01
-2.644568383693695068e-01
-8.480949401855468750e-01
-5.727320313453674316e-01
5.822168663144111633e-02
-1.830711215734481812e-01
-2.540815174579620361e-01
-2.369504719972610474e-01
-1.956336386501789093e-02
5.087938904762268066e-01
6.519842892885208130e-02
-6.598974466323852539e-01
-5.003532767295837402e-01
-4.117431342601776123e-01
3.441349565982818604e-01
-2.017599344253540039e-01
1.547710876911878586e-02
6.955218911170959473e-01
9.938810020685195923e-02
-2.059332095086574554e-02
-5.446615815162658691e-01
-2.790124118328094482e-01
1.769299507141113281e-01
7.535435259342193604e-02
-2.667748034000396729e-01
5.862769484519958496e-02
-6.320046782493591309e-01
-1.892819404602050781e-01
4.380643740296363831e-02
1.482368409633636475e-01
-2.707891166210174561e-01
-1.038744449615478516e-01
2.287104539573192596e-02
-4.329779446125030518e-01
5.335180554538965225e-03
2.257113009691238403e-01
-5.554165244102478027e-01
-1.147657781839370728e-01
-5.016788840293884277e-01
3.140905499458312988e-01
-8.031600117683410645e-01
4.463277161121368408e-01
5.899689793586730957e-01
-7.742604017257690430e-01
4.093907177448272705e-01
4.197612106800079346e-01
-3.099350333213806152e-01
-1.443747878074645996e-01
-7.640706002712249756e-02
-2.629886567592620850e-01
3.438141429796814919e-03
-5.205100774765014648e-01
2.823740541934967041e-01
8.052220940589904785e-02
-5.186502933502197266e-01
-2.230599895119667053e-02
-2.171623408794403076e-01
-3.646428585052490234e-01
9.646093472838401794e-03
-1.137070655822753906e-01
-1.835732348263263702e-02
-5.419217795133590698e-02
-2.991940975189208984e-01
-4.425433278083801270e-01
-3.188934922218322754e-01
-1.264192759990692139e-01
-7.845562100410461426e-01
5.022156983613967896e-02
-4.391172528266906738e-01
-4.810898005962371826e-01
1.625459194183349609e-01
4.003296494483947754e-01
-7.360319048166275024e-02
-5.322265028953552246e-01
7.629846036434173584e-02
7.392109371721744537e-03
3.484210073947906494e-01
5.737769231200218201e-02
-2.134497836232185364e-02
5.224804878234863281e-01
2.674086689949035645e-01
1.986770182847976685e-01
7.670327275991439819e-02
-3.969461470842361450e-02
2.039856314659118652e-01
3.323232056573033333e-03
1.484692096710205078e-01
-4.415951073169708252e-01
1.744049787521362305e-01
-3.775025606155395508e-01
8.834146708250045776e-02
-1.486140936613082886e-01
1.018916517496109009e-01
5.908833146095275879e-01
2.598279416561126709e-01
2.187444716691970825e-01
-2.176867127418518066e-01
7.057368159294128418e-01
-4.030402004718780518e-01
-1.270810961723327637e-01
-7.372294068336486816e-01
-2.959739267826080322e-01
2.541978657245635986e-02
3.759645819664001465e-01
8.361457288265228271e-02
-4.717030525207519531e-01
-2.993047237396240234e-01
-6.448628008365631104e-02
-2.219518572092056274e-01
4.307178556919097900e-01
-1.621475070714950562e-01
8.221819996833801270e-02
-2.709990441799163818e-01
1.810682117938995361e-01
-1.216692477464675903e-01
1.504769176244735718e-01
4.817742481827735901e-02
1.447659581899642944e-01
-3.406974375247955322e-01
-2.944244816899299622e-02
1.149076502770185471e-03
-8.165811002254486084e-02
-1.562655568122863770e-01
2.821432352066040039e-01
9.518080204725265503e-02
5.502132773399353027e-01
-3.567907810211181641e-01
4.201425611972808838e-01
-5.975413322448730469e-02
-2.786008715629577637e-01
-3.739784657955169678e-01
-1.415231525897979736e-01
-6.508444547653198242e-01
4.760819673538208008e-01
-1.997206509113311768e-01
-2.130090296268463135e-01
-4.227223396301269531e-01
1.337906271219253540e-01
3.590845465660095215e-01
-3.467992246150970459e-01
-4.752233251929283142e-02
-4.757545143365859985e-02
7.124310135841369629e-01
-1.357019990682601929e-01
2.223171144723892212e-01
-4.463836550712585449e-01
-9.385807067155838013e-02
-6.366339325904846191e-01
5.059552937746047974e-02
-6.968402862548828125e-01
1.001425608992576599e-01
1.264207810163497925e-01
-4.592951834201812744e-01
-5.494811534881591797e-01
-1.747416891157627106e-02
-5.967088341712951660e-01
4.901377856731414795e-01
2.564991079270839691e-02
-5.452205538749694824e-01
-4.406428337097167969e-02
-2.168639004230499268e-01
-4.167285561561584473e-01
3.285008072853088379e-01
1.766343861818313599e-01
-2.848345041275024414e-01
-4.230070859193801880e-02
-5.961769819259643555e-01
2.551250532269477844e-02
1.484060101211071014e-02
8.506976813077926636e-02
-1.743365079164505005e-01
-5.870021879673004150e-02
-5.772144533693790436e-03
-2.356958836317062378e-01
5.851794481277465820e-01
2.325424253940582275e-01
-4.372593164443969727e-01
4.437895715236663818e-01
-6.541370749473571777e-01
-3.639129400253295898e-01
4.621200859546661377e-01
-8.655221201479434967e-03
-2.204907089471817017e-01
-7.090210914611816406e-01
-7.404962182044982910e-02
2.984532117843627930e-01
-5.195367932319641113e-01
-5.626094341278076172e-01
