1.137361526489257812e+00
1.173721194267272949e+00
9.847001433372497559e-01
9.590442776679992676e-01
9.549738764762878418e-01
8.044309616088867188e-01
9.593545198440551758e-01
1.070178031921386719e+00
9.172217249870300293e-01
8.582814931869506836e-01
1.193016052246093750e+00
8.879022002220153809e-01
9.400116801261901855e-01
8.665649890899658203e-01
9.005079865455627441e-01
7.573162317276000977e-01
1.209616184234619141e+00
1.211568474769592285e+00
9.182733893394470215e-01
1.144339442253112793e+00
1.089651465415954590e+00
1.082350730895996094e+00
8.365675806999206543e-01
1.012539386749267578e+00
7.858126163482666016e-01
8.997470736503601074e-01
1.044300913810729980e+00
1.002528667449951172e+00
1.050939917564392090e+00
1.032338619232177734e+00
9.671900272369384766e-01
8.552979826927185059e-01
8.193984031677246094e-01
8.528026938438415527e-01
1.073701143264770508e+00
1.171019315719604492e+00
1.120582103729248047e+00
1.036690354347229004e+00
9.497938156127929688e-01
9.701636433601379395e-01
1.135379910469055176e+00
9.389503598213195801e-01
9.363210797309875488e-01
1.182325482368469238e+00
8.205552697181701660e-01
1.046568274497985840e+00
1.041763663291931152e+00
9.907922148704528809e-01
8.788517117500305176e-01
1.217717885971069336e+00
1.125720620155334473e+00
9.609769582748413086e-01
1.020299553871154785e+00
9.078559875488281250e-01
9.453744292259216309e-01
1.062946081161499023e+00
1.066841602325439453e+00
1.070987462997436523e+00
9.767876863479614258e-01
1.188888788223266602e+00
1.100364327430725098e+00
9.506130814552307129e-01
1.006844878196716309e+00
7.733197212219238281e-01
