-3.519463166594505310e-02
-3.317354992032051086e-02
-4.638857394456863403e-02
-5.108135193586349487e-02
1.557613350450992584e-02
-3.918249532580375671e-02
-5.536457523703575134e-02
-1.319955009967088699e-02
-2.220213226974010468e-02
-8.497377857565879822e-03
-1.911591179668903351e-02
3.930532373487949371e-03
-7.791227847337722778e-02
-5.913106352090835571e-02
-2.145427651703357697e-02
5.391880869865417480e-03
-4.082905128598213196e-02
-2.025305479764938354e-02
-5.494974926114082336e-02
-4.926856979727745056e-02
-3.709313645958900452e-02
-7.920287549495697021e-02
-2.794706448912620544e-02
-1.368862204253673553e-02
-4.162152856588363647e-02
-5.073368549346923828e-02
-5.246969871222972870e-03
1.005418226122856140e-02
-1.634251512587070465e-02
-3.212204948067665100e-02
-3.508041054010391235e-02
4.654296673834323883e-03
-2.449119463562965393e-02
-2.345304936170578003e-03
-3.257738053798675537e-02
-1.890830323100090027e-02
-1.361609436571598053e-02
6.020061671733856201e-03
-5.010116379708051682e-03
-3.550087288022041321e-02
-3.218418359756469727e-02
4.345679190009832382e-03
-1.716101169586181641e-02
-2.603711746633052826e-02
-3.858548775315284729e-02
-3.142388910055160522e-02
-3.006174601614475250e-02
-3.020555712282657623e-03
-4.080296680331230164e-02
-4.714136570692062378e-02
-3.995604813098907471e-03
-6.585869193077087402e-02
-5.397046729922294617e-02
-1.758028380572795868e-02
-4.061205685138702393e-02
-2.363980002701282501e-02
-5.933257937431335449e-02
-3.468971326947212219e-02
-4.883994907140731812e-02
-2.786022983491420746e-02
-1.667349040508270264e-02
-3.805924905464053154e-03
-3.773611038923263550e-02
-6.129860505461692810e-02
-3.294695168733596802e-02
-6.063237413763999939e-02
-2.337109111249446869e-02
-3.220428153872489929e-02
-6.077226996421813965e-02
-2.522707730531692505e-02
-3.633603826165199280e-02
-1.325331348925828934e-02
-6.476937793195247650e-03
-4.715248942375183105e-02
-1.810166239738464355e-02
-1.892992854118347168e-02
-1.669107563793659210e-02
-1.019793748855590820e-02
-2.515622042119503021e-02
-3.911260515451431274e-02
-5.738700926303863525e-02
-3.237394616007804871e-02
-6.829757988452911377e-02
-5.573601275682449341e-02
-3.155546635389328003e-02
-4.622448608279228210e-02
-5.639257654547691345e-02
6.689046043902635574e-03
-2.299188403412699699e-03
-5.744885653257369995e-03
-3.282403573393821716e-02
-1.780062331818044186e-03
3.445419669151306152e-02
-1.931043528020381927e-02
-2.600798010826110840e-02
-1.954537630081176758e-02
-3.149066492915153503e-02
-2.697649411857128143e-02
-2.938652224838733673e-02
-3.411445394158363342e-02
-6.975965201854705811e-02
-6.298163533210754395e-02
-2.832467481493949890e-02
-2.397501841187477112e-02
-3.482796251773834229e-02
-4.799546673893928528e-02
-5.336736142635345459e-02
5.802949890494346619e-03
-2.354540303349494934e-02
-2.937960252165794373e-02
-6.530193239450454712e-02
-2.332067117094993591e-02
-2.183079347014427185e-02
-2.382781915366649628e-02
-2.495192177593708038e-02
-3.141702339053153992e-02
-3.647282347083091736e-02
-2.520048990845680237e-02
-2.966376952826976776e-02
-1.269052084535360336e-02
-5.968035012483596802e-02
-3.558496013283729553e-02
1.519930176436901093e-02
-7.387583609670400620e-03
-2.707071602344512939e-02
-2.338779158890247345e-02
-3.465109691023826599e-02
-3.722499683499336243e-02
1.846798346377909184e-03
1.482609892264008522e-03
-3.423546254634857178e-02
-3.954883664846420288e-02
-2.193418517708778381e-02
-2.372802980244159698e-02
-4.081323370337486267e-02
-2.293559722602367401e-02
2.071886323392391205e-03
-2.630820963531732559e-03
-1.383093278855085373e-02
-2.457597479224205017e-02
-1.424674782902002335e-02
-4.190421849489212036e-02
-2.610024064779281616e-02
-4.063206538558006287e-02
-5.201643332839012146e-02
-6.637846119701862335e-03
-2.812819182872772217e-02
-3.478715941309928894e-02
-6.948091555386781693e-03
-3.312769532203674316e-02
-2.402715384960174561e-02
-5.341579765081405640e-02
-3.207347169518470764e-02
-1.148590352386236191e-02
-1.506997365504503250e-02
-2.670388482511043549e-02
-3.075830824673175812e-02
-2.436317689716815948e-02
-3.461613878607749939e-02
-4.299213737249374390e-02
-3.398879244923591614e-02
-1.834643445909023285e-02
-2.755657583475112915e-02
-1.820410229265689850e-02
-2.120204269886016846e-02
-2.619513683021068573e-02
-4.563107714056968689e-02
-6.064854562282562256e-02
-3.813630715012550354e-02
7.801605854183435440e-03
-7.226680219173431396e-02
-4.093098640441894531e-02
-1.550632901489734650e-02
-4.552243649959564209e-02
-3.139022365212440491e-02
-3.829862177371978760e-02
-1.068700663745403290e-02
-1.503020524978637695e-02
-2.224512770771980286e-02
-2.575500681996345520e-02
6.878544110804796219e-03
-2.996915020048618317e-02
-2.205642685294151306e-02
-1.161082461476325989e-02
-1.348450593650341034e-02
7.307173684239387512e-03
-3.053088486194610596e-02
3.209977596998214722e-02
-4.425388574600219727e-02
-3.996729850769042969e-02
-3.455260768532752991e-03
-6.192944478243589401e-03
-2.570787444710731506e-02
-7.537198252975940704e-03
-6.621026247739791870e-02
-1.507294084876775742e-02
-2.293137647211551666e-02
-5.934694781899452209e-02
-1.992769166827201843e-02
-3.017043881118297577e-02
1.180164329707622528e-02
-2.438624389469623566e-02
-3.375225886702537537e-02
-3.337044268846511841e-02
-2.069484815001487732e-02
-5.454155802726745605e-02
-4.878851177636533976e-04
-3.830462321639060974e-02
-3.602175787091255188e-02
-2.927829138934612274e-02
-4.433465376496315002e-02
4.976545646786689758e-02
-6.759735196828842163e-02
-1.147576048970222473e-02
2.858555689454078674e-02
-2.592396922409534454e-02
-5.172249674797058105e-02
-4.404819011688232422e-02
2.014050632715225220e-02
-3.485608473420143127e-02
-4.102773591876029968e-02
5.279432516545057297e-03
-2.776053547859191895e-02
-1.160360965877771378e-02
-4.254693910479545593e-02
-2.554490044713020325e-02
-6.096608191728591919e-02
-2.157037518918514252e-02
-3.880279138684272766e-02
-7.522445917129516602e-02
-4.548339173197746277e-02
-2.080009318888187408e-02
7.833351381123065948e-03
-1.732328720390796661e-02
-3.195084258913993835e-02
1.481073815375566483e-02
-2.924553304910659790e-02
8.066270500421524048e-03
-3.916070610284805298e-02
-1.015113014727830887e-02
-3.945814818143844604e-02
1.938300579786300659e-02
-4.799892008304595947e-02
-2.510619722306728363e-02
-4.359580948948860168e-02
-1.324355415999889374e-02
-2.203883044421672821e-02
2.761747920885682106e-03
-3.579431027173995972e-02
-2.157006785273551941e-02
-2.257031202316284180e-02
-4.506396874785423279e-02
-4.001900181174278259e-02
-3.088404797017574310e-02
-1.071301195770502090e-02
-3.990774601697921753e-02
-3.633925691246986389e-02
4.219533130526542664e-02
-1.081759948283433914e-02
-2.487841993570327759e-02
-4.776626452803611755e-02
-3.215526044368743896e-02
-1.282905228435993195e-02
-4.427849128842353821e-02
-4.281992837786674500e-02
-1.564196683466434479e-02
5.269304965622723103e-04
-9.513628669083118439e-03
1.826244965195655823e-02
1.072810962796211243e-02
-4.018663242459297180e-02
-3.173599019646644592e-02
-4.830205813050270081e-02
-5.915094166994094849e-02
-3.597926720976829529e-02
-3.740471601486206055e-02
-3.341459855437278748e-02
5.591998808085918427e-03
1.717379502952098846e-02
-2.133432216942310333e-02
-4.385634884238243103e-02
-3.085344843566417694e-02
-4.110091179609298706e-02
-6.390143185853958130e-02
-4.043967928737401962e-03
3.178784623742103577e-02
1.426842343062162399e-02
-2.695561386644840240e-02
-2.954920753836631775e-02
3.826171741820871830e-04
-4.011912643909454346e-02
-4.391846805810928345e-02
-4.136462137103080750e-02
-6.295632570981979370e-02
-1.408273912966251373e-02
5.847355816513299942e-03
-3.977477923035621643e-02
-1.357131078839302063e-02
-3.426907956600189209e-02
-3.460393473505973816e-02
-5.571917444467544556e-02
-2.170640416443347931e-02
-1.562730409204959869e-02
-2.460540458559989929e-02
-4.255109280347824097e-02
2.058418095111846924e-02
-2.357134036719799042e-02
-2.495781332254409790e-02
-4.794323351234197617e-03
-1.876645535230636597e-02
-1.482939068228006363e-02
-1.729168929159641266e-02
-7.374189049005508423e-02
-4.193664528429508209e-03
-4.880357161164283752e-02
-4.034282267093658447e-02
-2.495206892490386963e-02
-4.518963396549224854e-02
-2.709631435573101044e-02
-8.303156495094299316e-02
-2.474036067724227905e-02
-2.042181044816970825e-02
-2.810101956129074097e-02
-2.180511876940727234e-02
-2.403378486633300781e-02
-2.077434957027435303e-02
-1.451043691486120224e-02
-3.516906872391700745e-03
-7.089042570441961288e-03
-7.744570262730121613e-03
-3.741740435361862183e-02
-4.852478951215744019e-02
-2.749081328511238098e-02
-3.973586484789848328e-02
-4.543735086917877197e-02
-4.961948469281196594e-02
4.302685614675283432e-03
-4.646428301930427551e-02
-1.281706523150205612e-02
-2.996070496737957001e-02
-5.273933336138725281e-02
-3.011452034115791321e-02
-1.700202375650405884e-02
-6.044368818402290344e-02
-9.213260374963283539e-03
-2.913782186806201935e-02
-2.503679692745208740e-02
2.693426329642534256e-03
-4.505725577473640442e-02
-1.608446799218654633e-02
-1.912369579076766968e-02
-3.248120471835136414e-02
-4.419407248497009277e-02
-1.435103174299001694e-02
-1.733539812266826630e-02
-2.466871030628681183e-02
-2.166998013854026794e-02
-4.555927217006683350e-02
-1.099981088191270828e-02
-2.686967700719833374e-02
-2.754767797887325287e-02
5.400819936767220497e-04
3.587859217077493668e-03
-1.479135453701019287e-02
-3.295407444238662720e-02
-3.045840002596378326e-02
-4.809857159852981567e-02
-2.649455145001411438e-02
-2.382447198033332825e-02
-2.651095576584339142e-02
-1.251069083809852600e-02
-4.544723033905029297e-02
-2.815146930515766144e-02
-3.811585903167724609e-02
-8.065515011548995972e-02
-1.778456941246986389e-02
-2.855420298874378204e-02
-3.810214251279830933e-02
-2.433306165039539337e-02
-3.751912340521812439e-02
-1.841407269239425659e-02
-1.162054762244224548e-02
-3.351354598999023438e-02
-1.285174861550331116e-02
6.213270127773284912e-03
-3.338889032602310181e-02
-6.375886499881744385e-02
-4.684030264616012573e-02
-1.093750912696123123e-02
-1.199087593704462051e-02
-2.538846991956233978e-02
-2.167461812496185303e-02
-5.475127603858709335e-03
-4.047739878296852112e-02
-2.757761627435684204e-02
-3.470912948250770569e-02
-3.017238155007362366e-02
-2.126480452716350555e-02
-1.475335564464330673e-02
-4.282051324844360352e-02
-2.706266194581985474e-02
-2.740304730832576752e-02
-2.520431578159332275e-02
-5.355613306164741516e-02
-3.933035582304000854e-02
-3.229449689388275146e-02
-2.578664571046829224e-02
-9.349104017019271851e-03
-3.380563855171203613e-02
-6.209186092019081116e-02
-2.216584421694278717e-02
-2.514921873807907104e-02
-1.639807969331741333e-02
-5.393482279032468796e-04
-3.727592155337333679e-02
-6.344520300626754761e-02
-3.586271032691001892e-02
-9.514451026916503906e-03
-2.867676317691802979e-02
-4.996461048722267151e-02
-2.169395610690116882e-02
-3.450341522693634033e-02
-4.771703481674194336e-02
-2.133579179644584656e-02
-2.808477357029914856e-02
-2.453155629336833954e-02
-2.381498180329799652e-02
-2.103661186993122101e-02
-1.018856931477785110e-02
-1.465510483831167221e-02
-2.551123313605785370e-02
6.499257870018482208e-03
-6.717848125845193863e-03
-2.711697295308113098e-02
-2.766630984842777252e-02
-8.552945218980312347e-03
-4.507208988070487976e-02
-2.839899994432926178e-02
-1.703198626637458801e-02
-1.969990693032741547e-02
-3.812567889690399170e-02
-4.525045678019523621e-02
-2.118936553597450256e-02
-1.124790683388710022e-02
-7.021003961563110352e-02
1.664355210959911346e-02
-4.084273800253868103e-02
-1.394964940845966339e-02
-3.010200336575508118e-02
-3.014873526990413666e-02
-4.118746519088745117e-02
-1.367199048399925232e-02
-2.394149638712406158e-02
-1.176569331437349319e-02
-2.915040403604507446e-02
-2.833014726638793945e-02
-1.540391333401203156e-02
-1.654101721942424774e-02
-8.012704551219940186e-03
-3.808621689677238464e-02
-5.436161532998085022e-02
-3.104005940258502960e-02
-1.693007908761501312e-02
-1.606911234557628632e-02
-5.391985923051834106e-02
-2.642556279897689819e-02
-3.060142882168292999e-02
-6.986940652132034302e-02
-4.280499741435050964e-02
-9.056959301233291626e-03
-8.470498770475387573e-02
-9.808094240725040436e-03
-3.895897790789604187e-02
-1.115099806338548660e-02
-6.370689719915390015e-02
-1.129397563636302948e-02
-2.770605310797691345e-02
-4.008470848202705383e-02
-2.677614986896514893e-02
-6.965572386980056763e-02
-5.107608437538146973e-02
-3.323545679450035095e-02
2.187927253544330597e-03
2.301560598425567150e-04
-5.265114083886146545e-02
-3.253107145428657532e-02
-1.730940304696559906e-02
-2.887406758964061737e-02
-9.832690469920635223e-03
-2.308737672865390778e-02
-1.284717395901679993e-02
-3.762498125433921814e-02
-1.951259933412075043e-02
-5.175475403666496277e-02
-3.237403929233551025e-02
-2.824907563626766205e-02
-3.897859901189804077e-02
-1.110108569264411926e-02
-3.703553602099418640e-02
-3.178252652287483215e-02
3.883574903011322021e-02
-4.420258477330207825e-02
-1.361191738396883011e-02
-1.825550757348537445e-02
-3.087595663964748383e-02
-3.780996054410934448e-02
-4.301693663001060486e-02
-1.967288553714752197e-02
-1.835121400654315948e-02
6.946975830942392349e-03
-2.254413813352584839e-02
-3.551319614052772522e-02
