1.237628757953643799e-01
7.762493938207626343e-02
4.422138258814811707e-02
3.798997402191162109e-02
2.437768429517745972e-01
5.292009934782981873e-02
3.311383351683616638e-02
1.919508576393127441e-01
2.396946251392364502e-01
6.027234345674514771e-02
2.189929038286209106e-02
9.504774212837219238e-02
-2.533284574747085571e-02
-2.167165093123912811e-02
6.017714366316795349e-02
4.951158910989761353e-02
-1.667912304401397705e-02
5.611476302146911621e-02
5.174041539430618286e-02
2.526328712701797485e-02
1.023787260055541992e-01
1.073316186666488647e-01
-2.940547838807106018e-02
6.690330803394317627e-02
1.223714128136634827e-01
-1.910809986293315887e-02
1.243201494216918945e-01
1.268378496170043945e-01
1.459995806217193604e-01
1.792130917310714722e-01
4.195815324783325195e-02
1.938247829675674438e-01
1.323218643665313721e-02
2.090899273753166199e-02
3.734032437205314636e-02
2.186002209782600403e-02
6.447831168770790100e-03
8.800245821475982666e-02
1.693465560674667358e-02
9.055325388908386230e-02
1.283615678548812866e-01
1.539795249700546265e-01
1.018459647893905640e-01
1.947888284921646118e-01
-4.058658331632614136e-02
5.575341731309890747e-02
9.927966445684432983e-02
1.171831116080284119e-01
-4.434022307395935059e-02
1.001849696040153503e-01
1.319070756435394287e-01
3.966800868511199951e-02
4.760503396391868591e-02
5.093668028712272644e-02
1.715915799140930176e-01
-4.095415025949478149e-02
2.048659026622772217e-01
9.569060057401657104e-02
2.464682422578334808e-02
1.328887790441513062e-01
1.105272993445396423e-01
1.062378883361816406e-01
3.124517574906349182e-02
1.204764470458030701e-01
1.455919742584228516e-01
-2.882211469113826752e-02
1.345803588628768921e-01
-8.806996792554855347e-02
8.144617825746536255e-02
7.444814778864383698e-03
2.450035065412521362e-01
1.430381685495376587e-01
4.123156145215034485e-02
-3.522038459777832031e-02
1.381991356611251831e-01
1.143823862075805664e-01
7.533719763159751892e-03
-6.390707194805145264e-02
8.971646428108215332e-02
7.092922925949096680e-02
4.908271506428718567e-02
7.344687730073928833e-02
3.151855617761611938e-02
-3.160422295331954956e-02
-7.024261169135570526e-03
7.327730953693389893e-02
1.826208084821701050e-01
5.740666761994361877e-02
2.823951654136180878e-02
2.063154280185699463e-01
1.212875097990036011e-01
1.076925098896026611e-01
4.202111437916755676e-02
3.805402293801307678e-02
9.029596298933029175e-02
9.432812035083770752e-02
-1.831971295177936554e-02
-8.213817636715248227e-05
-1.980721205472946167e-02
1.454706024378538132e-02
-6.721019279211759567e-03
7.763432711362838745e-02
-2.803238295018672943e-02
9.675476700067520142e-02
1.554981572553515434e-03
2.218387834727764130e-02
-4.756991751492023468e-03
9.863870590925216675e-02
3.718717023730278015e-03
1.561763230711221695e-02
1.095346361398696899e-01
7.460825890302658081e-02
8.385936915874481201e-02
1.594382673501968384e-01
-1.531804632395505905e-02
2.196994610130786896e-02
1.081356406211853027e-01
1.076862141489982605e-01
2.351111024618148804e-01
-5.951312370598316193e-03
1.967125385999679565e-01
1.181978285312652588e-01
2.456368878483772278e-02
-9.138888120651245117e-02
1.357713788747787476e-01
1.384851336479187012e-01
1.100569888949394226e-01
-1.428651437163352966e-02
1.432790905237197876e-01
1.024600341916084290e-01
2.003213763236999512e-01
3.640580177307128906e-02
1.403841525316238403e-01
2.776633389294147491e-02
6.862899661064147949e-02
1.291635632514953613e-01
6.827529519796371460e-02
8.588498085737228394e-02
-1.969428546726703644e-02
1.008677557110786438e-01
-1.882121711969375610e-02
1.869643330574035645e-01
9.687735885381698608e-02
2.087386548519134521e-01
8.183430135250091553e-02
1.748610101640224457e-02
5.377506092190742493e-02
2.675786381587386131e-03
3.770666942000389099e-02
-8.414700627326965332e-02
9.647360071539878845e-03
1.702340096235275269e-01
1.718396991491317749e-01
2.549537643790245056e-02
-9.876500815153121948e-02
6.597965955734252930e-02
2.081290632486343384e-01
1.478079557418823242e-01
6.423228234052658081e-02
4.031930863857269287e-02
9.332410246133804321e-02
-7.258757203817367554e-02
4.231748729944229126e-02
1.704080253839492798e-01
2.415533922612667084e-02
-6.325747817754745483e-03
3.808748349547386169e-02
-4.712858423590660095e-02
4.121185839176177979e-02
1.297161430120468140e-01
5.120901763439178467e-02
8.971051126718521118e-02
1.802883744239807129e-01
2.698744833469390869e-01
7.390070706605911255e-02
6.280114501714706421e-02
1.585515774786472321e-02
2.024060338735580444e-01
5.826029926538467407e-02
-5.182844027876853943e-02
4.066325351595878601e-02
4.624347686767578125e-01
6.784599274396896362e-02
7.755976170301437378e-02
5.343960970640182495e-02
1.730947382748126984e-02
7.586945593357086182e-02
-3.341118618845939636e-02
2.030386775732040405e-02
2.978623472154140472e-02
1.123550161719322205e-01
8.692121133208274841e-03
4.805200174450874329e-02
-3.340560570359230042e-02
1.998358815908432007e-01
2.091119624674320221e-02
1.139590814709663391e-01
1.581283211708068848e-01
1.029160991311073303e-01
1.148435845971107483e-01
-8.910037577152252197e-03
-4.725149273872375488e-02
8.250275999307632446e-02
1.519535034894943237e-01
3.684716299176216125e-02
-3.404677659273147583e-02
8.095135539770126343e-02
1.950602233409881592e-02
5.267028138041496277e-02
6.592332571744918823e-02
4.571746289730072021e-02
1.124276816844940186e-01
-7.412140257656574249e-03
6.610633432865142822e-02
9.722076356410980225e-03
2.802802808582782745e-02
1.816536486148834229e-01
1.322180181741714478e-01
1.481555104255676270e-01
1.730013191699981689e-01
1.582711786031723022e-01
1.233384758234024048e-01
1.436187028884887695e-01
3.469106182456016541e-02
1.484552025794982910e-01
1.490517109632492065e-01
9.658375382423400879e-02
1.856660395860671997e-01
6.024196743965148926e-02
-8.386053144931793213e-02
-1.761072129011154175e-02
3.170035779476165771e-02
-7.193800527602434158e-03
-4.015941917896270752e-02
6.556156277656555176e-02
1.376601029187440872e-02
2.507560849189758301e-01
9.900435805320739746e-02
1.259515285491943359e-01
7.451993227005004883e-02
9.616717696189880371e-02
1.347499787807464600e-01
1.652951836585998535e-01
2.481670491397380829e-02
2.210974134504795074e-02
3.622864931821823120e-02
1.267203781753778458e-02
3.789728879928588867e-02
6.026541814208030701e-03
-1.067425310611724854e-02
-2.066723629832267761e-02
1.331159174442291260e-01
-3.373523056507110596e-02
-1.515099685639142990e-02
3.014815971255302429e-02
4.014807567000389099e-02
