6.184728443622589111e-02
-1.247157752513885498e-01
-1.208094283938407898e-01
9.270467609167098999e-02
-4.390049725770950317e-02
7.223133742809295654e-02
-7.004363834857940674e-02
8.382863551378250122e-02
1.001785546541213989e-01
-1.244687959551811218e-01
1.002962328493595123e-02
-2.314469777047634125e-02
-7.888884097337722778e-02
-3.899721801280975342e-02
1.418059971183538437e-02
1.102714706212282181e-02
-2.693827077746391296e-02
-1.231088563799858093e-01
4.398398846387863159e-02
-9.457281231880187988e-02
1.100140735507011414e-01
1.611703447997570038e-02
1.004290878772735596e-01
8.244950324296951294e-03
-1.130323708057403564e-01
1.240180712193250656e-02
8.892947435379028320e-02
-6.130292639136314392e-02
-8.293323963880538940e-02
-5.292649567127227783e-02
-1.083715166896581650e-02
1.914072781801223755e-02
-1.161512732505798340e-01
5.446880683302879333e-02
-1.248923391103744507e-01
-1.060916930437088013e-01
-1.128097251057624817e-01
3.709142282605171204e-02
-1.120047196745872498e-01
-1.449618302285671234e-02
-2.574970200657844543e-02
8.614956587553024292e-02
3.160241991281509399e-02
-9.890074841678142548e-03
2.057370170950889587e-02
2.112119831144809723e-02
3.950489684939384460e-02
4.891226440668106079e-02
-1.519702281802892685e-02
6.564611941576004028e-02
2.110148966312408447e-02
3.416712163016200066e-03
-8.727484196424484253e-02
1.001567617058753967e-01
-1.449732691980898380e-03
-2.490884996950626373e-02
2.826416306197643280e-02
5.871232599020004272e-02
-8.455642312765121460e-02
1.463317777961492538e-02
-7.676458358764648438e-02
-8.013428747653961182e-02
3.487531095743179321e-02
9.286163747310638428e-02
4.013516381382942200e-02
3.862096369266510010e-02
7.863035798072814941e-02
-6.635503470897674561e-02
1.058592051267623901e-01
-1.586442813277244568e-02
-6.396894156932830811e-02
3.097997419536113739e-02
8.610288798809051514e-02
9.054704010486602783e-02
5.222687497735023499e-02
-9.180294722318649292e-02
7.578610628843307495e-02
-1.154545769095420837e-01
-1.039410009980201721e-01
5.162942409515380859e-02
-9.525035321712493896e-02
-9.543191641569137573e-02
-8.385558426380157471e-02
5.165104195475578308e-02
4.574675485491752625e-02
-2.094141207635402679e-02
-9.469836950302124023e-02
-1.347817480564117432e-02
5.126363039016723633e-02
-8.585752546787261963e-02
5.116607993841171265e-02
6.668431311845779419e-02
6.958991289138793945e-02
-5.609324946999549866e-02
1.097051650285720825e-01
1.037168577313423157e-01
-9.672217071056365967e-03
-4.217828437685966492e-02
-2.251347061246633530e-03
-1.674681529402732849e-02
8.046838641166687012e-02
-2.239767648279666901e-02
4.675824195146560669e-02
4.005476087331771851e-02
6.397266685962677002e-02
-6.143153086304664612e-02
-1.555803418159484863e-02
-6.888431310653686523e-02
-6.600781530141830444e-02
-1.109189316630363464e-01
7.814851403236389160e-02
1.009367331862449646e-01
4.568954184651374817e-02
-4.231241717934608459e-02
-8.883132040500640869e-02
1.681182719767093658e-02
6.831156462430953979e-02
-3.526055812835693359e-02
-6.298292428255081177e-02
-5.539778992533683777e-02
-7.025363855063915253e-03
4.465990513563156128e-02
1.071572750806808472e-01
2.323838882148265839e-02
-6.261723116040229797e-03
-7.403150666505098343e-03
-6.918608397245407104e-02
9.593737311661243439e-03
