-3.730635717511177063e-02
5.708523839712142944e-02
-6.843670457601547241e-02
-8.981904014945030212e-03
8.812874555587768555e-02
3.028168901801109314e-02
1.419176068156957626e-02
-8.829946815967559814e-02
-6.614731997251510620e-02
-2.179742231965065002e-02
1.046123728156089783e-02
8.185272663831710815e-02
-9.940291754901409149e-03
4.468223452568054199e-02
-4.000154137611389160e-02
5.798964947462081909e-02
2.189825521782040596e-03
5.838659778237342834e-02
6.862900219857692719e-03
-1.172114349901676178e-02
4.675515368580818176e-02
5.643223598599433899e-02
7.068383693695068359e-02
-6.349816918373107910e-02
8.659286797046661377e-02
9.695312939584255219e-03
3.798175975680351257e-02
3.019664622843265533e-02
6.488940119743347168e-02
-4.484193772077560425e-02
3.183965757489204407e-02
-8.577392250299453735e-02
1.695920713245868683e-02
6.247411295771598816e-02
8.127853274345397949e-02
3.108657710254192352e-02
-1.228893548250198364e-02
-7.609658688306808472e-02
-1.643473096191883087e-02
2.281184494495391846e-02
4.543137177824974060e-02
-8.800593018531799316e-02
3.145723789930343628e-02
8.359229564666748047e-02
6.883493065834045410e-02
4.202196747064590454e-02
5.936941877007484436e-02
-3.158420324325561523e-02
-6.825973093509674072e-02
-6.684956699609756470e-02
8.128507435321807861e-02
7.613176852464675903e-02
2.450120635330677032e-02
9.631745517253875732e-03
5.669069290161132812e-02
1.341879740357398987e-02
7.771271467208862305e-02
4.000122472643852234e-02
7.047801464796066284e-02
1.187643269076943398e-03
8.550888299942016602e-02
-2.437030896544456482e-02
-5.135245621204376221e-02
-1.759245246648788452e-02
4.197020083665847778e-02
-4.981946945190429688e-02
2.947123534977436066e-02
-6.199409440159797668e-02
4.714571684598922729e-02
-2.579433470964431763e-02
6.971272639930248260e-03
7.976981252431869507e-02
-1.221523154526948929e-02
-7.077582925558090210e-02
2.427938627079129219e-03
-3.797448799014091492e-02
-2.630413975566625595e-03
-3.899096697568893433e-02
6.125317886471748352e-03
-4.133246466517448425e-02
3.970447927713394165e-02
2.813094481825828552e-02
3.000503592193126678e-02
5.975719168782234192e-02
7.809778302907943726e-02
-3.623971343040466309e-02
5.541455000638961792e-02
-1.982890767976641655e-03
-5.933375284075737000e-02
1.833810470998287201e-02
3.123369067907333374e-02
-3.187783062458038330e-02
2.672052197158336639e-02
4.722336307168006897e-02
-8.073040843009948730e-02
2.802136354148387909e-02
-6.496740970760583878e-03
8.372440002858638763e-03
-6.130290776491165161e-02
-6.497786194086074829e-02
3.494257107377052307e-02
2.524279057979583740e-02
7.036497443914413452e-02
2.047921717166900635e-02
6.044470146298408508e-02
4.624933749437332153e-02
-9.135919623076915741e-03
3.391130268573760986e-02
7.370997965335845947e-02
-1.216421276330947876e-02
6.094322353601455688e-02
-4.317112267017364502e-03
-3.521662205457687378e-02
6.995587795972824097e-02
-2.169405668973922729e-02
-7.823212444782257080e-02
1.733586192131042480e-02
3.275515884160995483e-02
5.536640807986259460e-02
9.840667247772216797e-03
-6.002625823020935059e-02
5.122540518641471863e-02
3.174744918942451477e-02
1.080001424998044968e-02
6.960034370422363281e-02
-6.760068237781524658e-03
-7.585041970014572144e-02
8.195791393518447876e-03
1.493097376078367233e-02
3.395062312483787537e-02
1.265939604490995407e-02
-8.781205117702484131e-02
5.008592456579208374e-02
-8.446165919303894043e-02
-6.839048117399215698e-02
-4.745801852550357580e-04
7.886414974927902222e-02
6.924843043088912964e-02
-1.845465041697025299e-02
3.923445940017700195e-02
-1.647548750042915344e-02
-4.102349653840065002e-02
3.453592956066131592e-02
-9.314474649727344513e-03
6.689769774675369263e-02
-7.692712545394897461e-02
1.413937192410230637e-02
3.911232575774192810e-02
2.313203364610671997e-02
4.586793854832649231e-02
5.117218568921089172e-02
-4.637192189693450928e-02
-7.045342028141021729e-02
2.058954723179340363e-02
5.102128908038139343e-02
-7.599773257970809937e-02
-1.250449568033218384e-02
-7.031193375587463379e-02
-6.089156493544578552e-02
-5.072464793920516968e-02
-3.293986991047859192e-02
6.005527451634407043e-02
3.870834037661552429e-02
-1.371863763779401779e-03
8.250861614942550659e-02
2.048870921134948730e-02
-3.761066868901252747e-02
-2.610603161156177521e-02
-1.940404064953327179e-02
7.939120382070541382e-02
5.224433541297912598e-02
4.938603192567825317e-02
-2.653347514569759369e-02
-5.786608904600143433e-03
6.661375612020492554e-02
5.105016753077507019e-02
-4.948535002768039703e-03
-3.114047273993492126e-02
6.296070665121078491e-02
4.019227623939514160e-02
1.897778734564781189e-02
-6.042267009615898132e-02
3.406464308500289917e-02
8.813505619764328003e-02
3.590944036841392517e-02
-4.262727871537208557e-02
5.338021367788314819e-02
5.325756967067718506e-02
-3.297096118330955505e-02
2.081227116286754608e-02
-3.228115662932395935e-02
7.915111631155014038e-02
-6.101089343428611755e-02
5.690209940075874329e-02
1.901578344404697418e-02
5.504187662154436111e-03
-7.674342393875122070e-02
7.424318045377731323e-02
-4.548997804522514343e-02
5.938996747136116028e-02
2.192172408103942871e-02
2.313242293894290924e-02
-7.520751655101776123e-02
4.597993567585945129e-02
-5.081658065319061279e-02
-4.657097160816192627e-02
-3.870826587080955505e-02
-4.914719611406326294e-02
-7.563028484582901001e-02
-1.870569773018360138e-02
-7.260727882385253906e-02
5.802120640873908997e-02
1.378964661853387952e-04
6.837431341409683228e-02
7.859361916780471802e-02
4.830533638596534729e-02
2.072460576891899109e-02
6.993906944990158081e-02
-8.682307600975036621e-02
-3.838491439819335938e-02
2.174785733222961426e-02
-2.884355373680591583e-02
7.405389565974473953e-03
5.172222852706909180e-03
-8.063670992851257324e-02
-7.623123377561569214e-02
2.063132449984550476e-02
-3.965679183602333069e-02
-4.804875701665878296e-02
3.776302933692932129e-02
2.347095869481563568e-02
8.345411717891693115e-02
3.097813390195369720e-02
-6.875791400671005249e-02
-7.783480733633041382e-02
5.182228982448577881e-02
3.485331311821937561e-02
4.461212083697319031e-02
2.516894135624170303e-03
5.474945064634084702e-03
8.289712667465209961e-02
5.830492824316024780e-02
1.948933489620685577e-02
-3.154399618506431580e-02
3.572917729616165161e-02
2.546666376292705536e-02
-7.690656185150146484e-02
-8.615708351135253906e-02
-7.307286560535430908e-02
6.901032477617263794e-02
-2.274460904300212860e-02
-7.152349501848220825e-02
1.156416814774274826e-02
3.856752766296267509e-03
2.931587211787700653e-02
7.696699351072311401e-02
2.179852873086929321e-02
1.694697327911853790e-02
-3.120720200240612030e-02
-1.707239262759685516e-02
5.776642635464668274e-02
5.380735173821449280e-02
5.052912048995494843e-03
5.781549587845802307e-02
4.883243516087532043e-02
-2.500958181917667389e-02
-3.470983728766441345e-02
-7.177140563726425171e-02
5.320119857788085938e-02
-5.665565654635429382e-02
-3.086034394800662994e-02
1.422266196459531784e-02
2.626473456621170044e-02
-7.379321008920669556e-02
-2.561356686055660248e-02
1.104005239903926849e-02
1.959994994103908539e-02
-4.245477169752120972e-02
1.588113233447074890e-02
-2.168226614594459534e-02
-3.059434331953525543e-02
-1.477309223264455795e-02
-4.977083764970302582e-03
-8.717351406812667847e-02
-2.964419685304164886e-02
-7.195685803890228271e-02
1.281508617103099823e-02
-8.140254765748977661e-02
2.211336605250835419e-02
-7.740437984466552734e-02
8.311632275581359863e-02
-3.453425318002700806e-02
6.478133052587509155e-02
3.578647598624229431e-02
-4.197908192873001099e-02
-2.687477879226207733e-02
-2.238024957478046417e-02
-8.474797755479812622e-02
-1.180367823690176010e-02
2.507543563842773438e-02
-4.553379863500595093e-02
1.047208998352289200e-02
-4.883955698460340500e-03
-1.349765434861183167e-02
8.664560317993164062e-02
3.275850042700767517e-02
-5.992182716727256775e-02
-4.034594446420669556e-02
-7.136616110801696777e-02
2.275744266808032990e-02
3.837319836020469666e-02
6.622092425823211670e-02
7.184746861457824707e-02
-6.173451244831085205e-02
-8.457039296627044678e-02
5.906524509191513062e-02
4.989591613411903381e-02
-4.456986114382743835e-02
-8.269947767257690430e-02
1.952893100678920746e-02
-8.027536422014236450e-02
3.147809952497482300e-02
-4.094678908586502075e-02
-4.520573839545249939e-02
1.600148342549800873e-02
-2.102782018482685089e-02
3.986625000834465027e-02
5.397338047623634338e-02
-7.063551247119903564e-02
8.482483029365539551e-02
-1.708807051181793213e-02
3.532047197222709656e-02
1.108360942453145981e-02
-4.913083463907241821e-02
-4.971865564584732056e-02
4.851986095309257507e-02
-8.369606733322143555e-02
-7.928890734910964966e-02
-3.389488533139228821e-02
-3.713167831301689148e-02
-4.312947019934654236e-02
-8.219359070062637329e-02
-4.515046253800392151e-02
8.699798583984375000e-02
-5.367161706089973450e-02
-6.186096370220184326e-02
2.616490982472896576e-02
4.102658480405807495e-02
5.610892921686172485e-02
-2.509981393814086914e-03
-4.881917685270309448e-02
2.417810820043087006e-02
9.128933772444725037e-03
-3.513703588396310806e-03
-8.300180733203887939e-02
-7.097244728356599808e-03
2.924421243369579315e-02
-5.112364143133163452e-02
-4.183457046747207642e-02
5.486099049448966980e-02
7.484869100153446198e-03
3.011440671980381012e-02
-6.120564043521881104e-02
-5.978635698556900024e-02
5.741765350103378296e-02
-6.315653771162033081e-02
-5.163844980415888131e-05
5.736846476793289185e-02
-5.858862772583961487e-02
-3.707524389028549194e-02
8.228673785924911499e-02
-4.228085279464721680e-02
5.038405954837799072e-02
-4.137947037816047668e-02
2.713435143232345581e-02
2.920476347208023071e-02
2.728582732379436493e-02
-1.984915323555469513e-02
-2.463567034283187240e-05
6.288695335388183594e-02
2.049542218446731567e-02
5.726037919521331787e-02
7.858754694461822510e-02
-5.057550966739654541e-02
-6.334752589464187622e-02
-7.021994888782501221e-02
5.346514284610748291e-02
2.773167751729488373e-02
-5.556391924619674683e-02
4.741393029689788818e-02
3.593594953417778015e-02
-4.278487712144851685e-02
3.580018505454063416e-02
7.550286501646041870e-02
-6.585831940174102783e-02
3.258543461561203003e-02
-7.308426499366760254e-02
-2.224043942987918854e-02
-3.711267933249473572e-02
-2.989412052556872368e-03
7.844096422195434570e-02
-4.439717158675193787e-03
-2.211735956370830536e-02
4.487496241927146912e-02
2.119074575603008270e-03
-2.698146365582942963e-02
5.391301587224006653e-02
8.738209307193756104e-02
1.802635379135608673e-02
-8.541994541883468628e-02
3.057971969246864319e-02
-3.384269773960113525e-02
7.397810369729995728e-02
-5.604514107108116150e-02
-2.580652572214603424e-02
-6.007126998156309128e-03
6.394752860069274902e-02
6.985276192426681519e-02
2.291058376431465149e-02
7.951769977807998657e-02
-5.883033946156501770e-02
6.388238817453384399e-02
-8.645639568567276001e-02
6.168914958834648132e-02
-5.815544351935386658e-02
8.323758095502853394e-02
-4.757751151919364929e-02
8.307576924562454224e-02
-5.157233774662017822e-02
-4.602150991559028625e-03
-6.758198887109756470e-02
1.579196006059646606e-02
3.729229047894477844e-02
8.716046810150146484e-02
-4.550543427467346191e-02
-3.079974651336669922e-02
-5.036117509007453918e-02
-6.570911407470703125e-02
6.171752698719501495e-03
4.822410643100738525e-02
-1.819464750587940216e-02
6.213653832674026489e-02
2.103816717863082886e-02
-5.659732967615127563e-03
-7.068885862827301025e-02
-4.915725812315940857e-02
5.076572415418922901e-04
-1.985002681612968445e-02
2.564708329737186432e-02
5.480681359767913818e-02
-7.751650363206863403e-02
7.277332991361618042e-02
8.344602584838867188e-02
7.310029119253158569e-02
-4.862532392144203186e-02
1.526307035237550735e-02
-7.012733817100524902e-02
-7.628952711820602417e-02
-4.023883864283561707e-02
-6.084587797522544861e-02
8.812941610813140869e-02
-4.982903599739074707e-03
-3.000310808420181274e-02
-2.372698858380317688e-02
6.083304435014724731e-02
-6.842161715030670166e-02
-2.847739309072494507e-02
2.225748635828495026e-02
5.228468030691146851e-02
1.910892687737941742e-02
8.277137577533721924e-02
2.939296886324882507e-02
7.969897240400314331e-02
-7.281992584466934204e-02
4.391079768538475037e-02
6.745028495788574219e-02
-6.899346411228179932e-02
8.279895409941673279e-03
-4.828992858529090881e-02
5.090583115816116333e-03
-5.015129223465919495e-02
8.106826990842819214e-02
-2.077928185462951660e-02
3.319099918007850647e-02
8.307140320539474487e-02
3.320282325148582458e-02
-2.053722180426120758e-02
-8.823197335004806519e-02
-7.070192694664001465e-02
-7.119758427143096924e-02
2.682465687394142151e-02
5.646078288555145264e-02
3.698290139436721802e-02
-3.083570860326290131e-02
-8.266011625528335571e-02
1.767101511359214783e-02
7.065044716000556946e-03
6.384743005037307739e-02
-1.643435284495353699e-02
-3.664974868297576904e-02
4.129003360867500305e-02
2.007232047617435455e-02
1.292114891111850739e-02
2.043537097051739693e-03
-5.326189845800399780e-02
-1.935284212231636047e-02
7.081223279237747192e-02
-6.074163690209388733e-02
-4.943292960524559021e-02
-4.088833183050155640e-02
-7.024011015892028809e-02
4.537036642432212830e-02
4.872182011604309082e-02
7.997631281614303589e-02
4.851152189075946808e-03
3.639789298176765442e-02
-2.960693836212158203e-02
-8.454180508852005005e-02
5.455515533685684204e-02
-1.325499359518289566e-02
-1.644959859549999237e-02
8.931422606110572815e-03
-7.425475865602493286e-02
-2.494224160909652710e-02
6.366534158587455750e-03
-3.148986026644706726e-02
-3.311883658170700073e-02
-9.228294715285301208e-03
-7.547484338283538818e-02
5.416857078671455383e-02
4.112194292247295380e-03
8.078134804964065552e-02
7.974047958850860596e-02
5.280542746186256409e-02
2.009165706112980843e-03
7.189600914716720581e-02
-3.505857661366462708e-03
-5.392178148031234741e-02
1.008212659507989883e-02
3.929030150175094604e-02
1.825025863945484161e-02
-6.232339888811111450e-02
-5.674664303660392761e-02
1.116945222020149231e-02
6.150738149881362915e-02
1.051370985805988312e-02
8.827077597379684448e-02
-6.254547834396362305e-02
-6.127325445413589478e-02
1.850205473601818085e-02
-6.107748299837112427e-02
-5.639444291591644287e-02
-4.507900401949882507e-02
2.271159738302230835e-02
-4.893060401082038879e-02
7.620435953140258789e-02
-2.855824120342731476e-02
-1.247247494757175446e-02
-6.069173291325569153e-02
-7.171203941106796265e-02
-3.415276110172271729e-02
-5.974881350994110107e-02
-6.666091829538345337e-02
-4.207689315080642700e-02
8.476962894201278687e-02
4.400557652115821838e-02
-6.413173675537109375e-02
-2.300353907048702240e-02
2.203208580613136292e-02
-2.793818712234497070e-02
7.667610794305801392e-02
6.282234936952590942e-02
8.834628015756607056e-02
-1.084031630307435989e-02
4.919490590691566467e-02
-3.816665848717093468e-03
2.965082414448261261e-02
3.000883013010025024e-02
-5.781916528940200806e-02
-5.792597308754920959e-02
9.785222820937633514e-03
-1.152769010514020920e-02
3.277420997619628906e-02
4.486017674207687378e-02
7.307124137878417969e-02
-4.985883459448814392e-02
-5.735205486416816711e-03
-6.874297559261322021e-02
7.837193459272384644e-02
-7.962161302566528320e-02
1.137746777385473251e-02
-1.205916143953800201e-02
8.602754026651382446e-02
-5.708520859479904175e-02
1.765526272356510162e-02
-1.293592969886958599e-03
-8.131435513496398926e-02
-2.701684646308422089e-02
1.518869120627641678e-02
-2.250378206372261047e-02
5.011947080492973328e-02
-1.153867971152067184e-02
5.798650905489921570e-02
-2.765835262835025787e-02
5.838704109191894531e-02
-2.700992301106452942e-02
-2.408646978437900543e-02
4.721184447407722473e-02
-4.085336253046989441e-02
4.738847166299819946e-02
-4.214580357074737549e-02
2.202389761805534363e-02
-6.503059715032577515e-02
-5.587015673518180847e-02
-6.356690824031829834e-02
1.223937049508094788e-02
2.552242390811443329e-02
-2.948839031159877777e-02
9.883657097816467285e-03
2.329150773584842682e-02
-6.448300927877426147e-02
-7.934004813432693481e-02
1.026297826319932938e-02
6.959270685911178589e-02
7.183116674423217773e-02
-4.782377555966377258e-02
-3.865741565823554993e-02
-6.870047003030776978e-02
-6.887437403202056885e-02
-1.635928824543952942e-02
7.754017598927021027e-03
-6.356467306613922119e-02
7.693888247013092041e-02
-3.715452970936894417e-03
1.012739259749650955e-03
4.166664730291813612e-04
8.584071695804595947e-02
-1.467176061123609543e-02
-4.608003422617912292e-02
1.496853958815336227e-02
-6.689757108688354492e-02
5.872437357902526855e-02
-2.365270629525184631e-02
3.296327963471412659e-02
-4.573798179626464844e-02
4.019685089588165283e-02
2.946686372160911560e-02
-4.283743351697921753e-02
-7.716289907693862915e-02
-7.699596136808395386e-02
1.467465795576572418e-02
-2.366117760539054871e-02
6.769647449254989624e-02
8.623668551445007324e-02
7.804498076438903809e-02
-7.495627272874116898e-03
-3.546147421002388000e-02
6.228488200576975942e-05
-1.184236817061901093e-02
-7.858810573816299438e-02
-8.942370302975177765e-03
-1.646052487194538116e-02
-3.847862780094146729e-02
-5.241486430168151855e-02
-8.487637154757976532e-03
3.468610718846321106e-02
4.968009144067764282e-02
-9.467804804444313049e-03
7.311022281646728516e-02
1.211677584797143936e-02
4.641590267419815063e-02
5.838947370648384094e-02
6.112738698720932007e-02
2.905955538153648376e-02
3.344286466017365456e-03
2.599956840276718140e-02
-1.930405758321285248e-02
1.309422496706247330e-02
1.087963953614234924e-02
-6.104458868503570557e-02
7.545096799731254578e-03
-1.501419302076101303e-02
1.586681231856346130e-02
-6.255463510751724243e-02
5.346592143177986145e-02
-8.290192484855651855e-02
-1.269530504941940308e-02
-7.934834063053131104e-02
8.504174649715423584e-02
-1.700183749198913574e-02
6.889324635267257690e-02
-8.834536373615264893e-02
8.025849610567092896e-02
8.272621035575866699e-02
4.170253500342369080e-02
8.614947646856307983e-02
3.455102816224098206e-02
-3.343703225255012512e-02
-5.198483914136886597e-02
1.281407475471496582e-02
-5.486153066158294678e-02
-6.542835384607315063e-02
1.637677662074565887e-03
2.415020763874053955e-02
-1.091433688998222351e-02
6.380909681320190430e-02
7.327494025230407715e-02
5.468470230698585510e-02
-5.349278822541236877e-02
3.993727639317512512e-02
-8.160200715065002441e-02
-1.108563505113124847e-02
7.183687761425971985e-03
-1.046523079276084900e-02
6.617701053619384766e-02
8.238151669502258301e-02
5.208391696214675903e-02
-7.952360808849334717e-02
-7.892059534788131714e-02
-1.263579353690147400e-02
8.534595370292663574e-02
-2.740509249269962311e-02
-4.182175919413566589e-02
-2.539666928350925446e-02
-4.030213132500648499e-02
-6.907890737056732178e-02
-7.323744893074035645e-02
-1.966508664190769196e-02
7.015231251716613770e-02
-5.882129818201065063e-02
-5.014549940824508667e-02
5.527168139815330505e-02
-7.606901973485946655e-02
-8.479461073875427246e-02
-4.614702612161636353e-02
2.861905843019485474e-02
-2.330077998340129852e-02
6.202883273363113403e-02
-5.892753973603248596e-02
-6.732070446014404297e-02
1.738166622817516327e-02
3.023129887878894806e-03
-6.846649199724197388e-02
8.914153091609477997e-03
-5.533881112933158875e-02
-3.729732707142829895e-02
8.012110739946365356e-02
-6.691219657659530640e-02
4.880184680223464966e-02
-7.438143342733383179e-02
-1.777194626629352570e-02
1.973549276590347290e-02
-4.070953652262687683e-02
-4.532676562666893005e-02
-8.593878895044326782e-02
-8.816903829574584961e-02
4.874019417911767960e-03
-5.349161848425865173e-02
6.434578448534011841e-02
7.724101096391677856e-02
5.059935525059700012e-02
6.624679267406463623e-02
6.896316260099411011e-02
7.104831282049417496e-03
2.156811207532882690e-02
-3.698671609163284302e-02
-3.176764771342277527e-02
-6.633647531270980835e-02
-8.392712101340293884e-03
-5.589377880096435547e-02
1.234851032495498657e-02
-1.058200933039188385e-02
4.385738819837570190e-02
5.150519683957099915e-02
-6.411109864711761475e-02
-2.660215273499488831e-02
3.709738329052925110e-02
3.662452474236488342e-02
-3.311403095722198486e-02
8.504216372966766357e-02
-4.030084609985351562e-02
-5.454893782734870911e-02
5.533470213413238525e-02
8.024527132511138916e-02
-2.014899626374244690e-02
-7.797815650701522827e-02
-4.825700446963310242e-02
-6.184837967157363892e-02
-1.058072410523891449e-02
-1.070649013854563236e-03
4.960801079869270325e-02
-6.810065358877182007e-02
-8.537386357784271240e-02
5.037473514676094055e-02
1.664861338213086128e-04
2.812087163329124451e-02
-6.904825568199157715e-02
8.136169612407684326e-02
-1.063555665314197540e-02
2.948334254324436188e-02
-5.852914974093437195e-02
-4.893342778086662292e-02
4.150310903787612915e-02
5.447641387581825256e-02
-8.180554956197738647e-02
-1.812925329431891441e-03
3.912719339132308960e-02
3.865330666303634644e-02
-2.682081051170825958e-02
-6.313169002532958984e-02
6.732232868671417236e-02
8.737522363662719727e-02
-4.221212118864059448e-02
5.328835546970367432e-02
-3.280718997120857239e-02
7.899098098278045654e-02
-4.700433462858200073e-02
3.094511630479246378e-04
5.406168848276138306e-02
7.606100291013717651e-02
-2.085930667817592621e-02
6.821109354496002197e-02
1.506403181701898575e-02
-7.853977382183074951e-02
3.498610854148864746e-02
-5.271138157695531845e-03
3.844724968075752258e-02
-2.630776725709438324e-02
-1.767838001251220703e-02
3.680095076560974121e-02
6.329358369112014771e-02
8.252883702516555786e-02
-1.563310809433460236e-02
2.553579583764076233e-02
9.017360396683216095e-03
-7.941922545433044434e-02
-4.144354164600372314e-02
-2.283495152369141579e-03
-5.944816023111343384e-02
6.419173628091812134e-02
-3.849486634135246277e-02
7.923386991024017334e-02
-5.470211058855056763e-02
2.766361087560653687e-02
1.657649129629135132e-02
5.297787114977836609e-02
6.984863430261611938e-02
2.182606048882007599e-02
-7.501509040594100952e-03
-2.388597838580608368e-02
4.142223671078681946e-02
2.698325784876942635e-03
-8.102963678538799286e-03
-7.730170339345932007e-02
-4.374303296208381653e-02
-6.819275673478841782e-03
-3.251840174198150635e-02
8.172248303890228271e-02
-5.013633146882057190e-02
7.353413105010986328e-02
7.796212285757064819e-02
-3.470037505030632019e-02
-7.057544589042663574e-02
-4.354377463459968567e-02
-3.351615369319915771e-02
-4.907788708806037903e-02
2.142505533993244171e-02
4.275479540228843689e-02
8.605932444334030151e-02
4.701338708400726318e-02
2.201813459396362305e-02
6.425766646862030029e-02
4.969469457864761353e-02
-7.455892115831375122e-02
4.021058976650238037e-02
6.536918133497238159e-02
-5.250479280948638916e-02
3.488614782691001892e-02
1.937319897115230560e-02
7.688871771097183228e-02
4.088549688458442688e-02
5.729734525084495544e-02
-7.936736196279525757e-02
3.666267916560173035e-02
8.445509523153305054e-02
-7.793528586626052856e-02
4.852854460477828979e-02
3.443722054362297058e-02
-2.410783804953098297e-02
4.742883890867233276e-02
4.866759851574897766e-02
3.720002993941307068e-02
3.472531586885452271e-02
-3.118173405528068542e-02
-8.415790647268295288e-02
-8.061656355857849121e-02
-2.641269192099571228e-02
6.489522638730704784e-04
2.816215530037879944e-02
2.386875078082084656e-02
-7.829457521438598633e-02
3.516298905014991760e-02
-4.675327613949775696e-02
-1.649629697203636169e-02
6.944601237773895264e-02
1.302513573318719864e-02
7.901535183191299438e-02
-7.192676514387130737e-02
-4.740339145064353943e-02
7.396522909402847290e-02
-3.675074502825737000e-02
-5.163893848657608032e-02
2.116160653531551361e-02
-3.882813081145286560e-02
-5.830906704068183899e-02
2.841751277446746826e-02
2.007475268328562379e-05
4.012790694832801819e-02
2.141103148460388184e-02
4.447004571557044983e-02
1.512732543051242828e-02
-2.507371129468083382e-03
3.384837508201599121e-02
-2.133819088339805603e-02
2.373594907112419605e-04
2.902089618146419525e-02
8.595041185617446899e-02
4.740558192133903503e-02
6.111479550600051880e-02
3.262955322861671448e-02
-8.224739134311676025e-02
8.669354021549224854e-03
6.951553747057914734e-03
-6.442619115114212036e-02
-3.628535941243171692e-02
4.581796377897262573e-02
-5.290882289409637451e-02
3.148660436272621155e-02
6.670733541250228882e-02
-2.732707746326923370e-02
5.821375176310539246e-03
3.275268524885177612e-02
2.741569280624389648e-02
-8.013606816530227661e-02
-7.394180446863174438e-02
1.462563034147024155e-02
1.193395350128412247e-02
-5.153005197644233704e-02
-3.090276382863521576e-02
5.126535147428512573e-02
-3.959679603576660156e-02
7.385873794555664062e-02
-6.363889575004577637e-02
-8.002996444702148438e-03
7.159806042909622192e-02
3.391110152006149292e-02
8.412086218595504761e-02
-4.636157304048538208e-02
-4.161888360977172852e-02
5.652577057480812073e-02
-7.978951185941696167e-02
-7.592576742172241211e-02
-7.728545367717742920e-02
-6.053192541003227234e-02
1.104095135815441608e-03
-6.273104250431060791e-02
-3.189073875546455383e-02
-7.536940742284059525e-03
8.572415262460708618e-02
-6.277713924646377563e-02
-4.553113505244255066e-02
8.307715505361557007e-02
-2.303126081824302673e-02
5.239596962928771973e-02
2.586141228675842285e-03
-1.207741210237145424e-03
-6.153738126158714294e-02
-1.922703348100185394e-02
8.236850053071975708e-02
4.248546436429023743e-02
4.881684854626655579e-02
3.514626622200012207e-02
3.521769493818283081e-02
3.976458311080932617e-02
7.021184265613555908e-02
6.557331234216690063e-02
-7.708898931741714478e-02
-7.686171680688858032e-03
4.591374471783638000e-02
-2.412686869502067566e-02
-7.383478432893753052e-02
8.144406229257583618e-02
-2.964174491353332996e-04
4.950857535004615784e-02
-4.084962978959083557e-02
-6.186867505311965942e-02
-7.485699653625488281e-02
-1.453874446451663971e-02
5.384782707551494241e-05
6.309625506401062012e-02
-8.819288015365600586e-02
1.880921050906181335e-02
3.494495153427124023e-02
2.767579862847924232e-03
-2.849074266850948334e-02
-3.759930655360221863e-02
-5.851153284311294556e-02
-5.766360089182853699e-02
-5.096644535660743713e-02
8.643443137407302856e-02
-7.807634025812149048e-02
4.176213871687650681e-03
1.650196686387062073e-02
-6.682625412940979004e-02
-9.900230914354324341e-03
5.897961556911468506e-02
-8.423907309770584106e-02
7.586433738470077515e-02
-2.447963692247867584e-02
3.663455694913864136e-02
-1.219088118523359299e-02
2.068728581070899963e-02
-6.434588879346847534e-02
3.285674378275871277e-02
