-3.846779838204383850e-02
-1.456834189593791962e-02
3.399144485592842102e-02
9.494914114475250244e-02
-3.505943343043327332e-02
1.242876872420310974e-01
4.192411142867058516e-04
-4.255767539143562317e-02
2.397195808589458466e-02
-1.231660991907119751e-01
8.302412461489439011e-04
-4.441997408866882324e-02
-4.634752497076988220e-02
1.595913916826248169e-01
6.326343119144439697e-02
-1.170873343944549561e-01
1.562875509262084961e-01
4.641243070363998413e-02
-3.537157550454139709e-02
1.699576824903488159e-01
5.298382416367530823e-02
4.055181052535772324e-03
9.681198745965957642e-03
-1.110426262021064758e-01
-1.387380063533782959e-02
-1.313649266958236694e-01
6.797360628843307495e-02
-5.547911673784255981e-02
-1.180096045136451721e-01
-6.672521680593490601e-02
5.456575378775596619e-02
1.874144189059734344e-02
1.028711497783660889e-01
9.194347076117992401e-03
-8.249001204967498779e-02
1.012739017605781555e-01
2.660362049937248230e-02
1.039671339094638824e-02
4.097666591405868530e-02
-1.167685613036155701e-01
1.032694503664970398e-01
-1.191159263253211975e-01
-1.378118395805358887e-01
3.798466874286532402e-03
-1.312610507011413574e-01
2.192793786525726318e-02
1.588608771562576294e-01
3.148282319307327271e-02
8.919430524110794067e-02
-2.015535905957221985e-02
4.463610425591468811e-02
-6.000926718115806580e-02
1.492557376623153687e-01
1.251216232776641846e-02
9.943279623985290527e-02
6.954187154769897461e-02
-2.469670958817005157e-03
-9.685188531875610352e-02
-8.247128129005432129e-02
-3.572663292288780212e-02
-1.601399779319763184e-01
4.326806217432022095e-02
-2.909863926470279694e-02
5.263308435678482056e-02
