1.746608138084411621e+00
2.169125795364379883e+00
2.273593902587890625e+00
2.523991584777832031e+00
1.778554439544677734e+00
4.204108715057373047e+00
3.465149641036987305e+00
3.109504699707031250e+00
1.798300623893737793e+00
2.110613107681274414e+00
1.665232658386230469e+00
3.335913181304931641e+00
2.620764493942260742e+00
1.364085316658020020e+00
1.988075852394104004e+00
2.785483360290527344e+00
2.240706920623779297e+00
6.544312953948974609e+00
2.113012790679931641e+00
3.090784072875976562e+00
2.061318874359130859e+00
1.266801714897155762e+00
2.207049846649169922e+00
2.640408754348754883e+00
2.861758470535278320e+00
2.530481576919555664e+00
1.704905986785888672e+00
1.708925127983093262e+00
1.139445066452026367e+00
2.741950988769531250e+00
1.516271471977233887e+00
1.637582898139953613e+00
1.645735979080200195e+00
1.392265558242797852e+00
2.692369937896728516e+00
2.284528970718383789e+00
3.433630704879760742e+00
3.050112724304199219e+00
1.745847463607788086e+00
2.962556123733520508e+00
2.076661586761474609e+00
2.167812108993530273e+00
1.918390274047851562e+00
1.586240649223327637e+00
3.822296619415283203e+00
1.577732205390930176e+00
1.004005193710327148e+00
1.282821416854858398e+00
2.760285615921020508e+00
2.042542934417724609e+00
4.039414405822753906e+00
1.996882081031799316e+00
2.740394830703735352e+00
2.621484518051147461e+00
3.129878044128417969e+00
2.364205598831176758e+00
2.198348045349121094e+00
2.208649873733520508e+00
1.806458711624145508e+00
1.951612353324890137e+00
1.827410101890563965e+00
1.794194102287292480e+00
1.652230620384216309e+00
2.101841688156127930e+00
2.365027189254760742e+00
2.038041591644287109e+00
2.338378190994262695e+00
1.016142368316650391e+00
2.847326755523681641e+00
2.676385879516601562e+00
1.010305166244506836e+00
1.347549319267272949e+00
3.095789432525634766e+00
1.931125402450561523e+00
1.891205191612243652e+00
1.002729892730712891e+00
2.991461992263793945e+00
1.417928099632263184e+00
1.561159849166870117e+00
3.730531930923461914e+00
2.040313959121704102e+00
2.053142070770263672e+00
1.936390876770019531e+00
2.185280561447143555e+00
3.207439899444580078e+00
1.970406651496887207e+00
2.349054336547851562e+00
1.658040285110473633e+00
2.591587781906127930e+00
1.956460714340209961e+00
1.200369596481323242e+00
1.784497022628784180e+00
3.754395723342895508e+00
1.272491097450256348e+00
1.339453220367431641e+00
2.416438102722167969e+00
2.555702209472656250e+00
2.551425695419311523e+00
1.762250661849975586e+00
1.838064193725585938e+00
3.198944330215454102e+00
2.469055414199829102e+00
2.622873067855834961e+00
2.448953628540039062e+00
2.459427595138549805e+00
2.186505317687988281e+00
2.232411623001098633e+00
2.438269615173339844e+00
9.111110568046569824e-01
3.411054372787475586e+00
1.930485248565673828e+00
1.458243250846862793e+00
2.565250396728515625e+00
2.492776155471801758e+00
2.611995458602905273e+00
1.548205018043518066e+00
6.530331134796142578e+00
2.398106098175048828e+00
2.403579473495483398e+00
4.016950607299804688e+00
2.198031187057495117e+00
2.789941549301147461e+00
2.855772972106933594e+00
1.017245531082153320e+00
3.537716150283813477e+00
2.583373069763183594e+00
9.061341881752014160e-01
3.136842727661132812e+00
1.747260689735412598e+00
3.484166622161865234e+00
1.740880727767944336e+00
2.238191366195678711e+00
2.986028909683227539e+00
2.226017236709594727e+00
2.987129211425781250e+00
2.706072568893432617e+00
1.714522957801818848e+00
1.830183744430541992e+00
3.487118959426879883e+00
2.413096666336059570e+00
1.950910449028015137e+00
2.590584754943847656e+00
3.965345382690429688e+00
1.385553359985351562e+00
1.365059733390808105e+00
2.367235898971557617e+00
2.167015552520751953e+00
2.157559871673583984e+00
1.681363821029663086e+00
2.119657993316650391e+00
2.032986402511596680e+00
2.332669258117675781e+00
2.677841663360595703e+00
1.904088258743286133e+00
3.150636911392211914e+00
2.510336160659790039e+00
4.594596862792968750e+00
1.652837872505187988e+00
2.658721446990966797e+00
2.299395322799682617e+00
2.506406545639038086e+00
1.642000555992126465e+00
1.523310661315917969e+00
1.298915505409240723e+00
1.570299625396728516e+00
2.698897600173950195e+00
2.708523035049438477e+00
3.962655305862426758e+00
3.983745098114013672e+00
1.580478191375732422e+00
1.957332849502563477e+00
2.572913169860839844e+00
2.599601745605468750e+00
1.774797439575195312e+00
3.038970232009887695e+00
1.629142642021179199e+00
1.788457870483398438e+00
1.017092466354370117e+00
1.916342735290527344e+00
1.923796653747558594e+00
1.873321771621704102e+00
2.158944606781005859e+00
1.662268161773681641e+00
2.460501670837402344e+00
2.589973211288452148e+00
2.948014259338378906e+00
2.085564851760864258e+00
3.314486742019653320e+00
2.376412391662597656e+00
2.397984981536865234e+00
1.974782943725585938e+00
2.487269639968872070e+00
2.649983167648315430e+00
2.282895088195800781e+00
1.307218790054321289e+00
2.641392946243286133e+00
1.272921919822692871e+00
4.120047569274902344e+00
2.364108085632324219e+00
1.284564971923828125e+00
3.930277347564697266e+00
1.881309270858764648e+00
2.101093769073486328e+00
1.701047301292419434e+00
1.911107778549194336e+00
2.642912626266479492e+00
1.606399536132812500e+00
2.852156162261962891e+00
1.577705621719360352e+00
2.778924942016601562e+00
2.018804073333740234e+00
3.627322912216186523e+00
2.153136730194091797e+00
1.849167108535766602e+00
2.089428901672363281e+00
2.852931499481201172e+00
2.186686515808105469e+00
2.082953691482543945e+00
1.916078090667724609e+00
2.255536794662475586e+00
3.285178422927856445e+00
2.499686479568481445e+00
1.954558372497558594e+00
3.389551639556884766e+00
1.593557238578796387e+00
1.546370148658752441e+00
1.896126151084899902e+00
1.746810555458068848e+00
2.088169813156127930e+00
3.564619064331054688e+00
3.040613651275634766e+00
3.038983345031738281e+00
2.950146913528442383e+00
3.311891317367553711e+00
2.448698997497558594e+00
2.211346864700317383e+00
2.960117101669311523e+00
4.348037242889404297e+00
2.927429676055908203e+00
3.752813816070556641e+00
2.012820482254028320e+00
1.374860644340515137e+00
1.995036959648132324e+00
1.321130275726318359e+00
2.281373977661132812e+00
2.265086174011230469e+00
2.326627016067504883e+00
1.987391114234924316e+00
2.577515125274658203e+00
1.837025880813598633e+00
3.823599815368652344e+00
3.219593524932861328e+00
1.857661128044128418e+00
1.518975615501403809e+00
2.523338079452514648e+00
4.508972167968750000e+00
1.610377907752990723e+00
1.436832308769226074e+00
2.147434711456298828e+00
1.117279887199401855e+00
2.924414157867431641e+00
2.684155702590942383e+00
1.287419915199279785e+00
3.397275924682617188e+00
2.664215087890625000e+00
2.613351106643676758e+00
1.624684453010559082e+00
2.732215166091918945e+00
3.194955825805664062e+00
4.306003570556640625e+00
1.385123968124389648e+00
1.454341053962707520e+00
2.375611782073974609e+00
1.808343887329101562e+00
1.467650771141052246e+00
2.845993041992187500e+00
2.339637041091918945e+00
2.448196649551391602e+00
2.011683940887451172e+00
2.230725765228271484e+00
1.297658681869506836e+00
3.298365831375122070e+00
4.428272724151611328e+00
8.416435718536376953e-01
1.456604599952697754e+00
1.924270629882812500e+00
2.182533264160156250e+00
3.162725687026977539e+00
2.273719072341918945e+00
1.946862101554870605e+00
2.339600801467895508e+00
1.907840132713317871e+00
2.219321250915527344e+00
1.845008254051208496e+00
1.526014804840087891e+00
3.645738601684570312e+00
1.604036450386047363e+00
2.571766614913940430e+00
1.289338588714599609e+00
1.851964354515075684e+00
1.353902339935302734e+00
1.570111513137817383e+00
2.336521387100219727e+00
1.245224833488464355e+00
2.352585792541503906e+00
1.872893452644348145e+00
1.817196965217590332e+00
2.069894313812255859e+00
2.287762403488159180e+00
2.663185596466064453e+00
3.154448986053466797e+00
4.026476860046386719e+00
2.027787446975708008e+00
4.183136463165283203e+00
3.032406091690063477e+00
2.919574737548828125e+00
2.805296897888183594e+00
2.059978008270263672e+00
2.155352830886840820e+00
2.515223026275634766e+00
3.045582056045532227e+00
3.566594123840332031e+00
1.814806580543518066e+00
2.397508859634399414e+00
2.061814308166503906e+00
1.604783892631530762e+00
3.804992437362670898e+00
1.824634313583374023e+00
3.094939231872558594e+00
2.443100452423095703e+00
2.092826604843139648e+00
1.614912271499633789e+00
2.901851415634155273e+00
3.294357776641845703e+00
1.885405778884887695e+00
4.686772346496582031e+00
1.412564992904663086e+00
2.379722356796264648e+00
3.523120880126953125e+00
2.148882865905761719e+00
2.905364274978637695e+00
2.757980108261108398e+00
3.216916322708129883e+00
2.506102323532104492e+00
3.024802446365356445e+00
2.649103403091430664e+00
1.966503739356994629e+00
2.312780618667602539e+00
2.739248037338256836e+00
3.287795543670654297e+00
1.712754607200622559e+00
1.738697290420532227e+00
1.032656788825988770e+00
3.507330179214477539e+00
2.394248008728027344e+00
1.919694542884826660e+00
2.135014295578002930e+00
3.029525995254516602e+00
1.561659097671508789e+00
2.229419231414794922e+00
1.870266079902648926e+00
1.741403698921203613e+00
1.802731156349182129e+00
1.820798039436340332e+00
2.691806554794311523e+00
2.165531873703002930e+00
2.784171104431152344e+00
2.614802598953247070e+00
1.335189700126647949e+00
2.456378936767578125e+00
1.236492991447448730e+00
2.329904317855834961e+00
3.796052694320678711e+00
3.818711757659912109e+00
8.950309753417968750e-01
4.771249294281005859e+00
3.462005138397216797e+00
2.724174261093139648e+00
1.670219898223876953e+00
1.173797011375427246e+00
2.956247091293334961e+00
1.895133852958679199e+00
3.300902366638183594e+00
1.572235584259033203e+00
3.300386428833007812e+00
1.619079113006591797e+00
2.444301605224609375e+00
3.343856334686279297e+00
5.090963363647460938e+00
3.747665643692016602e+00
1.804878473281860352e+00
2.241316318511962891e+00
1.047167539596557617e+00
2.647805452346801758e+00
1.997768163681030273e+00
4.453432083129882812e+00
1.319845914840698242e+00
1.980144023895263672e+00
3.111299037933349609e+00
1.467711806297302246e+00
2.833420276641845703e+00
1.670011401176452637e+00
2.615551233291625977e+00
5.864409923553466797e+00
1.913840889930725098e+00
2.455842971801757812e+00
1.873685240745544434e+00
2.139269590377807617e+00
2.065102577209472656e+00
2.000120401382446289e+00
1.881585478782653809e+00
2.390265226364135742e+00
2.726781606674194336e+00
2.634906053543090820e+00
1.838163256645202637e+00
1.364850163459777832e+00
2.271652698516845703e+00
1.552543044090270996e+00
2.715914487838745117e+00
2.795223951339721680e+00
2.190563201904296875e+00
1.841138005256652832e+00
6.106073856353759766e-01
2.478134393692016602e+00
2.332980871200561523e+00
4.273964405059814453e+00
2.459454536437988281e+00
2.566008090972900391e+00
3.422639131546020508e+00
1.177502751350402832e+00
2.282500982284545898e+00
1.017840743064880371e+00
2.335751295089721680e+00
1.563455700874328613e+00
2.056750535964965820e+00
2.386943101882934570e+00
1.781233549118041992e+00
2.536540031433105469e+00
1.920761466026306152e+00
2.956196546554565430e+00
1.856276869773864746e+00
1.776778817176818848e+00
3.355362415313720703e+00
2.148402214050292969e+00
1.036523461341857910e+00
3.819680213928222656e+00
1.900523424148559570e+00
2.684267997741699219e+00
2.561614990234375000e+00
2.453076601028442383e+00
1.958853363990783691e+00
1.868918180465698242e+00
1.995890021324157715e+00
1.794767141342163086e+00
2.047603130340576172e+00
3.217313528060913086e+00
3.401104211807250977e+00
3.432054519653320312e+00
1.207511663436889648e+00
2.335160970687866211e+00
1.436301946640014648e+00
1.929105758666992188e+00
2.943093776702880859e+00
3.449316501617431641e+00
1.796484708786010742e+00
1.922596096992492676e+00
2.641537427902221680e+00
1.789878845214843750e+00
2.963787078857421875e+00
1.778404355049133301e+00
1.771623730659484863e+00
4.386635780334472656e+00
2.840523242950439453e+00
1.396345257759094238e+00
2.272384166717529297e+00
2.206475734710693359e+00
9.983554482460021973e-01
2.298235177993774414e+00
1.558071851730346680e+00
1.043369174003601074e+00
1.302151322364807129e+00
1.145510435104370117e+00
3.998174190521240234e+00
5.274237632751464844e+00
2.769480466842651367e+00
1.974083900451660156e+00
1.831653714179992676e+00
3.055559158325195312e+00
3.231241941452026367e+00
1.324323534965515137e+00
2.413638114929199219e+00
2.537512540817260742e+00
1.896119832992553711e+00
2.298649549484252930e+00
3.146186113357543945e+00
1.930517435073852539e+00
1.029031515121459961e+00
2.025035142898559570e+00
1.026757836341857910e+00
2.017853736877441406e+00
1.755402565002441406e+00
1.891770601272583008e+00
2.635800123214721680e+00
9.248414635658264160e-01
2.294783830642700195e+00
2.022456407546997070e+00
2.147580146789550781e+00
1.316044926643371582e+00
1.044729113578796387e+00
2.711006164550781250e+00
2.091518878936767578e+00
1.301978111267089844e+00
