1.424784064292907715e+00
6.258335113525390625e-01
3.246348798274993896e-01
6.002559065818786621e-01
6.117044091224670410e-01
6.833375692367553711e-01
9.124047756195068359e-01
5.835129022598266602e-01
7.854632735252380371e-01
6.624858379364013672e-01
5.862653255462646484e-01
4.203376770019531250e-01
5.978969335556030273e-01
4.311209321022033691e-01
7.174680233001708984e-01
4.663795232772827148e-01
7.201738357543945312e-01
3.318415880203247070e-01
7.313869595527648926e-01
8.568595647811889648e-01
3.318532705307006836e-01
8.782824277877807617e-01
1.914985537528991699e+00
8.171542882919311523e-01
1.766214609146118164e+00
7.257335782051086426e-01
6.406496167182922363e-01
9.552772045135498047e-01
3.500842452049255371e-01
4.805324375629425049e-01
4.390252828598022461e-01
8.562287688255310059e-01
4.938127696514129639e-01
1.428645491600036621e+00
7.647900581359863281e-01
7.866696119308471680e-01
6.396228671073913574e-01
8.654841780662536621e-01
4.703250825405120850e-01
5.092384815216064453e-01
2.449075877666473389e-01
6.058028936386108398e-01
5.840815305709838867e-01
4.762072563171386719e-01
4.493082165718078613e-01
1.010441780090332031e+00
1.125084996223449707e+00
9.210719466209411621e-01
7.203505635261535645e-01
9.691190123558044434e-01
2.597207725048065186e-01
1.439818143844604492e+00
9.914402961730957031e-01
4.114977419376373291e-01
6.927791237831115723e-01
5.384775400161743164e-01
1.020776510238647461e+00
3.409852683544158936e-01
8.537600040435791016e-01
1.426758766174316406e+00
7.632291913032531738e-01
9.444653987884521484e-01
3.829196393489837646e-01
4.566491246223449707e-01
6.969387531280517578e-01
1.760092735290527344e+00
7.420716881752014160e-01
8.281049728393554688e-01
5.676339864730834961e-01
9.000238180160522461e-01
6.763747930526733398e-01
5.755077600479125977e-01
5.801553130149841309e-01
5.582461953163146973e-01
6.383665204048156738e-01
5.296836495399475098e-01
3.902075588703155518e-01
4.554152190685272217e-01
6.780146956443786621e-01
1.432732224464416504e+00
6.111983060836791992e-01
7.743272185325622559e-01
2.259063959121704102e+00
7.874575853347778320e-01
5.052639245986938477e-01
8.668027520179748535e-01
5.649374723434448242e-01
8.797188401222229004e-01
5.760741233825683594e-01
1.427005648612976074e+00
8.543457984924316406e-01
1.207800745964050293e+00
6.355291604995727539e-01
5.403311252593994141e-01
4.117411971092224121e-01
4.037274420261383057e-01
4.880299568176269531e-01
1.409644126892089844e+00
4.855381250381469727e-01
3.722205162048339844e-01
5.785390734672546387e-01
6.771554350852966309e-01
9.164501428604125977e-01
4.945221841335296631e-01
8.702786564826965332e-01
8.395625948905944824e-01
4.460875391960144043e-01
3.816752135753631592e-01
3.042287826538085938e-01
1.235794425010681152e+00
6.520173549652099609e-01
5.659739375114440918e-01
4.811737835407257080e-01
6.192579865455627441e-01
6.935238242149353027e-01
1.035810351371765137e+00
6.108182072639465332e-01
3.124574720859527588e-01
6.792536973953247070e-01
1.147834300994873047e+00
8.558778166770935059e-01
9.775015115737915039e-01
4.253217875957489014e-01
8.414192199707031250e-01
3.695156276226043701e-01
8.167000412940979004e-01
6.144153475761413574e-01
9.096061587333679199e-01
6.314099431037902832e-01
6.298627257347106934e-01
1.200965523719787598e+00
1.232630133628845215e+00
5.719521641731262207e-01
3.991994857788085938e-01
5.886756777763366699e-01
4.758256077766418457e-01
5.391719341278076172e-01
6.993311643600463867e-01
7.579931020736694336e-01
3.466858267784118652e-01
6.516871452331542969e-01
6.303663253784179688e-01
7.978872656822204590e-01
9.328765273094177246e-01
1.052546143531799316e+00
6.095740199089050293e-01
6.551802158355712891e-01
5.666635036468505859e-01
7.461397647857666016e-01
6.615888476371765137e-01
5.269455909729003906e-01
1.093412756919860840e+00
5.489400625228881836e-01
1.243685245513916016e+00
4.334790110588073730e-01
7.638905048370361328e-01
3.536978960037231445e-01
5.228508114814758301e-01
6.012139916419982910e-01
5.564541816711425781e-01
6.142678260803222656e-01
4.472404420375823975e-01
6.025897860527038574e-01
5.610720515251159668e-01
6.008790135383605957e-01
3.859703540802001953e-01
9.826323390007019043e-01
6.284184455871582031e-01
5.899271965026855469e-01
8.691786527633666992e-01
2.325673580169677734e+00
9.004081487655639648e-01
6.687968969345092773e-01
7.759555578231811523e-01
8.245137929916381836e-01
8.430454730987548828e-01
6.627217531204223633e-01
7.686460018157958984e-01
4.254943430423736572e-01
6.645336151123046875e-01
6.059165596961975098e-01
3.821103870868682861e-01
7.254019379615783691e-01
1.155870437622070312e+00
6.639310121536254883e-01
4.267749786376953125e-01
7.218707203865051270e-01
7.034276127815246582e-01
5.917149186134338379e-01
7.369378209114074707e-01
5.342006087303161621e-01
5.575267076492309570e-01
6.097437739372253418e-01
7.456771731376647949e-01
1.323623299598693848e+00
5.231804251670837402e-01
8.029776215553283691e-01
8.037822842597961426e-01
2.992554306983947754e-01
4.908248782157897949e-01
6.751222610473632812e-01
5.916932225227355957e-01
5.409062504768371582e-01
6.785036921501159668e-01
5.790218710899353027e-01
1.310631513595581055e+00
8.992487192153930664e-01
5.387338399887084961e-01
3.206726908683776855e-01
2.006766080856323242e+00
1.049631953239440918e+00
1.774327874183654785e+00
1.253066658973693848e+00
3.349766135215759277e-01
1.214624285697937012e+00
7.915490865707397461e-01
1.253593325614929199e+00
7.102682590484619141e-01
6.049064993858337402e-01
7.085178494453430176e-01
7.101131081581115723e-01
8.035244941711425781e-01
5.043480992317199707e-01
2.420483976602554321e-01
5.895678997039794922e-01
7.025490999221801758e-01
8.032708168029785156e-01
5.957354903221130371e-01
7.537803649902343750e-01
9.969571828842163086e-01
6.065025329589843750e-01
7.611750364303588867e-01
1.530389189720153809e+00
3.461797535419464111e-01
4.314412772655487061e-01
1.099885821342468262e+00
5.482195615768432617e-01
6.028914451599121094e-01
8.552986383438110352e-01
4.981613457202911377e-01
1.156825661659240723e+00
4.270249009132385254e-01
6.157605648040771484e-01
6.261966228485107422e-01
1.096294760704040527e+00
8.446786403656005859e-01
5.336395502090454102e-01
7.859174013137817383e-01
3.938685655593872070e-01
7.513306736946105957e-01
4.927344918251037598e-01
7.754535675048828125e-01
1.597136855125427246e+00
4.382050633430480957e-01
2.938722670078277588e-01
8.242194652557373047e-01
3.988498449325561523e-01
7.598711848258972168e-01
5.892397165298461914e-01
5.944904088973999023e-01
7.791669368743896484e-01
7.580322027206420898e-01
4.083774387836456299e-01
7.351445555686950684e-01
8.257739543914794922e-01
7.853193879127502441e-01
2.731728851795196533e-01
7.421522736549377441e-01
8.866767883300781250e-01
1.016554355621337891e+00
9.165667891502380371e-01
1.014010429382324219e+00
6.874403953552246094e-01
7.971264719963073730e-01
8.688728809356689453e-01
7.227913141250610352e-01
1.865716934204101562e+00
6.790016293525695801e-01
1.013845562934875488e+00
4.900544881820678711e-01
1.168631434440612793e+00
7.255811095237731934e-01
6.781364679336547852e-01
2.109467983245849609e+00
9.210299253463745117e-01
1.640894770622253418e+00
6.201381683349609375e-01
8.186304569244384766e-01
7.151151895523071289e-01
4.062070548534393311e-01
5.897004008293151855e-01
3.870443403720855713e-01
1.291261196136474609e+00
5.466549396514892578e-01
9.797894954681396484e-01
5.903150439262390137e-01
6.641499400138854980e-01
5.557145476341247559e-01
1.220188856124877930e+00
5.725790858268737793e-01
1.217239737510681152e+00
1.036798954010009766e+00
6.259480118751525879e-01
1.116055011749267578e+00
5.825597047805786133e-01
7.587866187095642090e-01
7.976968288421630859e-01
8.374884128570556641e-01
9.213392734527587891e-01
1.739897847175598145e+00
9.717334508895874023e-01
3.672707378864288330e-01
1.437945485115051270e+00
4.851894080638885498e-01
7.360524535179138184e-01
4.924855828285217285e-01
7.238528728485107422e-01
9.142779111862182617e-01
6.767594814300537109e-01
1.546463489532470703e+00
5.722709894180297852e-01
4.064045548439025879e-01
2.926279604434967041e-01
8.952956795692443848e-01
1.097906589508056641e+00
1.164063572883605957e+00
5.368682742118835449e-01
7.840316295623779297e-01
7.918533086776733398e-01
4.079292416572570801e-01
6.075189113616943359e-01
4.969252943992614746e-01
8.216750025749206543e-01
3.808092474937438965e-01
6.562941670417785645e-01
1.031821608543395996e+00
4.224153757095336914e-01
8.557446599006652832e-01
5.699569582939147949e-01
8.825727105140686035e-01
8.604108691215515137e-01
7.662965059280395508e-01
7.276796102523803711e-01
1.185314416885375977e+00
1.091863989830017090e+00
5.043554902076721191e-01
9.976759552955627441e-01
9.043771028518676758e-01
7.554093003273010254e-01
7.301634550094604492e-01
5.372219085693359375e-01
6.220207810401916504e-01
6.304386258125305176e-01
6.276999115943908691e-01
6.630696654319763184e-01
7.840034961700439453e-01
6.175361871719360352e-01
1.388156533241271973e+00
1.066094517707824707e+00
3.224339783191680908e-01
9.377446770668029785e-01
5.661236643791198730e-01
4.908787608146667480e-01
6.862569451332092285e-01
9.434288144111633301e-01
3.129516243934631348e-01
4.704744815826416016e-01
5.445546507835388184e-01
1.025224566459655762e+00
5.750268101692199707e-01
3.195618093013763428e-01
7.732654809951782227e-01
4.175169765949249268e-01
6.440866589546203613e-01
6.408432126045227051e-01
6.502557396888732910e-01
9.464152455329895020e-01
6.381807923316955566e-01
3.429683148860931396e-01
5.547646880149841309e-01
1.332272887229919434e+00
8.404528498649597168e-01
1.007881522178649902e+00
5.637980103492736816e-01
6.775895357131958008e-01
5.179368257522583008e-01
7.418008446693420410e-01
1.246050238609313965e+00
3.453224897384643555e-01
6.919068694114685059e-01
9.136320948600769043e-01
4.947651624679565430e-01
5.950143933296203613e-01
1.149364829063415527e+00
4.698632359504699707e-01
3.435451090335845947e-01
1.185059309005737305e+00
4.288576841354370117e-01
6.929980516433715820e-01
5.186191797256469727e-01
4.860991537570953369e-01
5.081281661987304688e-01
5.802277326583862305e-01
4.117854237556457520e-01
6.935754418373107910e-01
4.331615567207336426e-01
6.033219099044799805e-01
4.401673078536987305e-01
6.907395124435424805e-01
8.978860378265380859e-01
5.811287760734558105e-01
8.144534230232238770e-01
3.501771986484527588e-01
6.229524612426757812e-01
5.431756973266601562e-01
1.479658961296081543e+00
4.396569430828094482e-01
4.206907451152801514e-01
7.111622691154479980e-01
8.197106719017028809e-01
3.911480307579040527e-01
3.482236862182617188e-01
1.290141582489013672e+00
1.177750587463378906e+00
4.813736379146575928e-01
3.564896583557128906e-01
7.761613726615905762e-01
9.529718160629272461e-01
1.039654254913330078e+00
1.327031135559082031e+00
5.508674979209899902e-01
1.096773386001586914e+00
4.702684581279754639e-01
5.156098008155822754e-01
8.408362269401550293e-01
6.425273418426513672e-01
7.848703265190124512e-01
7.420932650566101074e-01
7.719614505767822266e-01
2.772468626499176025e-01
8.914224505424499512e-01
6.858836412429809570e-01
9.613634347915649414e-01
5.171269178390502930e-01
1.620334148406982422e+00
9.583484530448913574e-01
9.983197450637817383e-01
6.417025923728942871e-01
8.712862133979797363e-01
1.047414898872375488e+00
5.498167276382446289e-01
8.460958600044250488e-01
5.372853875160217285e-01
7.946348786354064941e-01
1.119710206985473633e+00
4.080281555652618408e-01
5.800905227661132812e-01
6.857764720916748047e-01
4.979072809219360352e-01
7.636139988899230957e-01
6.693334579467773438e-01
6.390804052352905273e-01
8.101895451545715332e-01
5.531847476959228516e-01
6.616856455802917480e-01
5.367313623428344727e-01
3.108656406402587891e-01
9.724879264831542969e-01
6.507986187934875488e-01
7.726800441741943359e-01
1.295936107635498047e+00
3.421648442745208740e-01
5.410288572311401367e-01
4.791280925273895264e-01
4.380372464656829834e-01
5.016913414001464844e-01
1.852779984474182129e+00
1.077315092086791992e+00
4.585117697715759277e-01
1.235364198684692383e+00
1.100159406661987305e+00
6.590150594711303711e-01
5.037267804145812988e-01
1.144557118415832520e+00
6.345266103744506836e-01
6.961586475372314453e-01
9.531563520431518555e-01
6.439536809921264648e-01
9.166741371154785156e-01
8.511020541191101074e-01
6.150459647178649902e-01
5.754858851432800293e-01
9.518528580665588379e-01
9.828514456748962402e-01
3.402821123600006104e-01
8.621313571929931641e-01
8.926292657852172852e-01
6.208875179290771484e-01
7.814418077468872070e-01
6.609594821929931641e-01
1.195633053779602051e+00
1.103806853294372559e+00
1.748578310012817383e+00
1.050953865051269531e+00
1.671551585197448730e+00
9.360338449478149414e-01
7.900516986846923828e-01
6.662173271179199219e-01
5.594959855079650879e-01
7.036847472190856934e-01
6.546601653099060059e-01
6.773799657821655273e-01
