3.309890031814575195e+00
2.910788536071777344e+00
3.890937566757202148e+00
6.391933441162109375e+00
3.436946153640747070e+00
3.706208705902099609e+00
1.187154674530029297e+01
3.470885276794433594e+00
2.083145141601562500e+00
4.332229137420654297e+00
4.851349830627441406e+00
3.051139116287231445e+00
5.342192649841308594e+00
6.042236804962158203e+00
4.766094207763671875e+00
2.059694051742553711e+00
1.161352634429931641e+00
9.001720428466796875e+00
1.786198019981384277e+00
4.465173244476318359e+00
1.962096810340881348e+00
1.802548885345458984e+00
2.921392440795898438e+00
3.778670549392700195e+00
1.526517510414123535e+00
1.157714128494262695e+00
6.385355472564697266e+00
6.554591178894042969e+00
3.588821649551391602e+00
6.155388832092285156e+00
6.158637046813964844e+00
9.703449010848999023e-01
5.047984123229980469e+00
3.620610237121582031e+00
7.714392662048339844e+00
4.409157276153564453e+00
1.449510574340820312e+00
3.512604713439941406e+00
2.844039201736450195e+00
3.770341873168945312e+00
5.188849925994873047e+00
1.974476099014282227e+00
1.908119082450866699e+00
3.134959936141967773e+00
1.175164461135864258e+00
2.318835020065307617e+00
2.801358699798583984e+00
1.075623154640197754e+00
3.756890535354614258e+00
1.500358343124389648e+00
4.579747676849365234e+00
1.402045011520385742e+00
2.571020841598510742e+00
3.217851638793945312e+00
4.789421558380126953e+00
2.367452859878540039e+00
7.174827575683593750e+00
2.613821268081665039e+00
3.372399806976318359e+00
2.322122573852539062e+00
5.774435997009277344e+00
6.188546180725097656e+00
2.654330492019653320e+00
4.270096778869628906e+00
6.541823387145996094e+00
5.059650897979736328e+00
1.602884888648986816e+00
3.217223882675170898e+00
4.386028289794921875e+00
5.271591186523437500e+00
3.869494438171386719e+00
4.048352718353271484e+00
1.698020696640014648e+00
4.665929317474365234e+00
4.963418483734130859e+00
2.206396579742431641e+00
5.190454006195068359e+00
1.713304519653320312e+00
5.367156505584716797e+00
4.062482833862304688e+00
6.917646884918212891e+00
4.973216056823730469e+00
3.072398424148559570e+00
4.151302814483642578e+00
4.164406776428222656e+00
8.993921279907226562e+00
5.897589206695556641e+00
2.708903551101684570e+00
5.438903808593750000e+00
2.482484817504882812e+00
4.070927143096923828e+00
3.718987464904785156e+00
2.450330018997192383e+00
7.073291778564453125e+00
1.056607246398925781e+00
6.323868751525878906e+00
5.745614528656005859e+00
1.841108322143554688e+00
2.016784191131591797e+00
1.736078500747680664e+00
3.217013120651245117e+00
3.694564819335937500e+00
2.927102565765380859e+00
5.037384510040283203e+00
9.363754987716674805e-01
8.075877189636230469e+00
4.415914058685302734e+00
3.019057512283325195e+00
4.311597347259521484e+00
2.883107185363769531e+00
2.138833761215209961e+00
3.896147966384887695e+00
3.388344049453735352e+00
3.551546812057495117e+00
2.807725429534912109e+00
6.711361408233642578e+00
1.393694639205932617e+00
2.145671129226684570e+00
1.630110025405883789e+00
1.526418089866638184e+00
4.729941368103027344e+00
3.401405811309814453e+00
2.641519069671630859e+00
1.925335288047790527e+00
5.105354309082031250e+00
1.406367659568786621e+00
6.614873886108398438e+00
1.444412469863891602e+00
3.597148656845092773e+00
3.483676910400390625e+00
6.187532424926757812e+00
7.580696582794189453e+00
6.059247493743896484e+00
2.890993356704711914e+00
5.249861240386962891e+00
3.037542104721069336e+00
2.925277471542358398e+00
4.015300273895263672e+00
8.908494710922241211e-01
5.440114498138427734e+00
5.387343406677246094e+00
3.759015083312988281e+00
4.306822776794433594e+00
2.837213277816772461e+00
3.045740604400634766e+00
4.178787231445312500e+00
5.220403194427490234e+00
3.216464519500732422e+00
1.673285603523254395e+00
2.938779830932617188e+00
2.516715764999389648e+00
1.602582097053527832e+00
2.086127519607543945e+00
8.543341636657714844e+00
1.896337628364562988e+00
3.970991373062133789e+00
2.792669534683227539e+00
2.205875873565673828e+00
6.246278285980224609e+00
2.374587059020996094e+00
3.140850543975830078e+00
2.739080667495727539e+00
5.688504219055175781e+00
4.760817050933837891e+00
3.632953882217407227e+00
4.950092792510986328e+00
2.022050857543945312e+00
5.675687313079833984e+00
1.610174417495727539e+00
1.925704598426818848e+00
3.498594284057617188e+00
5.135157585144042969e+00
4.845172882080078125e+00
4.852704048156738281e+00
1.357281088829040527e+00
2.382948637008666992e+00
5.408651351928710938e+00
2.333074092864990234e+00
3.896193265914916992e+00
2.992472648620605469e+00
3.664835214614868164e+00
1.938036561012268066e+00
5.181358814239501953e+00
1.009428405761718750e+01
2.545789480209350586e+00
6.407114505767822266e+00
2.807464361190795898e+00
2.551394939422607422e+00
3.880527257919311523e+00
4.472489356994628906e+00
3.256963968276977539e+00
4.939607620239257812e+00
3.510555505752563477e+00
8.209917068481445312e+00
2.869616270065307617e+00
2.609115123748779297e+00
3.285229206085205078e+00
1.819551706314086914e+00
3.878551244735717773e+00
2.880512475967407227e+00
3.180978298187255859e+00
6.291182994842529297e+00
6.835933208465576172e+00
3.657307624816894531e+00
2.326626539230346680e+00
4.677124023437500000e+00
1.482173681259155273e+00
4.736342430114746094e+00
2.182907581329345703e+00
1.827757596969604492e+00
2.565867185592651367e+00
3.092513322830200195e+00
4.307563304901123047e+00
1.586199045181274414e+00
2.618544816970825195e+00
3.038155555725097656e+00
4.897874832153320312e+00
6.991171360015869141e+00
1.329917192459106445e+00
2.629431247711181641e+00
3.535200119018554688e+00
6.788847446441650391e+00
6.482823848724365234e+00
6.622139930725097656e+00
1.815175414085388184e+00
4.157203674316406250e+00
2.033323287963867188e+00
3.677011966705322266e+00
4.614249706268310547e+00
2.032123804092407227e+00
2.905282497406005859e+00
1.429257869720458984e+00
1.223934292793273926e+00
5.418875694274902344e+00
4.604412078857421875e+00
2.218629837036132812e+00
3.586349248886108398e+00
3.583366870880126953e+00
7.365442276000976562e+00
2.469358444213867188e+00
3.915090560913085938e+00
9.006446003913879395e-01
1.543454289436340332e+00
5.754019737243652344e+00
5.613278865814208984e+00
3.069050312042236328e+00
3.904349565505981445e+00
2.884646892547607422e+00
5.011024475097656250e+00
3.993172883987426758e+00
2.974125623703002930e+00
6.594610214233398438e+00
1.546937227249145508e+00
3.735758304595947266e+00
1.806143641471862793e+00
3.230352640151977539e+00
