2.405271291732788086e+00
2.007421970367431641e+00
2.030372381210327148e+00
1.958895564079284668e+00
6.691042423248291016e+00
1.460955619812011719e+00
1.951691865921020508e+00
5.472949028015136719e+00
5.137489795684814453e+00
2.225325822830200195e+00
1.354241371154785156e+00
1.744712948799133301e+00
6.717347502708435059e-01
1.812109351158142090e+00
2.191375970840454102e+00
2.379579544067382812e+00
1.043459773063659668e+00
2.646706819534301758e+00
1.382322192192077637e+00
2.009983539581298828e+00
2.471363067626953125e+00
2.747740983963012695e+00
1.289959669113159180e+00
1.940211415290832520e+00
4.859138011932373047e+00
7.980151772499084473e-01
2.365157127380371094e+00
4.262161254882812500e+00
2.348923683166503906e+00
3.247375488281250000e+00
2.262014865875244141e+00
3.247852802276611328e+00
3.228214025497436523e+00
2.454287052154541016e+00
1.770915746688842773e+00
1.592306017875671387e+00
1.569002389907836914e+00
1.915602684020996094e+00
1.463435173034667969e+00
1.749227285385131836e+00
2.223933219909667969e+00
4.751378059387207031e+00
3.177091836929321289e+00
5.315336227416992188e+00
1.506655454635620117e+00
1.420138478279113770e+00
1.882948637008666992e+00
1.241617321968078613e+00
1.925149798393249512e+00
2.156503915786743164e+00
3.140673637390136719e+00
2.191269636154174805e+00
1.438082575798034668e+00
1.592730879783630371e+00
2.190587520599365234e+00
2.005015134811401367e+00
5.308943271636962891e+00
1.881324410438537598e+00
1.235656857490539551e+00
3.562562704086303711e+00
2.173643827438354492e+00
3.646628618240356445e+00
1.702547669410705566e+00
2.242223978042602539e+00
3.297816276550292969e+00
1.981067419052124023e+00
3.065549850463867188e+00
8.819064497947692871e-01
3.106640815734863281e+00
1.219566941261291504e+00
6.375198364257812500e+00
3.403815984725952148e+00
1.984451889991760254e+00
1.010347962379455566e+00
1.746245384216308594e+00
1.963858246803283691e+00
1.007610559463500977e+00
1.131221652030944824e+00
2.550124883651733398e+00
2.026565313339233398e+00
2.303435325622558594e+00
1.592283844947814941e+00
1.167617917060852051e+00
1.339701414108276367e+00
1.552510023117065430e+00
2.410658359527587891e+00
5.990972518920898438e+00
1.462968349456787109e+00
1.971189498901367188e+00
3.515677213668823242e+00
2.884426593780517578e+00
2.248796463012695312e+00
2.851437568664550781e+00
2.112056016921997070e+00
2.162807703018188477e+00
1.484079718589782715e+00
1.005950689315795898e+00
1.272277116775512695e+00
1.509688138961791992e+00
9.114658832550048828e-01
1.718580961227416992e+00
1.728834033012390137e+00
1.296227455139160156e+00
1.623901486396789551e+00
9.024341106414794922e-01
1.260212540626525879e+00
1.586784720420837402e+00
2.322116136550903320e+00
1.038281679153442383e+00
2.156288623809814453e+00
1.557361721992492676e+00
2.418426752090454102e+00
2.745261430740356445e+00
2.529412031173706055e+00
1.846998810768127441e+00
1.813135385513305664e+00
1.759345412254333496e+00
2.608405351638793945e+00
3.350497961044311523e+00
1.406884789466857910e+00
3.644154071807861328e+00
2.817772150039672852e+00
1.620676159858703613e+00
1.642725706100463867e+00
2.436915874481201172e+00
3.988390922546386719e+00
1.497479319572448730e+00
1.606014728546142578e+00
3.567176818847656250e+00
2.484610319137573242e+00
4.774470806121826172e+00
2.246490001678466797e+00
3.453777313232421875e+00
1.921566486358642578e+00
1.693991422653198242e+00
2.922638177871704102e+00
2.821499586105346680e+00
2.180607795715332031e+00
9.793284535408020020e-01
3.058168649673461914e+00
1.558175086975097656e+00
2.459888696670532227e+00
2.389761924743652344e+00
2.089325666427612305e+00
2.267961025238037109e+00
1.451558828353881836e+00
1.497765421867370605e+00
2.275242567062377930e+00
1.036485791206359863e+00
2.644157409667968750e+00
1.198501586914062500e+00
3.666804075241088867e+00
3.173951864242553711e+00
1.263258218765258789e+00
2.625378370285034180e+00
1.311071753501892090e+00
1.477623581886291504e+00
3.077584981918334961e+00
1.824625849723815918e+00
1.759593963623046875e+00
2.400853395462036133e+00
1.183767199516296387e+00
1.100584387779235840e+00
5.017968177795410156e+00
1.773655772209167480e+00
1.007998228073120117e+00
1.569881439208984375e+00
1.247060298919677734e+00
1.715741276741027832e+00
2.065480947494506836e+00
3.113724708557128906e+00
2.871143579483032227e+00
5.655135631561279297e+00
3.074010133743286133e+00
2.169279813766479492e+00
2.037475585937500000e+00
1.305722713470458984e+00
4.889417171478271484e+00
3.232900142669677734e+00
5.647451281547546387e-01
2.000398635864257812e+00
5.663220405578613281e+00
2.792957305908203125e+00
1.875515937805175781e+00
1.688236594200134277e+00
1.679835677146911621e+00
2.372373819351196289e+00
7.981366515159606934e-01
2.783094882965087891e+00
1.087855100631713867e+00
2.976565361022949219e+00
1.823444128036499023e+00
2.368057966232299805e+00
1.818880200386047363e+00
3.438064336776733398e+00
1.483789086341857910e+00
2.588685274124145508e+00
2.587263584136962891e+00
2.924340963363647461e+00
2.438981056213378906e+00
1.519727945327758789e+00
1.024664044380187988e+00
3.570911645889282227e+00
3.601275682449340820e+00
1.823229193687438965e+00
1.649648904800415039e+00
2.017499685287475586e+00
1.439153671264648438e+00
1.835530042648315430e+00
5.302813053131103516e+00
1.251248717308044434e+00
2.450957059860229492e+00
2.157434940338134766e+00
2.940744638442993164e+00
1.671382784843444824e+00
1.291627168655395508e+00
3.446533441543579102e+00
3.668380498886108398e+00
3.990394115447998047e+00
3.153460264205932617e+00
4.039756774902343750e+00
2.782134294509887695e+00
2.856752634048461914e+00
1.065404057502746582e+00
3.687403917312622070e+00
2.511911869049072266e+00
3.822396278381347656e+00
3.274068355560302734e+00
2.415767908096313477e+00
9.595798850059509277e-01
1.250040411949157715e+00
2.392405271530151367e+00
9.220609068870544434e-01
1.443002104759216309e+00
2.483993768692016602e+00
1.310084104537963867e+00
3.653013706207275391e+00
1.918378472328186035e+00
2.274121284484863281e+00
2.735063314437866211e+00
2.110176086425781250e+00
3.285705089569091797e+00
2.633836507797241211e+00
3.492492198944091797e+00
1.997401237487792969e+00
1.466899394989013672e+00
2.007246732711791992e+00
1.361197829246520996e+00
2.139544010162353516e+00
7.160925269126892090e-01
1.892269492149353027e+00
4.398988723754882812e+00
1.052402734756469727e+00
2.504581212997436523e+00
1.454368233680725098e+00
2.042302131652832031e+00
