9.865227341651916504e-01
1.010664105415344238e+00
1.030232548713684082e+00
1.018462061882019043e+00
9.910361766815185547e-01
9.920383095741271973e-01
1.014937639236450195e+00
1.052433848381042480e+00
9.882439374923706055e-01
1.038878560066223145e+00
9.765223860740661621e-01
9.632295966148376465e-01
9.787429571151733398e-01
9.951019287109375000e-01
9.778514504432678223e-01
9.887354373931884766e-01
1.029321670532226562e+00
1.022852301597595215e+00
1.022488832473754883e+00
9.721013307571411133e-01
9.663141965866088867e-01
9.798647165298461914e-01
1.013759255409240723e+00
9.886016249656677246e-01
9.941993951797485352e-01
9.411872029304504395e-01
9.820351600646972656e-01
1.005358576774597168e+00
1.007174968719482422e+00
1.003768920898437500e+00
1.009933233261108398e+00
1.047940850257873535e+00
9.847609996795654297e-01
9.222355484962463379e-01
9.667366147041320801e-01
1.031006813049316406e+00
1.033064484596252441e+00
9.952129125595092773e-01
9.594706296920776367e-01
9.563598036766052246e-01
9.727671742439270020e-01
1.029511809349060059e+00
1.012561559677124023e+00
1.056198358535766602e+00
9.911527633666992188e-01
1.038125157356262207e+00
9.983316659927368164e-01
1.003298401832580566e+00
1.066411375999450684e+00
1.026907682418823242e+00
1.043163061141967773e+00
1.000781655311584473e+00
9.611147046089172363e-01
9.961991310119628906e-01
9.894297122955322266e-01
1.013947486877441406e+00
9.935038685798645020e-01
1.019806265830993652e+00
1.037564516067504883e+00
1.002052426338195801e+00
9.809178709983825684e-01
9.893767237663269043e-01
9.369059801101684570e-01
9.642448425292968750e-01
1.042840361595153809e+00
9.180690646171569824e-01
1.004181027412414551e+00
1.023049235343933105e+00
1.009837388992309570e+00
9.635534286499023438e-01
9.843115806579589844e-01
1.004979014396667480e+00
9.743276834487915039e-01
9.939568042755126953e-01
1.031452298164367676e+00
1.029517769813537598e+00
9.750512838363647461e-01
1.020054459571838379e+00
1.013805031776428223e+00
9.605347514152526855e-01
9.994099140167236328e-01
1.048392176628112793e+00
1.009990930557250977e+00
1.011043787002563477e+00
9.839424490928649902e-01
9.608522057533264160e-01
1.018872261047363281e+00
9.851240515708923340e-01
9.372242689132690430e-01
9.971480965614318848e-01
1.000617265701293945e+00
1.043595552444458008e+00
1.000179767608642578e+00
1.016943097114562988e+00
9.931926727294921875e-01
9.356113672256469727e-01
1.025817871093750000e+00
1.011865139007568359e+00
9.476565122604370117e-01
1.007123470306396484e+00
1.043900251388549805e+00
9.940836429595947266e-01
9.953902363777160645e-01
1.010669231414794922e+00
1.067867159843444824e+00
9.658277630805969238e-01
1.000007390975952148e+00
9.884390830993652344e-01
9.497460722923278809e-01
1.040779709815979004e+00
9.674265980720520020e-01
1.025971055030822754e+00
1.010818600654602051e+00
1.024867057800292969e+00
1.027190208435058594e+00
1.016857147216796875e+00
9.974477291107177734e-01
9.990072846412658691e-01
1.005966901779174805e+00
9.809343218803405762e-01
9.659151434898376465e-01
1.025551438331604004e+00
1.013419866561889648e+00
9.977795481681823730e-01
1.030773162841796875e+00
9.420982003211975098e-01
1.013944506645202637e+00
1.018662333488464355e+00
