-7.449850090779364109e-04
-3.382143378257751465e-01
-3.601169288158416748e-01
2.135192900896072388e-01
-1.869871318340301514e-01
2.780130505561828613e-01
-1.605769544839859009e-01
-3.492545187473297119e-01
-2.298163920640945435e-01
-2.479096651077270508e-01
-1.183735951781272888e-01
-1.256488449871540070e-02
-1.727039664983749390e-01
4.703779891133308411e-02
-1.066816896200180054e-01
-5.361881256103515625e-01
-6.506046652793884277e-01
3.786058127880096436e-01
-2.206583023071289062e-01
-1.918671578168869019e-01
2.923940718173980713e-01
4.047074317932128906e-01
-9.230084717273712158e-02
-4.214440584182739258e-01
1.209057345986366272e-01
2.206131070852279663e-01
-3.509431779384613037e-01
-1.815784275531768799e-01
1.379773486405611038e-02
-5.816166400909423828e-01
-1.842569112777709961e-01
-2.877727746963500977e-01
-3.311066329479217529e-01
-3.194559514522552490e-01
-2.129510343074798584e-01
1.771471351385116577e-01
-4.352482780814170837e-02
-2.546493709087371826e-01
-1.342430114746093750e-01
3.046354055404663086e-01
-7.479107379913330078e-02
1.383348405361175537e-01
-6.032249704003334045e-02
5.725795030593872070e-01
6.048418115824460983e-03
4.034575819969177246e-01
-3.571920394897460938e-01
-3.370014429092407227e-01
-4.161191359162330627e-02
-4.202507138252258301e-01
-2.466783523559570312e-01
-2.370526641607284546e-01
3.469135761260986328e-01
6.452767550945281982e-02
-1.984891891479492188e-01
-1.699348241090774536e-01
-6.411814689636230469e-02
-1.120531558990478516e-01
1.764455437660217285e-01
-2.273170351982116699e-01
1.670586466789245605e-01
-5.523718595504760742e-01
3.390438556671142578e-01
-2.615782897919416428e-03
-1.421144604682922363e-01
6.552408337593078613e-01
-4.946514368057250977e-01
-1.820936799049377441e-01
-7.106903940439224243e-02
-1.357961446046829224e-01
-2.604866921901702881e-01
1.693192124366760254e-01
-3.451488614082336426e-01
2.695261538028717041e-01
3.231285810470581055e-01
-2.961356341838836670e-01
-2.346632331609725952e-01
2.046865224838256836e-01
-1.841290444135665894e-01
-1.934709697961807251e-01
-2.814950346946716309e-01
6.020684242248535156e-01
2.658087015151977539e-01
-3.301501274108886719e-01
-3.263901770114898682e-01
6.183807849884033203e-01
-1.299182474613189697e-01
8.282277733087539673e-02
-1.384678184986114502e-01
-2.110013365745544434e-01
1.817957311868667603e-01
-2.497920691967010498e-01
3.034633994102478027e-01
-3.630614653229713440e-02
-1.967955939471721649e-02
3.394946828484535217e-02
2.370970100164413452e-01
-3.447587192058563232e-01
-3.028026223182678223e-02
3.963017165660858154e-01
3.477185070514678955e-01
-3.304409384727478027e-01
-2.050650119781494141e-01
-4.393730778247117996e-03
-3.907633721828460693e-01
1.631370037794113159e-01
-3.238061964511871338e-01
1.932695806026458740e-01
-2.673202753067016602e-01
-5.643296241760253906e-01
1.344487518072128296e-01
3.297610208392143250e-02
-1.990688890218734741e-01
-1.211639642715454102e-01
7.997166365385055542e-02
2.460927329957485199e-02
-3.935318067669868469e-02
-2.058940380811691284e-02
5.388249456882476807e-02
-2.336688637733459473e-01
2.926131784915924072e-01
1.067621037364006042e-01
1.758467778563499451e-02
2.485573142766952515e-01
-5.294552445411682129e-01
-4.121810495853424072e-01
-2.761016786098480225e-01
5.832988023757934570e-02
-1.547473073005676270e-01
-2.406661808490753174e-01
2.216097265481948853e-01
2.480235844850540161e-01
9.579747915267944336e-02
-4.662296921014785767e-02
-3.933191597461700439e-01
-5.790888667106628418e-01
5.456447601318359375e-01
4.977371171116828918e-02
-5.617160350084304810e-02
8.904132246971130371e-02
-6.591460704803466797e-01
2.271303907036781311e-02
-3.600423634052276611e-01
3.357961773872375488e-01
4.941460788249969482e-01
9.839695692062377930e-02
-1.593737304210662842e-01
-8.884534984827041626e-02
-3.188597857952117920e-01
1.914797164499759674e-02
2.228456139564514160e-01
-9.109779447317123413e-02
-1.136037558317184448e-01
-3.828778564929962158e-01
-2.771378755569458008e-01
-1.001561284065246582e-01
-5.018606781959533691e-01
-2.391663938760757446e-01
-3.907926082611083984e-01
-1.250484772026538849e-02
2.287528216838836670e-01
-3.540023416280746460e-02
-9.197776764631271362e-02
1.844768412411212921e-02
3.302253186702728271e-01
3.215093314647674561e-01
-2.276419699192047119e-01
-7.017714977264404297e-01
-2.103950679302215576e-01
3.103387914597988129e-02
9.253552556037902832e-02
-1.582674682140350342e-01
-8.068967610597610474e-02
-1.070218086242675781e-01
1.955269277095794678e-01
-5.716856122016906738e-01
2.528443038463592529e-01
-1.629491746425628662e-01
-1.141068115830421448e-01
-1.895739883184432983e-01
-2.006204985082149506e-02
-3.056114614009857178e-01
2.170773446559906006e-01
2.525014877319335938e-01
-3.763684332370758057e-01
-2.542893886566162109e-01
3.389274701476097107e-02
2.302507311105728149e-01
-9.961349517107009888e-02
-1.012185588479042053e-01
-4.037433266639709473e-01
7.012794017791748047e-01
-3.373398482799530029e-01
2.600258961319923401e-02
-2.750838920474052429e-02
8.225223422050476074e-02
-1.270337551832199097e-01
-4.079194366931915283e-01
-2.630532979965209961e-01
1.563350856304168701e-01
-3.156636357307434082e-01
3.305143713951110840e-01
-4.021043181419372559e-01
-1.187884211540222168e-01
-6.782064586877822876e-02
5.022744834423065186e-02
-2.858804166316986084e-01
-1.046733036637306213e-01
1.748319268226623535e-01
-1.462601721286773682e-01
-1.482794284820556641e-01
7.017487883567810059e-01
-3.338745534420013428e-01
3.228314816951751709e-01
-3.378008306026458740e-01
1.844384670257568359e-01
-4.935027062892913818e-01
1.816382706165313721e-01
-1.630748212337493896e-01
1.639555096626281738e-01
4.437717050313949585e-02
-4.247842729091644287e-01
-6.181444525718688965e-01
1.086261197924613953e-01
-3.339556753635406494e-01
-1.911863833665847778e-01
7.659906148910522461e-02
-8.096814900636672974e-02
4.427948892116546631e-01
7.140563428401947021e-02
9.181807190179824829e-02
-6.158089637756347656e-02
-2.617383003234863281e-01
3.848816081881523132e-02
-2.151216566562652588e-01
-9.307183325290679932e-02
1.512411981821060181e-01
-1.562334299087524414e-01
-3.370017707347869873e-01
-1.087277680635452271e-01
-5.467677488923072815e-02
5.050864815711975098e-02
1.709175109863281250e-01
-5.909591317176818848e-01
-4.221546649932861328e-01
9.100145101547241211e-02
-4.456654191017150879e-01
5.785512179136276245e-02
3.385931551456451416e-01
-5.186046361923217773e-01
-2.249674871563911438e-03
-3.210067749023437500e-01
4.226716607809066772e-02
-6.451321244239807129e-01
-2.332195937633514404e-01
8.179419673979282379e-03
-1.663127988576889038e-01
6.249453872442245483e-02
5.422823876142501831e-02
-9.029981493949890137e-02
1.614186167716979980e-01
1.119417138397693634e-02
-1.265789717435836792e-01
-3.360354900360107422e-01
-3.047493696212768555e-01
1.488771885633468628e-01
-2.448679208755493164e-01
-9.412929415702819824e-02
1.150294840335845947e-01
3.272233009338378906e-01
-2.143403887748718262e-01
-5.555924177169799805e-01
2.509072721004486084e-01
2.750074267387390137e-01
-2.358655184507369995e-01
1.536419093608856201e-01
-2.577969729900360107e-01
7.237699348479509354e-03
2.166717313230037689e-03
-3.329676389694213867e-01
-3.449160456657409668e-01
3.843251764774322510e-01
1.220730543136596680e-01
2.326180636882781982e-01
-4.227935671806335449e-01
7.302212715148925781e-02
-5.538028478622436523e-02
-8.339420706033706665e-02
2.153845876455307007e-01
-1.693054437637329102e-01
-6.210091337561607361e-02
-3.637161254882812500e-01
-5.311462879180908203e-01
-1.531045883893966675e-01
-2.006364054977893829e-03
-2.943042218685150146e-01
2.834393817465752363e-04
1.304514706134796143e-01
2.145518213510513306e-01
5.386075377464294434e-01
-1.656886935234069824e-01
-1.145720258355140686e-01
3.020219504833221436e-01
-2.293353974819183350e-01
-1.067059859633445740e-01
1.049765869975090027e-01
-1.489443033933639526e-01
-4.237866401672363281e-01
1.501559317111968994e-01
3.701233491301536560e-02
-3.008145391941070557e-01
-2.034609913825988770e-01
-5.236240029335021973e-01
-5.381865799427032471e-02
-5.129225924611091614e-02
-2.190053015947341919e-01
2.154769375920295715e-03
-2.595881819725036621e-01
-4.182314574718475342e-01
1.394505240023136139e-02
-1.758581250905990601e-01
-2.843509316444396973e-01
-3.676024377346038818e-01
1.696217060089111328e-02
-6.108350306749343872e-02
-7.012842893600463867e-01
-2.392433285713195801e-01
3.698303401470184326e-01
1.223770529031753540e-01
-3.878492712974548340e-01
2.313761599361896515e-02
-3.629409968852996826e-01
-2.997687645256519318e-02
-6.845782697200775146e-02
-1.154606714844703674e-01
1.445450484752655029e-01
-2.152668982744216919e-01
-8.549679815769195557e-02
3.377296030521392822e-01
-1.011132672429084778e-01
1.725211441516876221e-01
-2.924046516418457031e-01
-9.447173215448856354e-03
1.823840662837028503e-02
-9.901948273181915283e-02
-6.915403008460998535e-01
-1.954493224620819092e-01
-2.323619574308395386e-01
-5.030157417058944702e-02
4.039760529994964600e-01
-5.420784652233123779e-02
-1.551993787288665771e-01
2.648581564426422119e-02
-4.734917357563972473e-02
3.637559711933135986e-02
-3.258693814277648926e-01
7.788982987403869629e-02
1.238514780998229980e-01
-2.234130650758743286e-01
-1.130823120474815369e-01
1.786517538130283356e-02
-1.137003451585769653e-01
2.115801572799682617e-01
-5.464881062507629395e-01
-5.748185515403747559e-01
3.092657029628753662e-01
1.642552018165588379e-01
-2.115679904818534851e-02
9.870948642492294312e-02
-2.662114202976226807e-01
-3.533191978931427002e-01
4.998018443584442139e-01
-3.118360340595245361e-01
-7.759946584701538086e-02
3.218754827976226807e-01
3.753475248813629150e-01
-3.419969379901885986e-01
-1.607808768749237061e-01
3.096246123313903809e-01
3.292627036571502686e-01
9.674380719661712646e-02
4.656140804290771484e-01
6.279274821281433105e-01
-1.313482671976089478e-01
2.341821789741516113e-01
-1.997821778059005737e-01
5.044672489166259766e-01
-2.554994523525238037e-01
-2.559159416705369949e-03
-1.185472216457128525e-02
-7.462175190448760986e-02
-5.496677756309509277e-01
-2.163788974285125732e-01
-3.241413235664367676e-01
1.491509526968002319e-01
-5.032967031002044678e-02
-2.917168736457824707e-01
-4.273902177810668945e-01
-4.974637031555175781e-01
2.243885248899459839e-01
-2.299606204032897949e-01
2.755904793739318848e-01
-7.833202928304672241e-02
-4.375170767307281494e-01
-6.482766270637512207e-01
2.935371994972229004e-01
-3.728586137294769287e-01
3.061641752719879150e-01
-3.382522761821746826e-01
-9.249583631753921509e-02
-4.351216182112693787e-02
-1.045086234807968140e-01
-3.926434814929962158e-01
5.870515108108520508e-02
5.953751802444458008e-01
-2.882317900657653809e-01
-4.887077808380126953e-01
-6.110871955752372742e-02
-2.798788845539093018e-01
1.552000492811203003e-01
-2.382813543081283569e-01
-4.329288601875305176e-01
1.036557480692863464e-01
-1.692001223564147949e-01
3.841338753700256348e-01
-6.466297507286071777e-01
-2.431454807519912720e-01
-2.959063947200775146e-01
-7.878427207469940186e-02
2.789174318313598633e-01
-2.170196026563644409e-01
-8.569474518299102783e-02
1.931828260421752930e-01
-9.722501039505004883e-02
-6.418940424919128418e-02
-2.905204892158508301e-01
-6.479591727256774902e-01
-5.796974897384643555e-02
-3.961039483547210693e-01
-8.642225712537765503e-02
1.015132293105125427e-01
-1.727767586708068848e-01
-3.571096360683441162e-01
5.428855866193771362e-02
2.163980752229690552e-01
-3.039700984954833984e-01
-2.236753888428211212e-02
-2.804367244243621826e-01
-3.495996817946434021e-02
-2.074246667325496674e-02
4.412532746791839600e-01
-1.521708518266677856e-01
-5.550301671028137207e-01
9.648310542106628418e-01
-3.386664688587188721e-01
2.281911671161651611e-01
-1.612994074821472168e-01
-3.881110111251473427e-03
3.259484171867370605e-01
-2.097179442644119263e-01
-4.980962350964546204e-02
-2.958968095481395721e-02
-6.257793307304382324e-01
6.683728098869323730e-02
-4.223418235778808594e-01
1.705236434936523438e-01
-5.572637319564819336e-01
4.394594132900238037e-01
3.194362521171569824e-01
-4.420599639415740967e-01
-2.192151099443435669e-01
-4.431885108351707458e-02
2.156097888946533203e-01
-6.794586777687072754e-01
-6.517238914966583252e-02
2.251286208629608154e-01
-3.387832641601562500e-01
3.819787204265594482e-01
-9.159862995147705078e-02
-3.466703370213508606e-02
-3.300025463104248047e-01
-1.633836179971694946e-01
-2.049574255943298340e-01
3.889188915491104126e-02
1.135774552822113037e-01
4.956054687500000000e-01
4.418504238128662109e-01
-1.368797719478607178e-01
-3.122175037860870361e-01
1.658220589160919189e-01
1.624129414558410645e-01
-6.593504548072814941e-02
5.117697119712829590e-01
1.474054157733917236e-01
-7.278329133987426758e-01
-6.616405248641967773e-01
-1.860354840755462646e-01
-1.494414508342742920e-01
1.631056964397430420e-01
-6.348194181919097900e-02
-3.844793140888214111e-01
1.307269930839538574e-02
3.446754217147827148e-01
8.620730042457580566e-01
5.812785625457763672e-01
5.074734091758728027e-01
4.299345612525939941e-01
1.923990398645401001e-01
1.831298321485519409e-01
-4.995014667510986328e-01
1.202336251735687256e-01
-3.741464316844940186e-01
-2.233059704303741455e-01
-9.432838298380374908e-03
-1.479108035564422607e-01
-5.857865214347839355e-01
6.746370792388916016e-01
7.625226378440856934e-01
-2.351015806198120117e-01
-1.115967333316802979e-02
3.297066390514373779e-01
6.394180655479431152e-01
-3.828260898590087891e-01
2.756446786224842072e-02
-1.172482520341873169e-01
-3.397454321384429932e-01
1.399869173765182495e-01
-1.170645430684089661e-01
-4.917977750301361084e-02
-3.497403860092163086e-01
-2.581420242786407471e-01
-2.482459396123886108e-01
1.337203979492187500e-01
-1.733905822038650513e-01
1.352744102478027344e-01
-2.303694933652877808e-01
-4.065094888210296631e-01
1.061650216579437256e-01
-1.029797792434692383e-01
-6.440985482186079025e-03
8.352600038051605225e-02
1.360509395599365234e-01
3.576311469078063965e-01
-2.413170635700225830e-01
-1.737022101879119873e-01
-4.442776367068290710e-02
-1.591169834136962891e-01
-3.499542772769927979e-01
-1.346316561102867126e-02
2.469443082809448242e-01
-1.631719917058944702e-01
5.480138957500457764e-02
3.804423660039901733e-02
-1.010312363505363464e-01
2.187314629554748535e-01
2.190003246068954468e-01
-3.523425459861755371e-01
4.389176070690155029e-01
1.528658568859100342e-01
2.737761735916137695e-01
-8.715646713972091675e-02
3.328538835048675537e-01
-2.370880544185638428e-01
-6.168586760759353638e-02
3.130101785063743591e-02
2.465945780277252197e-01
6.456095725297927856e-02
-2.925626337528228760e-01
-9.490721859037876129e-03
2.986773252487182617e-01
-4.715241119265556335e-02
-2.162749618291854858e-01
-3.122391402721405029e-01
3.157053589820861816e-01
5.652055144309997559e-01
5.036576837301254272e-02
1.736933141946792603e-01
6.213198974728584290e-02
-4.381332919001579285e-02
3.826588764786720276e-02
-4.559385031461715698e-02
-2.198690921068191528e-01
-4.637944102287292480e-01
9.612495452165603638e-02
-4.460545778274536133e-01
2.092580348253250122e-01
-1.654768139123916626e-01
-2.137144953012466431e-01
1.296992897987365723e-01
2.317379117012023926e-01
3.376454710960388184e-01
2.591778934001922607e-01
-2.282751053571701050e-01
-4.181003570556640625e-01
-3.823598474264144897e-02
1.787344813346862793e-01
-2.522809803485870361e-01
2.139687687158584595e-01
-2.286866158246994019e-01
-1.100513152778148651e-02
9.434060752391815186e-02
2.132757455110549927e-01
-1.860394775867462158e-01
-3.358798921108245850e-01
3.738393262028694153e-02
5.987954512238502502e-02
-3.984031677246093750e-01
-4.168743789196014404e-01
-2.503493428230285645e-01
1.921317130327224731e-01
-2.512732148170471191e-01
-4.214383661746978760e-01
-3.319091498851776123e-01
-4.845970273017883301e-01
4.389819800853729248e-01
-1.912309080362319946e-01
1.432698518037796021e-01
-8.552263677120208740e-02
-6.276030838489532471e-02
9.487008303403854370e-02
-1.286801248788833618e-01
-1.528878957033157349e-01
-9.729968383908271790e-03
-2.741550281643867493e-02
7.953066378831863403e-02
1.370579898357391357e-01
3.658364713191986084e-02
2.391207665205001831e-01
1.281455457210540771e-01
-3.055142760276794434e-01
-2.318775206804275513e-01
-3.257225453853607178e-01
4.425435662269592285e-01
1.859533935785293579e-01
3.402110636234283447e-01
-3.292373418807983398e-01
-1.788052022457122803e-01
-1.799867302179336548e-02
-4.883179664611816406e-01
1.270616892725229263e-02
4.874106347560882568e-01
-5.966089665889739990e-02
-1.524655707180500031e-02
1.331492066383361816e+00
-6.669071316719055176e-02
-9.735599905252456665e-02
-5.147340893745422363e-02
-1.478706449270248413e-01
-4.019306898117065430e-01
5.049105733633041382e-03
-3.684542179107666016e-01
-6.674890965223312378e-02
6.585728377103805542e-02
1.385273337364196777e-01
-3.486529588699340820e-01
-2.295475602149963379e-01
3.783621490001678467e-01
-3.718323707580566406e-01
3.026101738214492798e-02
-2.281616926193237305e-01
-8.222006261348724365e-02
1.319792866706848145e-01
-2.365399152040481567e-02
2.247735299170017242e-02
-3.358471393585205078e-01
1.707475446164608002e-02
-2.381543070077896118e-01
-3.802424967288970947e-01
-1.810129135847091675e-01
-3.283431380987167358e-02
-3.242772817611694336e-01
2.757099457085132599e-02
-4.093748629093170166e-01
-3.850881755352020264e-01
-2.380447238683700562e-01
5.556347221136093140e-02
-3.859617412090301514e-01
-3.679132461547851562e-01
-1.113565340638160706e-01
-2.823831737041473389e-01
3.425955474376678467e-01
-3.009932339191436768e-01
-2.248270511627197266e-01
-1.364299654960632324e-01
-1.330746114253997803e-01
2.800005674362182617e-01
-1.645436137914657593e-01
-4.058771729469299316e-01
-6.165145039558410645e-01
1.693950742483139038e-01
2.169880419969558716e-01
-3.276645839214324951e-01
1.348053216934204102e-01
2.323127686977386475e-01
-4.920928478240966797e-01
-2.704338431358337402e-01
-1.631203442811965942e-01
-5.095139741897583008e-01
2.424058737233281136e-03
-4.296659678220748901e-02
3.623026311397552490e-01
3.259474933147430420e-01
-3.258734643459320068e-01
-2.747943066060543060e-02
-4.252269268035888672e-01
-2.341691255569458008e-01
1.009900029748678207e-02
1.770411431789398193e-01
-4.367184638977050781e-01
6.775491237640380859e-01
-3.844990860670804977e-03
3.264557123184204102e-01
-3.353001475334167480e-01
-1.991082131862640381e-01
3.318171203136444092e-01
4.098054468631744385e-01
-2.052327841520309448e-01
1.924854218959808350e-01
3.036533892154693604e-01
-3.152745068073272705e-01
3.011472523212432861e-01
7.411035299301147461e-01
1.591000854969024658e-01
-4.433763921260833740e-01
6.453734040260314941e-01
4.380908012390136719e-01
-2.636704146862030029e-01
1.355384290218353271e-01
7.799428701400756836e-02
-2.853927314281463623e-01
-3.950247466564178467e-01
-3.686721622943878174e-02
-2.013552933931350708e-01
-6.156740710139274597e-02
-5.322264432907104492e-01
-2.785113155841827393e-01
-1.310837566852569580e-01
-3.185477256774902344e-01
-3.304257690906524658e-01
-1.590005010366439819e-01
-9.167066961526870728e-02
-2.702001333236694336e-01
3.835057616233825684e-01
3.547403961420059204e-02
-3.210669457912445068e-01
-2.621126472949981689e-01
-3.360494077205657959e-01
-2.505611181259155273e-01
-7.720816880464553833e-02
-3.706448078155517578e-01
-1.431873887777328491e-01
2.074204981327056885e-01
2.244024872779846191e-01
5.217381715774536133e-01
-2.021014541387557983e-01
-4.066860079765319824e-01
-1.140459403395652771e-01
-1.619632095098495483e-01
-5.006228759884834290e-02
7.833799719810485840e-01
2.904859483242034912e-01
-3.664723336696624756e-01
3.048332631587982178e-01
-6.652143001556396484e-01
-2.477883994579315186e-01
2.686035335063934326e-01
-1.412757039070129395e-01
3.718650639057159424e-01
1.478282064199447632e-01
7.418754696846008301e-01
-3.532333374023437500e-01
-2.618308961391448975e-01
-3.280104100704193115e-01
-1.037611216306686401e-01
-2.119508832693099976e-01
-1.358449272811412811e-02
1.467421203851699829e-01
-2.873718738555908203e-01
-7.609409838914871216e-02
1.029633209109306335e-01
4.062365889549255371e-01
-1.405232399702072144e-01
-4.476600885391235352e-01
-2.884437143802642822e-01
5.597997903823852539e-01
5.803791433572769165e-02
-8.023020625114440918e-02
3.061616718769073486e-01
-2.419641800224781036e-02
9.688493609428405762e-02
-4.626427218317985535e-02
2.951791509985923767e-02
4.391782283782958984e-01
3.235933780670166016e-01
1.630009859800338745e-01
3.057580292224884033e-01
1.873934119939804077e-01
3.718384355306625366e-02
-4.361623525619506836e-01
2.673617601394653320e-01
1.250292956829071045e-01
4.124344885349273682e-02
-4.295098781585693359e-01
-3.193656727671623230e-02
-2.651805281639099121e-01
-3.249394893646240234e-01
-1.305370479822158813e-01
-3.721627891063690186e-01
-7.376088947057723999e-02
-4.723846912384033203e-01
-3.242552876472473145e-01
-6.069325655698776245e-02
-1.753530353307723999e-01
4.847150444984436035e-01
-1.694012284278869629e-01
1.754311472177505493e-01
3.829776942729949951e-01
-8.686465211212635040e-03
-1.860665231943130493e-01
-5.156258344650268555e-01
2.386028468608856201e-01
-3.373977169394493103e-02
-1.373118013143539429e-01
1.753343343734741211e-01
-7.131303846836090088e-02
1.664044559001922607e-01
4.624414443969726562e-02
-5.085826516151428223e-01
-8.642683923244476318e-02
-5.353247523307800293e-01
-3.526712357997894287e-01
1.065246686339378357e-01
8.017545938491821289e-02
1.733889132738113403e-01
3.908066451549530029e-01
5.893576145172119141e-01
-3.894533216953277588e-01
9.876967966556549072e-02
-2.317402362823486328e-01
-2.065122425556182861e-01
-4.194902479648590088e-01
-3.098415136337280273e-01
-4.368298947811126709e-01
1.716277152299880981e-01
-2.364989519119262695e-01
-3.149005770683288574e-01
-3.620613217353820801e-01
-1.293295156210660934e-02
-2.401707470417022705e-01
-3.045392930507659912e-01
6.206425428390502930e-01
6.229839846491813660e-02
1.839099451899528503e-02
1.503679752349853516e-01
3.198466300964355469e-01
1.501148492097854614e-01
-2.256822437047958374e-01
1.004311740398406982e-01
1.910009235143661499e-01
-4.698964059352874756e-01
-2.454855442047119141e-01
-4.355842173099517822e-01
-1.251589506864547729e-01
3.227259218692779541e-01
2.558958530426025391e-01
5.507439374923706055e-03
-3.903208076953887939e-01
-2.926261723041534424e-01
-2.895483076572418213e-01
-1.204056739807128906e-01
-2.885496318340301514e-01
-3.757674992084503174e-01
-8.651075959205627441e-01
-7.766668200492858887e-01
1.434111148118972778e-01
8.874237537384033203e-02
-2.732537090778350830e-01
-2.328610569238662720e-01
-5.127279087901115417e-03
-1.396701335906982422e-01
5.381841063499450684e-01
-2.403402775526046753e-01
-1.137662678956985474e-01
3.263839483261108398e-01
7.547016739845275879e-01
1.193748041987419128e-01
3.783273100852966309e-01
-2.773147448897361755e-02
5.293927192687988281e-01
-4.438981413841247559e-02
-1.231157109141349792e-01
5.415037274360656738e-01
-1.161688789725303650e-01
2.608647942543029785e-01
1.455175727605819702e-01
-3.519570827484130859e-01
-8.736233413219451904e-02
-3.772292137145996094e-01
-5.993369966745376587e-02
-7.612746357917785645e-01
-1.918116807937622070e-01
-1.551119983196258545e-01
3.314175307750701904e-01
-1.048857942223548889e-01
-1.853436827659606934e-01
-2.455675154924392700e-01
-1.868893504142761230e-01
2.149078398942947388e-01
-4.374021291732788086e-01
-1.109861582517623901e-01
-4.606359302997589111e-01
2.110112085938453674e-02
3.462417423725128174e-01
-6.738029718399047852e-01
8.392699807882308960e-02
-1.998944580554962158e-01
-6.522159576416015625e-01
-2.943142950534820557e-01
-2.472675144672393799e-01
-3.936710655689239502e-01
-5.236574411392211914e-01
2.254763059318065643e-02
-1.869303584098815918e-01
1.205123886466026306e-01
6.951306760311126709e-02
-3.658737540245056152e-01
6.226662080734968185e-03
6.013389229774475098e-01
-2.257501482963562012e-01
3.577242791652679443e-01
6.424257159233093262e-02
-8.090473711490631104e-02
-4.131225943565368652e-01
-1.354281604290008545e-01
-3.397786021232604980e-01
-3.852360844612121582e-01
-3.952853381633758545e-01
-5.868268609046936035e-01
1.723265200853347778e-01
2.013565041124820709e-03
8.266467601060867310e-02
1.860591322183609009e-01
-8.737730979919433594e-02
-1.395401358604431152e-01
-3.319048881530761719e-01
8.641592264175415039e-01
-2.396374940872192383e-03
-3.083584308624267578e-01
6.905150413513183594e-02
-9.600061923265457153e-02
-3.632283508777618408e-01
-2.803288698196411133e-01
-5.332540869712829590e-01
-3.165504932403564453e-01
-1.647941768169403076e-01
-5.493661761283874512e-01
-4.821198582649230957e-01
-5.116575583815574646e-02
-2.119871079921722412e-01
-1.261569112539291382e-01
-4.543378055095672607e-01
-1.317682564258575439e-01
-1.716834157705307007e-01
-1.684039980173110962e-01
7.949532568454742432e-02
-7.481186836957931519e-02
-4.638793319463729858e-02
-6.164554506540298462e-02
-4.856564477086067200e-02
3.299804031848907471e-01
-2.066128253936767578e-01
-1.409620791673660278e-01
-3.395724594593048096e-01
3.187514841556549072e-02
1.617179214954376221e-01
1.322172880172729492e-01
3.774770796298980713e-01
3.552840277552604675e-02
-3.799982666969299316e-01
-2.541054785251617432e-01
1.856090687215328217e-02
1.387496292591094971e-02
1.029080972075462341e-01
5.299148336052894592e-02
8.675367385149002075e-02
-1.920297592878341675e-01
-9.167072176933288574e-02
1.636424809694290161e-01
-7.859060168266296387e-02
-3.716675937175750732e-01
-1.718895286321640015e-01
1.390955299139022827e-01
-3.592644631862640381e-01
9.282588362693786621e-01
9.329187124967575073e-02
-2.052632421255111694e-01
1.436577588319778442e-01
-1.129396036267280579e-01
-6.304289400577545166e-02
-9.957361966371536255e-02
3.787355870008468628e-02
-1.362941265106201172e-01
2.762233018875122070e-01
6.054837256669998169e-02
-2.129745781421661377e-01
4.656685292720794678e-01
-1.041524764150381088e-02
-3.444103002548217773e-01
-2.860921323299407959e-01
-4.247619211673736572e-01
2.262824773788452148e-01
-2.717227339744567871e-01
-9.451055666431784630e-04
-6.484484672546386719e-02
4.688169360160827637e-01
5.983600392937660217e-02
-2.378453314304351807e-01
-1.531089842319488525e-01
1.818224638700485229e-01
-3.891045451164245605e-01
-3.651775419712066650e-01
-1.477488428354263306e-01
5.393874049186706543e-01
-3.753915056586265564e-02
