1.764530897140502930e+00
2.804923295974731445e+00
1.744886159896850586e+00
1.183436155319213867e+00
1.043390274047851562e+00
2.004594326019287109e+00
1.795491695404052734e+00
1.841045618057250977e+00
1.066222429275512695e+00
1.938976645469665527e+00
2.803953170776367188e+00
1.619006156921386719e+00
1.238076686859130859e+00
1.343628644943237305e+00
1.161380290985107422e+00
1.884190678596496582e+00
2.682231426239013672e+00
1.374690055847167969e+00
2.776092529296875000e+00
2.184650182723999023e+00
2.196535110473632812e+00
1.941534757614135742e+00
1.558237195014953613e+00
1.229369997978210449e+00
1.395492076873779297e+00
1.846162557601928711e+00
2.139150857925415039e+00
2.167680263519287109e+00
1.985747575759887695e+00
1.844542503356933594e+00
1.776547789573669434e+00
1.985690593719482422e+00
1.598431229591369629e+00
4.423859119415283203e-01
1.280692219734191895e+00
1.938508987426757812e+00
1.855772137641906738e+00
1.481242656707763672e+00
2.500904083251953125e+00
1.365889072418212891e+00
2.276707172393798828e+00
1.735488414764404297e+00
2.341829538345336914e+00
2.520847082138061523e+00
1.284203171730041504e+00
2.237447023391723633e+00
1.861078858375549316e+00
1.853560924530029297e+00
3.199411630630493164e+00
2.939419746398925781e+00
2.462253570556640625e+00
1.217956542968750000e+00
1.755898118019104004e+00
1.656529426574707031e+00
4.500811100006103516e+00
1.654296875000000000e+00
1.527590990066528320e+00
1.013357877731323242e+00
1.146221876144409180e+00
3.335328340530395508e+00
2.142694711685180664e+00
1.501429438591003418e+00
2.185380935668945312e+00
1.774726390838623047e+00
