4.808786213397979736e-01
4.499397575855255127e-01
4.023479521274566650e-01
4.645761251449584961e-01
4.457017183303833008e-01
4.823048710823059082e-01
3.779066801071166992e-01
2.615599334239959717e-01
4.273073077201843262e-01
3.359612822532653809e-01
4.661238789558410645e-01
4.284106194972991943e-01
5.727817416191101074e-01
4.348066747188568115e-01
2.470600455999374390e-01
5.050509572029113770e-01
4.243312478065490723e-01
1.826870441436767578e-01
2.737252414226531982e-01
3.406360447406768799e-01
4.181928336620330811e-01
3.423040807247161865e-01
2.124384492635726929e-01
3.850860297679901123e-01
4.805341064929962158e-01
4.268263578414916992e-01
4.531165659427642822e-01
5.149528384208679199e-01
5.843885540962219238e-01
4.206957817077636719e-01
6.433166265487670898e-01
5.693436264991760254e-01
2.650824487209320068e-01
3.937685191631317139e-01
3.499000072479248047e-01
2.553048133850097656e-01
4.025359153747558594e-01
4.292214810848236084e-01
3.229175209999084473e-01
3.459168672561645508e-01
5.187959671020507812e-01
4.541246592998504639e-01
6.053826212882995605e-01
4.076792001724243164e-01
4.477133154869079590e-01
2.578887641429901123e-01
6.311947107315063477e-01
5.406861305236816406e-01
5.191292166709899902e-01
3.862233161926269531e-01
6.525856256484985352e-01
5.505173206329345703e-01
5.632801055908203125e-01
5.534750819206237793e-01
3.724620342254638672e-01
3.930151462554931641e-01
5.195320248603820801e-01
5.817061662673950195e-01
5.144839882850646973e-01
2.746472358703613281e-01
6.979539394378662109e-01
4.672576487064361572e-01
4.227779805660247803e-01
5.434762835502624512e-01
4.095153212547302246e-01
4.864992797374725342e-01
4.902514815330505371e-01
3.559504151344299316e-01
2.488782405853271484e-01
3.592602908611297607e-01
3.457098305225372314e-01
1.891746222972869873e-01
6.565347909927368164e-01
2.798784673213958740e-01
3.509020209312438965e-01
5.348511338233947754e-01
7.686865329742431641e-01
4.273368120193481445e-01
2.501341998577117920e-01
4.790843427181243896e-01
4.742299616336822510e-01
2.656408846378326416e-01
3.778445422649383545e-01
3.754150569438934326e-01
3.939158022403717041e-01
3.554139435291290283e-01
2.651217281818389893e-01
4.262365400791168213e-01
4.897372126579284668e-01
4.416433274745941162e-01
5.646691918373107910e-01
4.953459799289703369e-01
3.034973144531250000e-01
4.582470357418060303e-01
6.885616183280944824e-01
4.195935130119323730e-01
2.890883386135101318e-01
2.382513433694839478e-01
6.664683222770690918e-01
5.478163957595825195e-01
3.306418359279632568e-01
5.951993465423583984e-01
4.264939427375793457e-01
2.977536618709564209e-01
2.783657014369964600e-01
3.519508540630340576e-01
3.104089200496673584e-01
3.951562047004699707e-01
3.790968954563140869e-01
2.484500259160995483e-01
6.137694716453552246e-01
6.311826705932617188e-01
3.671551942825317383e-01
4.363458454608917236e-01
2.343569099903106689e-01
3.871382772922515869e-01
3.735842406749725342e-01
3.594952821731567383e-01
4.125027656555175781e-01
5.039633512496948242e-01
2.822597324848175049e-01
5.847199559211730957e-01
4.034817218780517578e-01
3.855578601360321045e-01
5.135664939880371094e-01
2.700853645801544189e-01
2.673474848270416260e-01
4.451631605625152588e-01
