-3.181838393211364746e-01
-4.554120302200317383e-01
-1.461881160736083984e+00
-1.492374420166015625e+00
1.244922876358032227e+00
-9.644600749015808105e-02
-1.592929363250732422e+00
-7.985076308250427246e-01
-4.565228521823883057e-01
-6.460219025611877441e-01
-4.722021222114562988e-01
-5.740005970001220703e-01
-1.476596355438232422e+00
-7.508734464645385742e-01
-6.900587677955627441e-01
-6.915877014398574829e-02
1.709122419357299805e+00
-1.906350970268249512e+00
-5.121272802352905273e-02
-1.431669950485229492e+00
-6.863475441932678223e-01
7.274776101112365723e-01
-7.670207023620605469e-01
3.761164098978042603e-02
1.154006958007812500e+00
-4.210894405841827393e-01
-8.924954533576965332e-01
-1.907361626625061035e+00
-2.902767658233642578e-01
-1.228623270988464355e+00
-1.292794346809387207e+00
9.754302352666854858e-02
-3.037799000740051270e-01
-9.547527432441711426e-01
-1.567388176918029785e+00
-1.037145972251892090e+00
2.928748726844787598e-01
-2.586050629615783691e-01
-1.313882470130920410e+00
-8.514845371246337891e-01
-6.685841083526611328e-01
5.754891037940979004e-01
-6.922190785408020020e-01
-7.416374087333679199e-01
-3.440858721733093262e-01
8.389104902744293213e-02
6.829346418380737305e-01
3.530929684638977051e-01
-8.137331604957580566e-01
4.866259694099426270e-01
-1.103829145431518555e+00
3.430587947368621826e-01
-7.973702549934387207e-01
-1.335065364837646484e+00
-7.452548146247863770e-01
-8.658863902091979980e-01
-1.303655624389648438e+00
5.631763115525245667e-02
-1.761391997337341309e+00
-2.230128794908523560e-01
-1.254595160484313965e+00
-6.794618368148803711e-01
-8.813893795013427734e-01
-8.134971261024475098e-01
-1.235932588577270508e+00
-8.333563208580017090e-01
3.140652477741241455e-01
-1.378500580787658691e+00
-1.395287990570068359e+00
-1.006227135658264160e+00
-1.343004584312438965e+00
-1.093700528144836426e+00
-3.312595486640930176e-01
-7.925092577934265137e-01
-8.105034828186035156e-01
-1.144241094589233398e+00
-1.405736207962036133e+00
4.271926879882812500e-01
-1.152880549430847168e+00
-5.508259534835815430e-01
-7.176277041435241699e-01
-1.118418455123901367e+00
-1.705588251352310181e-01
-1.203085660934448242e+00
4.474176168441772461e-01
-1.400101184844970703e+00
-1.182791352272033691e+00
-1.219364523887634277e+00
-1.101946353912353516e+00
-8.282276391983032227e-01
-8.068045377731323242e-01
-1.748924255371093750e+00
-9.783016890287399292e-02
-1.108746051788330078e+00
-8.035981059074401855e-01
-1.462650418281555176e+00
-1.125694870948791504e+00
-1.059652417898178101e-01
-5.121594667434692383e-01
3.013085573911666870e-02
-1.336573839187622070e+00
-9.453806281089782715e-01
-7.624209523200988770e-01
-8.199788928031921387e-01
-1.654338836669921875e-01
-1.110131263732910156e+00
-1.662473678588867188e+00
-9.859380722045898438e-01
-7.648370862007141113e-01
-4.470312297344207764e-01
5.400336980819702148e-01
-6.904031038284301758e-01
-6.096342206001281738e-01
-9.010562300682067871e-01
-1.184837698936462402e+00
-1.398222327232360840e+00
-4.023419916629791260e-01
-1.409570813179016113e+00
-3.767441213130950928e-01
7.678044438362121582e-01
-8.728521466255187988e-01
8.043900877237319946e-02
-9.699913859367370605e-01
-2.231880575418472290e-01
-1.320352673530578613e+00
-5.774801969528198242e-01
1.912282586097717285e+00
8.709637522697448730e-01
-1.020446896553039551e+00
-1.227147221565246582e+00
-5.402470231056213379e-01
-1.640691876411437988e+00
-1.728154778480529785e+00
-9.356666803359985352e-01
-1.277282834053039551e+00
-2.486848235130310059e-01
1.919895887374877930e+00
-1.036455988883972168e+00
4.507582783699035645e-01
-1.388159155845642090e+00
-8.043534159660339355e-01
-9.680369496345520020e-01
-1.412187218666076660e+00
-1.068918466567993164e+00
-1.178846359252929688e+00
-8.537767529487609863e-01
-1.029829621315002441e+00
-9.287554025650024414e-01
-2.827489078044891357e-01
-1.298404097557067871e+00
5.586002469062805176e-01
-2.584358155727386475e-01
2.784544527530670166e-01
-8.646122217178344727e-01
-2.563858963549137115e-02
-6.035432219505310059e-01
2.335749007761478424e-02
1.010250926017761230e+00
-1.276926040649414062e+00
-1.163061857223510742e+00
-5.273135304450988770e-01
-1.562320351600646973e+00
-1.202376008033752441e+00
-7.069463133811950684e-01
-9.090964794158935547e-01
-7.062276601791381836e-01
3.210656940937042236e-01
-1.719362616539001465e+00
2.821772359311580658e-02
-2.761380374431610107e-01
-1.138482093811035156e+00
-1.279947042465209961e+00
-1.439733982086181641e+00
-1.342695593833923340e+00
-8.644602298736572266e-01
-3.547865748405456543e-01
-1.321598768234252930e+00
-1.630758643150329590e+00
-1.158479675650596619e-01
7.298404723405838013e-02
1.191048860549926758e+00
-3.833963274955749512e-01
-1.281097292900085449e+00
-1.512169122695922852e+00
-8.425921797752380371e-01
-1.965454578399658203e+00
-1.740165753290057182e-03
1.248625814914703369e-01
6.560737490653991699e-01
-6.980875730514526367e-01
-1.199464201927185059e+00
-1.017524838447570801e+00
-7.378808259963989258e-01
-2.078041553497314453e+00
7.325173020362854004e-01
-7.978354692459106445e-01
2.019748389720916748e-01
1.125998973846435547e+00
-7.885707616806030273e-01
-1.605935245752334595e-01
3.954152166843414307e-01
-1.515834212303161621e+00
-8.196855783462524414e-01
-9.589657187461853027e-01
-4.545128904283046722e-03
-8.306562900543212891e-01
1.036484465003013611e-01
-7.631064653396606445e-01
-1.097766637802124023e+00
8.118155598640441895e-01
-9.270240664482116699e-01
-6.066759824752807617e-01
-7.416855096817016602e-01
6.583381444215774536e-02
-2.382542043924331665e-01
-8.901621699333190918e-01
-7.892867326736450195e-01
-1.503567576408386230e+00
1.343157440423965454e-01
-1.226092875003814697e-01
-1.639174818992614746e-01
-1.821464300155639648e+00
-1.324390411376953125e+00
-7.425903677940368652e-01
3.558216094970703125e-01
-8.826748728752136230e-01
6.539455652236938477e-01
-8.825552463531494141e-01
-1.693641066551208496e+00
-9.401640295982360840e-01
9.958568215370178223e-01
-1.170126721262931824e-01
5.851100683212280273e-01
-1.668985962867736816e+00
-1.033608555793762207e+00
-1.949651390314102173e-01
-4.828215241432189941e-01
-1.146776676177978516e+00
-6.711857318878173828e-01
-1.928801834583282471e-01
-1.079573392868041992e+00
1.397819042205810547e+00
-7.818687707185745239e-02
-1.249245643615722656e+00
-1.994494438171386719e+00
-1.219342231750488281e+00
-8.480730652809143066e-01
2.738755941390991211e-01
-4.914582967758178711e-01
-1.078539967536926270e+00
-5.022134780883789062e-01
-1.462605595588684082e+00
-2.298490554094314575e-01
-1.034707307815551758e+00
8.655510544776916504e-01
-7.467144727706909180e-01
