6.857644766569137573e-02
-1.712274923920631409e-02
7.768387347459793091e-02
5.427058041095733643e-02
1.002864465117454529e-01
8.149170130491256714e-02
-1.119331866502761841e-01
-8.201429992914199829e-02
-2.653832547366619110e-03
4.407158866524696350e-02
-9.216795861721038818e-02
6.417533848434686661e-03
3.892652690410614014e-02
-8.463123440742492676e-02
-5.394326988607645035e-03
2.740055508911609650e-02
5.241340026259422302e-02
1.198671609163284302e-01
1.169124245643615723e-01
-9.696593880653381348e-02
-1.241526827216148376e-01
-7.941950112581253052e-02
9.123932570219039917e-02
-6.492125336080789566e-03
1.047571599483489990e-01
-3.231907635927200317e-02
1.095342636108398438e-01
4.677195847034454346e-02
1.231988221406936646e-01
-4.198301210999488831e-02
-6.526053696870803833e-02
-9.536662697792053223e-02
-6.551492959260940552e-02
5.920424684882164001e-02
-3.642801940441131592e-02
-1.582096330821514130e-03
-8.471123874187469482e-02
4.187525063753128052e-02
-7.510026544332504272e-02
3.445330634713172913e-02
-8.369120955467224121e-02
1.009892970323562622e-01
1.075568497180938721e-01
-3.543205186724662781e-02
-1.602254435420036316e-02
1.235737875103950500e-01
6.981887272559106350e-04
-4.201660677790641785e-02
-2.109714597463607788e-02
-1.235554069280624390e-01
4.788238927721977234e-02
-7.862802594900131226e-02
-2.775881998240947723e-02
-1.508482545614242554e-02
3.510477766394615173e-02
9.762272983789443970e-02
2.223788388073444366e-02
9.582762420177459717e-02
1.179582849144935608e-01
2.706823125481605530e-02
1.183685734868049622e-01
-7.090494781732559204e-02
-5.923832207918167114e-02
1.625745184719562531e-02
