9.674311280250549316e-01
9.435428380966186523e-01
9.898386597633361816e-01
9.887912273406982422e-01
9.573495388031005859e-01
1.076921582221984863e+00
9.974584579467773438e-01
9.649818539619445801e-01
9.684044122695922852e-01
1.024105548858642578e+00
1.021668195724487305e+00
9.623325467109680176e-01
9.631446003913879395e-01
1.075682640075683594e+00
9.902426600456237793e-01
9.206433296203613281e-01
1.038361310958862305e+00
1.013432621955871582e+00
9.835533499717712402e-01
1.008928894996643066e+00
9.643229842185974121e-01
9.114862084388732910e-01
9.945619702339172363e-01
9.350202083587646484e-01
9.502995014190673828e-01
9.351032972335815430e-01
1.033192276954650879e+00
9.672026634216308594e-01
9.907097220420837402e-01
9.596619606018066406e-01
9.896590113639831543e-01
1.010519862174987793e+00
1.040825247764587402e+00
1.030815362930297852e+00
9.669327139854431152e-01
1.087649703025817871e+00
1.017732977867126465e+00
1.047683238983154297e+00
1.005986094474792480e+00
9.634389281272888184e-01
9.944582581520080566e-01
9.976520538330078125e-01
1.043122768402099609e+00
8.877424001693725586e-01
9.585146903991699219e-01
9.773929119110107422e-01
1.132980823516845703e+00
9.991759061813354492e-01
1.055885553359985352e+00
1.055807709693908691e+00
9.789158105850219727e-01
9.659479856491088867e-01
1.067165851593017578e+00
9.716730117797851562e-01
1.043841481208801270e+00
1.037337303161621094e+00
9.930464029312133789e-01
9.844149351119995117e-01
9.739110469818115234e-01
9.649060964584350586e-01
9.445603489875793457e-01
1.116638302803039551e+00
1.067890405654907227e+00
1.018962740898132324e+00
