1.747567765414714813e-02
2.212509885430335999e-02
-3.257315605878829956e-02
-2.560819266363978386e-03
-2.356514334678649902e-02
9.344213642179965973e-03
1.595764234662055969e-02
-1.556546799838542938e-02
-2.665459178388118744e-02
-1.048991363495588303e-02
1.369842514395713806e-02
-7.785956840962171555e-04
2.415624633431434631e-02
2.336174482479691505e-03
9.928876534104347229e-03
9.063685312867164612e-03
-1.686770655214786530e-02
-1.495305541902780533e-02
1.137950085103511810e-02
1.064026262611150742e-02
-2.254592813551425934e-02
-6.145492196083068848e-03
-8.192210458219051361e-03
1.484752539545297623e-02
-1.063640136271715164e-02
2.474722079932689667e-02
-3.176239505410194397e-02
1.587177626788616180e-02
-2.293051034212112427e-02
-8.089347742497920990e-03
-2.003244822844862938e-03
-8.382936008274555206e-03
2.043917542323470116e-03
-1.093518733978271484e-02
-7.405413314700126648e-03
-4.168401472270488739e-03
-4.493381828069686890e-03
-1.580710150301456451e-02
-2.243218570947647095e-02
2.182926423847675323e-02
2.503281086683273315e-02
-6.252875924110412598e-02
5.922217853367328644e-03
6.320729386061429977e-03
6.383070722222328186e-03
-2.724791993387043476e-04
1.012264634482562542e-03
3.807965293526649475e-02
2.551130019128322601e-02
-8.976334705948829651e-03
1.684059575200080872e-02
-5.070257559418678284e-02
2.923558652400970459e-02
-6.138349696993827820e-02
-4.297482315450906754e-03
2.745556121226400137e-04
1.291015557944774628e-02
1.368531119078397751e-02
-3.048711270093917847e-02
1.453369576483964920e-02
-2.489571832120418549e-02
4.717131669167429209e-04
-2.988476492464542389e-02
1.867861486971378326e-02
4.063745588064193726e-02
4.659513477236032486e-03
-6.047385558485984802e-02
1.094446517527103424e-02
2.760023064911365509e-02
-2.378962747752666473e-02
5.825596395879983902e-03
3.562668804079294205e-03
2.865028008818626404e-02
-3.351124003529548645e-02
-1.851391792297363281e-02
1.027987338602542877e-02
-1.608100347220897675e-02
-1.538051106035709381e-02
-1.482641417533159256e-02
-4.179387353360652924e-03
-1.789226382970809937e-02
3.692298429086804390e-03
-7.497570943087339401e-03
1.439776271581649780e-02
-1.533461618237197399e-03
3.230406343936920166e-02
-1.530113443732261658e-02
-7.699245121330022812e-03
1.935412921011447906e-02
3.692949190735816956e-02
-1.558449026197195053e-02
-9.094755165278911591e-03
-7.595247030258178711e-02
8.131378330290317535e-03
-1.756663993000984192e-02
-1.027483120560646057e-02
2.588833682239055634e-02
8.202341850847005844e-04
5.988840479403734207e-03
-7.167712785303592682e-03
6.281474605202674866e-03
-2.815648680552840233e-03
-1.852738112211227417e-02
-2.325248671695590019e-03
1.887590275146067142e-03
-1.157174259424209595e-02
1.237705163657665253e-02
-1.844135858118534088e-02
3.614036366343498230e-02
1.402069628238677979e-02
-4.608875140547752380e-03
2.489804849028587341e-02
1.487726066261529922e-02
2.520967833697795868e-02
3.738418594002723694e-02
-9.683623909950256348e-03
2.263929322361946106e-02
-1.529341284185647964e-02
-4.171588458120822906e-03
-8.512397762387990952e-04
-3.697167709469795227e-02
-1.572946645319461823e-02
9.057837538421154022e-03
2.897035889327526093e-02
2.015652600675821304e-03
9.976662695407867432e-03
-1.945672556757926941e-02
1.047460362315177917e-02
-1.959144137799739838e-02
9.468662552535533905e-03
1.179031562060117722e-03
-8.627217262983322144e-03
2.185059897601604462e-02
4.565481096506118774e-03
-7.485465146601200104e-03
-7.355019915848970413e-03
-2.220468595623970032e-02
-1.434945873916149139e-02
-1.385341119021177292e-02
1.691589364781975746e-03
-3.939582500606775284e-03
6.610081996768712997e-03
1.593045517802238464e-02
-1.253979094326496124e-02
-3.240116313099861145e-02
8.192290551960468292e-03
3.558796644210815430e-02
-8.594780229032039642e-03
2.042994461953639984e-02
1.699533313512802124e-02
2.966726385056972504e-02
-2.559760399162769318e-02
2.861117944121360779e-03
4.460886120796203613e-03
3.123631887137889862e-02
-4.061438608914613724e-03
3.547479864209890366e-03
-7.236288860440254211e-03
-4.154148325324058533e-02
1.858137361705303192e-02
1.097489031963050365e-03
-5.175755918025970459e-02
1.493446528911590576e-02
-9.847234003245830536e-03
-1.830606348812580109e-02
2.244441583752632141e-02
9.496632264927029610e-04
2.457800321280956268e-03
2.327411435544490814e-02
2.465223334729671478e-02
-1.329466607421636581e-02
-3.883476555347442627e-02
-3.622222226113080978e-03
-4.575161263346672058e-03
7.994273677468299866e-03
4.226733744144439697e-02
-3.742520231753587723e-03
-1.640235423110425472e-04
-6.199629977345466614e-03
8.067454211413860321e-03
-2.113694325089454651e-03
1.579272374510765076e-02
-1.927142776548862457e-02
-2.763305325061082840e-03
1.842686720192432404e-02
-1.171779260039329529e-02
-5.995097570121288300e-03
-1.146566402167081833e-02
-7.134299259632825851e-03
1.755219697952270508e-02
8.135146461427211761e-03
5.019695498049259186e-03
-1.029984001070261002e-02
-3.195155411958694458e-02
-8.311867131851613522e-04
1.395601965487003326e-02
-9.627210907638072968e-03
2.066714130342006683e-02
2.719375770539045334e-03
-1.177200675010681152e-02
-2.568385936319828033e-02
-9.506935253739356995e-03
-4.838311579078435898e-03
7.596316281706094742e-03
-2.157785929739475250e-02
1.615025289356708527e-02
-1.362446416169404984e-02
-1.935059949755668640e-02
-1.878541521728038788e-02
7.469010539352893829e-03
2.420266903936862946e-02
9.991593658924102783e-03
-3.941617533564567566e-02
5.874596070498228073e-03
2.518112305551767349e-04
4.219869896769523621e-02
-2.115758694708347321e-02
3.837089985609054565e-03
1.959795627044513822e-04
-2.839047461748123169e-02
-1.382355019450187683e-02
1.610242016613483429e-02
-1.969942823052406311e-02
-1.833399757742881775e-02
1.366599276661872864e-02
-4.817931447178125381e-03
-2.517076395452022552e-02
-1.164477039128541946e-02
4.441212862730026245e-03
1.766936294734477997e-02
3.588650003075599670e-02
9.729687124490737915e-03
7.065563462674617767e-03
1.266456581652164459e-02
-1.915384456515312195e-02
-1.273539103567600250e-02
1.148376334458589554e-02
4.413714259862899780e-02
-2.097948826849460602e-02
3.336582565680146217e-03
2.598817925900220871e-03
-3.384273871779441833e-02
-1.415295712649822235e-02
1.637494191527366638e-03
1.827513054013252258e-02
-1.537767890840768814e-02
-3.385101212188601494e-03
-4.435819108039140701e-03
-1.305986940860748291e-02
-6.108972057700157166e-02
8.105368353426456451e-03
2.193972095847129822e-02
7.997362874448299408e-03
-3.487132862210273743e-02
4.981349775334820151e-05
-2.746931742876768112e-03
-1.833567768335342407e-02
2.879396639764308929e-02
-4.399674944579601288e-03
-1.133070234209299088e-02
-1.225935108959674835e-02
-2.258315216749906540e-03
-6.583428476005792618e-03
-2.106326632201671600e-02
-1.882546581327915192e-03
-1.516074966639280319e-02
1.027179183438420296e-03
1.199999544769525528e-02
6.428913213312625885e-03
4.721162840723991394e-03
3.536798804998397827e-02
-5.707580596208572388e-03
4.686128813773393631e-03
-7.139367517083883286e-04
5.207861308008432388e-03
3.069781232625246048e-03
1.585945673286914825e-02
-1.395771186798810959e-02
-3.219978511333465576e-02
-4.916929453611373901e-02
-8.960508741438388824e-03
-1.266185287386178970e-02
2.047444507479667664e-02
1.588513702154159546e-02
2.516774646937847137e-02
-8.060861378908157349e-03
2.031419612467288971e-02
1.097068004310131073e-02
-1.334085967391729355e-02
-1.369982864707708359e-02
1.342604681849479675e-02
2.594122197479009628e-03
-1.783700846135616302e-02
-1.451167650520801544e-02
9.566389955580234528e-03
1.981626637279987335e-02
6.827559322118759155e-03
4.906007647514343262e-02
-3.322759270668029785e-02
-3.615600522607564926e-03
-8.073790930211544037e-03
-5.745759233832359314e-02
-3.783939406275749207e-02
-8.797825430519878864e-04
1.271006464958190918e-02
-4.682888463139533997e-02
1.298143342137336731e-02
-8.093742653727531433e-03
-2.411738038063049316e-02
7.262821495532989502e-02
-9.049608372151851654e-03
3.367516770958900452e-02
-1.340395770967006683e-02
-1.399157685227692127e-03
6.319051608443260193e-03
3.023009188473224640e-02
-3.398660104721784592e-03
2.486864291131496429e-02
-1.184732187539339066e-02
-2.673416212201118469e-02
2.730343863368034363e-02
2.320638857781887054e-02
-3.721806779503822327e-02
-3.722192486748099327e-04
-3.161396831274032593e-03
1.236892957240343094e-02
-2.984866313636302948e-02
3.377597033977508545e-02
2.665244042873382568e-02
-2.341105788946151733e-02
3.898901864886283875e-02
-3.808239707723259926e-03
1.882396099972538650e-05
-9.371588937938213348e-03
1.914620585739612579e-02
3.002560324966907501e-02
-5.946426652371883392e-03
-2.377318218350410461e-02
2.608028613030910492e-02
-4.918300546705722809e-04
8.907187730073928833e-03
-1.048472244292497635e-02
2.891740528866648674e-03
-1.544176228344440460e-02
-3.249751776456832886e-02
4.567930009216070175e-03
5.144833587110042572e-03
1.836213096976280212e-02
-3.574158996343612671e-03
-7.471673190593719482e-03
2.129744179546833038e-02
8.854612708091735840e-03
-1.673190668225288391e-02
-8.346325717866420746e-03
-3.032623091712594032e-03
-2.736555598676204681e-02
-7.705969270318746567e-03
2.302120439708232880e-02
-1.375150866806507111e-02
-3.027532249689102173e-02
7.596726529300212860e-03
-3.563554957509040833e-02
-1.031639985740184784e-02
-1.373800728470087051e-02
2.140451595187187195e-02
8.771926164627075195e-03
-1.694525778293609619e-02
-6.833527982234954834e-02
-3.373884782195091248e-02
-3.066080622375011444e-02
-3.877258393913507462e-03
-1.117395423352718353e-02
-2.852751500904560089e-02
3.644596040248870850e-02
-4.561753477901220322e-03
-1.947231404483318329e-02
1.624645781703293324e-03
-9.210966527462005615e-03
-2.815461903810501099e-02
2.200597431510686874e-03
-5.583759024739265442e-02
2.721301279962062836e-02
3.378693014383316040e-03
-3.535343706607818604e-02
2.049200003966689110e-03
1.270844321697950363e-02
-1.372444629669189453e-02
-3.354607848450541496e-03
4.590313881635665894e-02
2.147576957941055298e-02
3.715336322784423828e-02
-1.390581950545310974e-02
-1.664473442360758781e-03
2.705833641812205315e-03
1.371185388416051865e-02
-7.046120241284370422e-03
1.764296740293502808e-02
-9.346286766231060028e-03
1.154713518917560577e-02
-9.729153243824839592e-04
1.215323805809020996e-02
-1.748921535909175873e-02
-1.986473565921187401e-03
2.998203411698341370e-02
3.606488183140754700e-02
3.194295801222324371e-03
2.572714537382125854e-02
4.374265670776367188e-03
3.088190918788313866e-03
1.328266877681016922e-02
-1.769025437533855438e-02
8.961773477494716644e-03
-1.674785278737545013e-02
-6.736727431416511536e-03
-2.712508104741573334e-02
2.950719557702541351e-03
2.540405653417110443e-02
-1.072099246084690094e-02
-2.439667098224163055e-02
-1.391416043043136597e-02
7.436648011207580566e-03
-7.819822058081626892e-03
-1.475595775991678238e-02
-5.917958449572324753e-03
-4.868138208985328674e-02
2.382309548556804657e-02
1.096390304155647755e-03
-1.082056295126676559e-02
1.093258056789636612e-02
-3.783956542611122131e-02
5.085771903395652771e-02
7.301886100322008133e-03
-8.398939855396747589e-03
-2.328415401279926300e-02
-5.954119842499494553e-03
-2.631508931517601013e-02
-7.037254981696605682e-03
-1.378763467073440552e-02
4.765079822391271591e-03
2.232441678643226624e-03
-2.347455918788909912e-02
-1.902749389410018921e-02
2.933277282863855362e-03
2.168388105928897858e-02
-1.076037716120481491e-02
-1.219215337187051773e-03
1.161889918148517609e-02
-1.868349127471446991e-02
2.748531755059957504e-03
5.736093968152999878e-02
-7.383102201856672764e-04
1.650206279009580612e-03
-3.971640020608901978e-03
-6.365803536027669907e-03
3.244817489758133888e-03
-1.063682697713375092e-02
-3.959085792303085327e-02
5.305776838213205338e-03
-2.932428754866123199e-02
-9.508186019957065582e-03
9.062748402357101440e-03
8.927695453166961670e-03
-1.925897970795631409e-02
3.009038977324962616e-02
5.272611510008573532e-03
1.830109395086765289e-02
-6.842692382633686066e-04
-5.695726256817579269e-03
1.936451904475688934e-02
5.339291691780090332e-02
2.371086552739143372e-02
3.157794103026390076e-02
1.550699304789304733e-02
2.239597588777542114e-02
1.874242164194583893e-02
-4.443408921360969543e-02
2.308794530108571053e-03
4.344117362052202225e-03
-2.073932625353336334e-02
-1.446996629238128662e-02
1.765289343893527985e-02
9.216660400852560997e-04
4.679206758737564087e-03
-3.962835762649774551e-03
-1.006089150905609131e-02
-5.412119999527931213e-02
2.676121890544891357e-02
1.177809480577707291e-02
-7.420370355248451233e-03
1.290242280811071396e-02
-2.288480289280414581e-02
2.161428704857826233e-02
-1.401767507195472717e-02
7.006456609815359116e-03
-4.992295522242784500e-03
1.717211678624153137e-02
8.279469795525074005e-03
2.321460656821727753e-02
3.493799595162272453e-03
1.618843153119087219e-02
-2.357459627091884613e-03
7.085035741329193115e-02
-4.773928597569465637e-02
-6.686630076728761196e-04
8.500616066157817841e-03
-2.200680784881114960e-02
-3.941813483834266663e-03
3.446740738581866026e-04
1.373694464564323425e-02
3.892835928127169609e-03
-1.178258098661899567e-02
2.864702977240085602e-02
