-3.584125312045216560e-03
1.133619589381851256e-04
-3.972365811932832003e-05
-2.394183320575393736e-05
6.687435787171125412e-03
-9.140254664252722705e-10
9.332104673376306891e-05
1.378266233587055467e-06
1.802672981284558773e-03
1.795238495105877519e-05
1.156225567683577538e-03
1.189987815450876951e-04
1.181871513836085796e-03
4.474007582757622004e-04
3.713165933731943369e-04
1.557914908190127790e-09
-1.962410456357588373e-09
-1.005155172606464475e-05
9.383920114487409592e-04
-5.843556664331117645e-06
8.260650793090462685e-05
4.238837209413759410e-05
5.690165494343091268e-07
3.178727865815744735e-06
1.604693243280053139e-03
-1.265566318409128144e-09
-5.805686669191345572e-06
-5.942311531725863460e-07
3.234273055568337440e-03
5.376740009523928165e-04
-5.334658062516872690e-11
3.378964174771681428e-05
2.457817317917943001e-04
1.066675875335931778e-03
6.404058394693379341e-10
1.976284247362514179e-09
1.645771670155227184e-03
2.991683004438527860e-06
9.955356290447525680e-06
-1.097278436645865440e-05
1.559354597702622414e-03
8.436703002878687130e-10
5.009086336940526962e-03
-1.951973915836902052e-09
4.425616262349052477e-10
1.214295392856001854e-03
1.285349950194358826e-03
1.257551840438964064e-09
2.247090014062536056e-10
4.010479024145752192e-04
3.188303526258096099e-05
5.799245991511270404e-05
8.536941095371730626e-06
3.507927758619189262e-03
6.810889317421242595e-06
-9.651938626120681874e-07
1.433018129318952560e-02
2.124928899505107438e-09
2.277350518852472305e-03
-1.761523038545931286e-09
4.609938696376048028e-05
4.375350545160472393e-05
-4.224371519256919782e-09
1.209755195304751396e-03
-2.055435288639273494e-05
-2.267248389031806255e-09
7.800720049999654293e-04
9.357437047441408140e-10
3.060428891330957413e-03
1.055088141583837569e-04
-1.085051917470991611e-04
1.435770303942263126e-03
8.829763828543946147e-05
-1.932519699821000358e-09
1.869673360488377512e-05
-1.956634632094278459e-09
2.633342228364199400e-05
-3.033850362044177018e-06
8.326548894821428348e-10
-5.543516201633735818e-10
6.474292213454191369e-10
1.014451772789470851e-04
5.933744250796735287e-04
4.922994878143072128e-03
8.937725004543040086e-10
-1.810716348700225353e-04
4.323159828345524147e-06
-1.334454102774884632e-09
-2.554292999334961678e-09
2.350579779886174947e-05
3.414646926103159785e-06
-4.896001382093118082e-09
-1.294164540013298392e-04
3.034719265997409821e-03
1.864184858277440071e-03
-1.148434680686705178e-09
3.220983780920505524e-03
7.646697719465578302e-10
9.093594853766262531e-04
2.827310469001531601e-03
-1.840200566221028566e-04
-1.339364841257406624e-09
2.208797811320550863e-09
3.955460124416276813e-05
1.174085336970165372e-04
2.073701284825801849e-02
6.841189836848116101e-10
4.047614493174478412e-05
1.579125598073005676e-02
1.866800269922919142e-09
-2.251115915896662045e-07
5.161058652447536588e-05
3.376008942723274231e-03
-1.274420446861768141e-05
-6.618096071164814020e-10
1.078011628123931587e-04
3.274455666542053223e-03
2.822884998749941587e-04
4.069163333042524755e-05
2.990917513656654592e-10
1.109565883616880910e-09
3.008966566994786263e-03
3.839337732642889023e-03
1.201532995764864609e-06
1.134974172600777820e-05
2.286007605434292600e-09
1.971183155546896160e-05
1.707704970613121986e-03
-1.166382879169702846e-09
1.384979020357945956e-09
-3.376910171937197447e-05
-1.874729704809396935e-09
3.507806919515132904e-03
-3.727715913726115105e-09
-2.195290653617121279e-05
-1.265119342619414056e-09
-1.493811287218704820e-04
1.997060608118772507e-04
4.257418186170980334e-05
4.222909628879278898e-04
1.892057071017916314e-06
1.971006349776871502e-05
5.950545892119407654e-05
2.908407186623662710e-04
4.079445352545008063e-05
-9.698002395452931523e-05
1.281445147469639778e-04
-2.783013819396273902e-09
8.856181921146344393e-06
6.532011902891099453e-04
-2.685888400577596258e-09
1.904495366034097970e-05
-6.413647206500172615e-04
1.718326925193025545e-09
-2.465227407810743898e-05
5.907620768994092941e-03
2.471943389537045732e-06
8.801744115771725774e-06
2.461771946400403976e-04
2.004816979095380702e-09
-4.537785258662552224e-09
5.069349426776170731e-03
1.192719646496698260e-04
6.189291365444660187e-03
4.497663667279994115e-06
-1.285306527876173277e-09
1.074832165613770485e-03
1.134597624186106657e-10
-7.199214451247826219e-05
2.851494064088910818e-04
-1.816347960925668303e-09
-2.726185812207404524e-05
2.653339652169961482e-05
-6.781573029002174735e-05
-3.977193846367299557e-04
1.700141001492738724e-05
3.220802173018455505e-03
1.737844315357506275e-03
2.434272551909089088e-03
2.475452143698930740e-03
-4.834038845729082823e-04
7.587857544422149658e-05
-3.854672137038051005e-09
-1.362124021397903562e-04
1.228849214385263622e-06
1.603187721466170501e-11
7.982578244991600513e-05
-4.014776277472265065e-05
2.429981104796752334e-04
6.240285438252612948e-05
-2.403923572273924947e-04
2.116713003488257527e-04
8.331214051970903256e-10
1.338262882200069726e-05
-6.685742391709936783e-06
7.278093136847019196e-03
6.907873321324586868e-04
5.728352903133782092e-07
-2.531316489751134213e-09
-1.847363164415583014e-04
-6.192577711772173643e-05
2.638071076944470406e-03
2.381068043177947402e-05
5.773546872660517693e-04
-4.750628779248700084e-10
5.357122863642871380e-04
4.161856970164024005e-10
-5.306978127919137478e-04
1.343354815617203712e-03
-1.100933150155469775e-05
-1.369773294790377349e-09
-2.097380491505873579e-09
3.261374513385817409e-05
4.883803776465356350e-04
5.942095231148414314e-05
1.381344918627291918e-05
1.043260363076115027e-05
-1.665127369321339756e-09
-3.539944009389728308e-05
6.384996813721954823e-04
3.472403267701373863e-11
-2.071767646327771217e-09
-1.686669406808505300e-06
4.259292036294937134e-03
-7.960617076605558395e-04
2.905038309108931571e-05
7.052825298160314560e-03
2.697502495720982552e-03
-1.591681120238774838e-09
1.019083149731159210e-02
6.052289390936493874e-04
2.196721034124493599e-03
7.130024605430662632e-04
-3.440671425778418779e-04
-1.591920008650049567e-04
1.668255892582237720e-03
9.452513186261057854e-04
5.564910243265330791e-04
6.206447724252939224e-04
3.939406946301460266e-03
3.772857307922095060e-04
9.507194044999778271e-04
-3.087700317649932913e-09
9.813370525080244988e-06
1.917627612257888359e-09
9.691070881672203541e-04
2.347608996089434186e-09
-1.578488673104061490e-09
7.876143790781497955e-03
9.710706217447295785e-05
4.645747249014675617e-04
2.419312295387499034e-06
1.912734820507466793e-03
4.565941402745465894e-09
2.080473349153066920e-09
-2.430194101510352311e-10
5.758606363087892532e-03
3.601800417527556419e-04
-5.216891877353191376e-03
6.225773540791124105e-05
-8.163687503781602572e-10
8.123872801661491394e-03
9.809698894969187677e-06
8.696255390532314777e-04
1.790231792256236076e-03
7.077114787534810603e-06
1.698444248177111149e-05
-2.643386665113212075e-07
6.989205139689147472e-04
-1.317441267190133658e-09
-1.346331712781534407e-09
-1.266539984001724406e-09
2.628836547955870628e-03
2.676260102418837050e-09
-6.865166506031528115e-05
5.027033388614654541e-03
2.926690794993191957e-04
9.041793964570388198e-05
1.307025013375096023e-05
-3.506336497594020329e-06
1.789522648323327303e-04
-2.796857734210789204e-05
1.230773594151912675e-09
3.251091584388632327e-06
3.902367825503461063e-05
-1.665373747528064996e-05
4.559278488159179688e-03
3.956682048738002777e-03
4.955902229994535446e-03
1.487278961576521397e-03
-8.912110351957380772e-04
6.557370215887203813e-05
2.958128752652555704e-04
5.851365858688950539e-05
1.920871582115069032e-04
1.743323635309934616e-03
1.017863862216472626e-02
2.984963794006034732e-05
9.112589992582798004e-03
-8.548456942314430762e-10
-1.703263114904984832e-04
7.600866258144378662e-03
-8.174164349838974886e-07
1.072681610203574110e-09
6.074446719139814377e-05
1.768338669938529506e-10
1.252409629523754120e-02
7.354801255132770166e-06
2.048809801635798067e-05
2.308084958713152446e-06
5.976499437565507833e-07
1.141148286976090276e-09
3.153081052005290985e-04
1.515680914110362210e-09
3.492955875117331743e-05
3.814421278836022111e-10
6.450859946198761463e-04
-1.915792963700369000e-04
2.050981190437894952e-10
-1.463105945731513202e-05
-4.775492925546132028e-05
-8.841886301524937153e-05
1.041885525410179980e-06
2.701843368413392454e-05
-4.379024176159873605e-05
-1.357494894271837893e-09
-9.966917291492904951e-10
-1.677624532021582127e-04
-5.931641844370005856e-10
1.024549637804739177e-04
-8.961427374742925167e-05
1.109678016142368051e-09
3.750614929742823733e-09
4.524528412730433047e-05
-5.999269969692022642e-10
9.714980260469019413e-04
8.681604638695716858e-03
7.304513128474354744e-04
1.809010514989495277e-03
-3.892747457712175674e-09
-2.927209379777195863e-06
-2.090299600077116793e-10
7.858460776333231479e-06
-4.501476524865211104e-09
5.264846840873360634e-04
-2.013182287541326332e-09
7.519349587425949721e-10
-9.980540198739618063e-07
2.725695016914109203e-11
5.461227192427031696e-05
2.212690748274326324e-02
1.809658861020579934e-04
1.171612646430730820e-03
1.374848885461688042e-03
3.528301704136538319e-06
3.775766163016669452e-05
1.771502752490050625e-06
-2.564567724849808883e-10
-2.456101901771035045e-05
4.030239506391808391e-05
7.243566215038299561e-04
-9.203928175161024683e-10
-2.228270896011963487e-04
-1.260684667769851330e-09
-1.904667090713019206e-09
-3.340486331993020030e-09
-1.354959477950501423e-09
1.709550588202546351e-06
-1.335044216830283403e-04
9.384911390952765942e-04
5.334728397428989410e-03
-6.118224700912833214e-05
6.384075386449694633e-04
2.333471784368157387e-04
2.445817925035953522e-03
-4.433227118738614081e-09
2.858340167222195305e-06
9.285747073590755463e-03
5.051930565969087183e-05
2.062611929432023317e-05
1.000070803947039622e-09
-1.828810127335600555e-05
-1.563579821173277651e-09
6.001599103910848498e-05
-1.593974593561142683e-04
-7.935340545373037457e-05
1.819298631744459271e-04
6.024527465342544019e-05
-7.803696022712358626e-10
9.328135289251804352e-03
1.006782804324757308e-05
-3.909704504589939233e-10
2.356813056394457817e-04
9.949263185262680054e-04
8.846704076859168708e-06
5.490550771355628967e-03
1.238438471773406491e-05
-1.678263639171007071e-09
6.720185410813428462e-06
1.779601880116388202e-04
-2.212922254329896532e-06
-2.698326716199517250e-05
-2.394096587643446128e-10
-1.698479536571539938e-05
2.858224615920335054e-04
1.019032151816645637e-05
-6.967913213884457946e-05
-2.467489323976224114e-09
-1.865830381575506181e-05
1.783161610364913940e-02
1.922804804266320389e-09
1.029209233820438385e-03
2.211084356531500816e-03
2.944800769910216331e-03
2.892109660024289042e-05
-3.425038030968607927e-09
1.908223794089281000e-06
-2.100994606735184789e-05
1.464482920709997416e-04
1.980837667360901833e-03
-2.979556157356455515e-09
1.257466192328138277e-05
6.284470873652026057e-05
1.952035963768139482e-04
-2.271202781400916137e-09
1.508274290245026350e-04
1.222539069978267889e-09
-4.627500160836461873e-09
5.166719201952219009e-03
2.611234085634350777e-03
2.045620232820510864e-03
2.768314734566956758e-04
1.306468155235052109e-03
3.888600622303783894e-05
7.202029810287058353e-04
-9.897064592223614454e-05
-5.025829523219726980e-05
1.696860976517200470e-02
6.910467636771500111e-04
2.203552518039941788e-03
-7.225905392260756344e-06
9.159123874269425869e-05
8.606585324741899967e-04
1.888313272502273321e-04
1.568234847537652854e-10
-5.183341636438854039e-05
9.154422775381476640e-10
-2.013528899169614306e-09
3.234223695471882820e-04
-8.817733210264577792e-10
1.880263056364128715e-09
7.446641636654760532e-10
-5.532214709091931581e-05
1.813955896068364382e-04
7.509191636927425861e-04
1.482925843447446823e-03
-4.859289401792921126e-05
-1.989886033726406822e-09
-4.159285804661294605e-09
-4.708424385171383619e-04
-1.629142043491071945e-09
3.083480754867196083e-03
4.528349362153960556e-10
-1.375969449490810348e-09
7.266320288181304932e-03
-7.636710961378412321e-07
6.693000614177435637e-05
-5.265619620331563056e-05
2.523699095036135986e-06
2.552519435994327068e-04
4.052791609865380451e-06
3.838678821921348572e-05
9.795884834602475166e-04
2.038038182661239262e-09
1.218460693053202704e-05
8.122693747282028198e-03
3.868296334985643625e-04
3.542492049746215343e-05
-6.846271327631825443e-10
1.869761763373389840e-05
3.738729865290224552e-04
2.347475547281874242e-09
-6.960131915256795310e-10
-4.883419819634582382e-07
1.107065963878994808e-05
-1.468337131882435642e-06
-5.003864878005970240e-09
-4.176733625627093716e-09
9.909104647931599175e-10
3.216933663896526241e-10
2.299619663972407579e-04
2.117054304108023643e-03
-2.891104688984569293e-09
3.358913090778514743e-05
2.746979043877217919e-05
-1.393511861458307521e-09
2.741348871495574713e-04
1.845466438680887222e-03
-2.575815888121724129e-04
2.522693466744385660e-05
2.376105157964047976e-06
2.829150995239615440e-03
4.431328270584344864e-03
1.209834517794661224e-04
6.927899550646543503e-03
7.295575778698548675e-05
5.284670987748540938e-05
-2.731937120969973876e-09
3.249422879889607430e-03
2.574859245214611292e-04
3.623784868977963924e-05
4.768055805470794439e-05
-1.808339438866823912e-04
1.473392796658146153e-10
-2.917809251812286675e-05
-6.532719999086111784e-05
-5.679141759173944592e-05
-1.672711368883028626e-05
2.757952082902193069e-03
3.805615007877349854e-03
-2.860572667628957788e-09
1.242843281943351030e-04
1.014890393946643599e-09
9.019050048664212227e-05
4.038260318338871002e-03
1.292819342779694125e-05
-4.432721745217804710e-09
1.527677095936041951e-09
-6.793739157728850842e-05
3.074554777438009978e-10
-1.436285128875169903e-05
1.883634133264422417e-03
-1.791929715722062610e-09
5.398315806814935058e-06
-1.031483407132327557e-05
6.105950160417705774e-05
1.640086557017639279e-04
9.032102301716804504e-03
-1.350977399852126837e-04
5.899472744204103947e-04
-7.857576065362081863e-07
-9.242761007044464350e-05
5.831484450027346611e-04
4.126469832499424228e-09
2.346993569517508149e-04
5.074375774711370468e-03
6.463897443609312177e-05
1.948204514379270336e-10
1.679152017459273338e-03
-4.884496807022742360e-09
1.967886298359644570e-09
1.366435782983899117e-03
1.166827132692560554e-04
2.899671671912074089e-03
2.677485463209450245e-05
3.028050032938267577e-10
4.010281190858222544e-05
6.665504770353436470e-05
-1.049772708938689902e-05
1.574312482262030244e-04
5.048933904618024826e-03
5.557249765843153000e-03
-2.358511119382455945e-05
1.185676556936243742e-09
-8.412164298476909607e-10
8.381688530789688230e-06
5.350738763809204102e-03
5.247721128398552537e-05
1.293513225391507149e-03
1.104775723069906235e-02
5.046544247306883335e-04
2.402652171440422535e-05
-2.286543121954309754e-06
2.223266710643656552e-05
-6.228065467439591885e-05
5.196490019443444908e-05
5.306005477905273438e-04
8.980090342447510920e-07
-8.082110980467405170e-06
1.026715926855104044e-05
1.638696448935661465e-05
3.610571841505816337e-09
-1.100195601289044589e-09
-1.221195145006959137e-09
1.289254141738638282e-04
1.611730665899813175e-03
5.138343549333512783e-04
-2.397821941002575841e-09
-3.562379280452887542e-09
2.172537278966046870e-05
-6.609185421169172514e-10
-1.107932190436144992e-09
1.820603898750050575e-07
9.829919785261154175e-03
1.205231528729200363e-03
-3.234212453406826171e-09
2.724891062825918198e-03
1.076906301022972912e-05
5.651000901707448065e-05
-1.883917661871237215e-06
2.499499358236789703e-03
2.426284481771290302e-04
-2.135909426215221174e-06
4.250813217367976904e-04
-2.225561575308621087e-11
4.843699571210891008e-04
2.756766043603420258e-03
5.434666672954335809e-05
1.784872805110637728e-10
4.347848240286111832e-03
-4.480707804788153226e-09
5.619795992970466614e-04
8.314626757055521011e-04
-1.437021637684665620e-05
1.959528215229511261e-02
-3.346931407577358186e-06
-2.778761700028553605e-05
-5.176414560992270708e-06
3.456436679698526859e-04
1.189352406072430313e-04
-7.593740081190958335e-10
8.181252516806125641e-03
2.465035533532500267e-03
1.602738734618469607e-06
-4.870039926885283421e-10
9.577718563377857208e-03
1.802811585366725922e-02
8.970299677457660437e-05
-1.494289563197526149e-06
1.026595709845423698e-03
2.126916420763791393e-09
-2.774701579610905355e-09
1.084202376659959555e-04
4.407276865094900131e-03
3.352740022819489241e-04
-3.723729935511954636e-10
-5.494492083535362781e-10
1.032074913382530212e-02
1.901423791423439980e-03
9.199051419273018837e-05
-2.133488305844366550e-05
-7.157151412684470415e-05
5.635721608996391296e-03
4.930100840283557773e-05
-3.213654781575314701e-05
4.884574536845320836e-06
-1.565354032209143043e-04
-1.295017759694871984e-09
-1.505195967865802231e-09
-3.109963397918136252e-09
1.896979520097374916e-03
2.212288745795376599e-05
1.196591998450458050e-03
1.820703595876693726e-02
1.969725824892520905e-03
-1.401269400957971811e-05
3.237077050854964000e-09
4.608161980286240578e-04
2.360323444008827209e-03
1.486778492107987404e-03
-3.821504360530525446e-04
3.648221900220960379e-04
9.839081371865177061e-08
1.166272792033851147e-03
-1.560617056384216994e-05
-9.755083738127723336e-06
2.242442918941378593e-03
-1.445262569177430123e-06
2.070877962978556752e-05
1.181423082016408443e-03
5.154318985511885387e-11
-2.304060035385191441e-04
9.922000572260003537e-06
-2.786062935911104432e-09
5.950146005488932133e-04
2.856250619515776634e-03
-2.474561222598481436e-09
9.118958259932696819e-04
2.513757181077380665e-06
-1.825626532081514597e-04
-5.150577742085715727e-10
5.382783456298056990e-06
8.764998710830695927e-06
-4.607850490057074921e-10
1.951877959072589874e-03
1.187901489174691960e-06
1.817815791582688689e-04
5.498486999044871482e-09
6.021941278966380651e-10
2.271029364564469688e-09
-9.319780474470462650e-06
-2.654584568517748266e-05
-3.931528436140752092e-09
7.825738945754778797e-10
1.472546244940531324e-07
-5.379439680837094784e-04
7.284021990017208736e-07
1.790974806681333575e-06
6.628916707995813340e-06
7.241124921897323929e-10
6.497178692370653152e-03
-1.987637078855186701e-04
-2.796971335095044253e-11
9.368726023240014911e-05
1.975721352209802717e-05
-5.717995009035803378e-06
-1.425014197593554854e-04
4.464381364588376755e-10
-3.709647922178760382e-09
3.478900180198252201e-04
-4.482877193368040025e-05
2.464272563784675185e-09
4.520068250712938607e-05
1.769260503351688385e-03
2.098857657983899117e-04
-5.250280446489341557e-05
-2.157854561701810781e-09
1.362607138233329351e-09
6.988881505094468594e-04
2.449053909003851004e-06
-6.459380252898938579e-10
1.073622144758701324e-03
2.516139938961714506e-04
9.916417184285819530e-05
1.701370599960227992e-09
-5.673800096417380701e-09
-2.365919499425217509e-06
9.392941137775778770e-04
6.917929742485284805e-03
5.093921208754181862e-04
2.491121813363861293e-05
1.741845859214663506e-03
1.240870170295238495e-02
1.720205000310670584e-05
-2.296937751111727266e-09
-2.108227814545671208e-09
-5.744432564824819565e-05
1.300633982737053884e-07
7.739379652775824070e-04
3.030108564416877925e-05
-5.590622313320636749e-04
-1.839531416081285897e-09
1.361068710684776306e-02
1.404788618764030161e-09
1.658977358601987362e-03
-5.567326752498047426e-06
2.393379494591840739e-09
-5.844861880177631974e-05
-1.962980422831606120e-05
8.548508631065487862e-04
1.429439180355984718e-05
7.721930160187184811e-06
-3.694594170156051405e-06
-7.867386011639609933e-05
5.847993306815624237e-04
-3.638191265054047108e-04
-5.181719497926451368e-10
-2.358774731092694310e-09
1.179562322795391083e-02
1.592409535078331828e-04
1.234219293110072613e-03
-4.247755896358285099e-06
-1.662638915433944931e-09
5.618772120214998722e-04
-1.816131467435866398e-09
-1.424817037332104519e-05
3.621032519731670618e-04
1.978305081138387322e-04
-8.220448211027076013e-10
-1.014659245512916641e-09
2.043727853617838264e-09
4.951460869051516056e-04
-1.838182384084063870e-09
4.254783969372510910e-03
-3.620110510382801294e-05
3.245618718210607767e-04
2.402461340977879445e-09
2.091400347126182169e-05
1.601055846549570560e-04
-2.787529956549406052e-05
1.049406364472815767e-05
-1.534617877041455358e-05
-4.913012162433005869e-06
4.906957969069480896e-03
5.062731797806918621e-04
5.223196349106729031e-04
5.547035019844770432e-03
4.701213911175727844e-04
1.561094308272004128e-03
8.379232138395309448e-03
3.568615531548857689e-03
2.400750108063220978e-02
7.101247552782297134e-03
2.070809159704367630e-06
1.194737502373754978e-03
3.945120170101290569e-06
-1.158495251729618758e-05
9.037755266394498221e-11
-4.796275598906163395e-10
2.307531889528036118e-03
-1.684354322684100680e-09
-9.457704436499625444e-06
3.324046815578185488e-09
6.479577161371707916e-03
5.694817395429652152e-10
4.553178790956735611e-03
7.199677202152088284e-05
1.149666495621204376e-03
1.580004900461062789e-04
5.612804670818150043e-04
2.786914365060511045e-06
-1.740775587677489966e-05
4.829833284020423889e-03
2.396393711023847573e-06
1.127442828874336556e-05
9.514639154076576233e-03
3.957813987653935328e-06
1.189940667245537043e-04
1.351635786704719067e-03
1.492275041528046131e-03
6.694269359286408871e-06
6.987106644373852760e-06
5.750625405198661610e-06
-8.760426680964883417e-06
-9.696050256025046110e-05
-1.138026117786239411e-09
1.935748296091333032e-04
4.230261401971802115e-05
2.239728541519880878e-10
1.204202635562978685e-05
1.491264334241293454e-09
-1.670142228249460459e-05
8.041753062570933253e-06
-3.317651431355983505e-10
-8.561203139834105968e-05
8.053617420955561101e-06
5.159616121090948582e-04
-9.488046998740173876e-06
9.598037227988243103e-03
1.392737036809421625e-09
2.560174616519361734e-04
6.297120125964283943e-05
1.128562451824244306e-10
-2.275323041089905018e-09
-2.082268911181017756e-04
1.839650794863700867e-03
1.307506900047883391e-04
1.399435475468635559e-02
-1.680331479292362928e-05
-2.125371059702452214e-11
1.453187142033129930e-04
4.935091002522540293e-09
-3.279116353951394558e-04
1.113158930093050003e-02
4.775865469127893448e-03
6.475041154772043228e-04
1.310287771048024297e-04
4.370219074189662933e-03
4.060016767226670709e-10
-2.486209086782764643e-05
5.183201210456900299e-05
2.602888571345829405e-06
1.962362090125679970e-03
-3.555067795701916111e-09
3.667451965156942606e-04
1.241299323737621307e-02
-1.938873538165353239e-05
1.785274980647955090e-05
1.649824277194511524e-09
7.017315201141016701e-11
-9.072460670722648501e-06
-2.100598139875842207e-09
1.749421607577517079e-09
1.594286813677570080e-09
-5.319017218425869942e-04
3.037352813407778740e-03
-1.422917561555436805e-09
1.047200657922076061e-05
3.329926403239369392e-04
6.954328273423016071e-05
-5.384772627792244748e-10
6.592489332213347097e-10
4.249842095305211842e-05
-8.535959068467491306e-07
2.200805056418175809e-06
1.176235079765319824e-02
9.472316014580428600e-05
3.374661218913388439e-06
1.831236440921202302e-04
1.696217106655240059e-03
1.805042615160346031e-03
1.729637127967365018e-10
1.195605006068944931e-02
-4.186815349385142326e-04
-1.320822340389327110e-09
-3.170949947062240426e-09
5.746824899688363075e-05
5.106939170218538493e-06
-4.117861607255690615e-09
2.505148131604073569e-06
1.408686657669022679e-04
-3.917123831342905760e-05
3.005108919751364738e-05
-1.650415137888217032e-09
1.602184829252450982e-09
1.046841382049024105e-03
-2.155504885692494099e-09
1.688877865672111511e-02
-1.307987349719041958e-05
2.539863718648005531e-12
6.338785897241905332e-05
-1.786304770767799255e-09
-1.663858634204373743e-10
2.628788076108889982e-09
-1.433653085136654681e-09
-4.821489255846245214e-06
-5.136275285622105002e-05
-1.204632571898400784e-04
2.381511932103563822e-10
-9.202475484926253557e-05
-1.167525409684344595e-09
-1.491557050030678511e-04
1.068005417437234428e-07
1.298646791838109493e-03
3.904403129126876593e-04
3.290132735855877399e-04
-1.999466592295107148e-09
-2.255939762108027935e-05
7.318041173043354775e-10
-4.648784690530760599e-10
-9.905336810334119946e-06
4.630111216101795435e-04
5.484866051119752228e-06
8.855266496539115906e-03
7.773726247251033783e-05
-2.041984407696872950e-05
6.575368843186879531e-06
-4.026623230402037734e-07
1.103075119317509234e-04
1.604180433787405491e-04
1.105238334275782108e-05
7.460207212716341019e-03
3.477439122434589081e-06
3.420329012442380190e-04
1.036822627753508641e-09
-2.155300604655963070e-09
-2.066711022052913904e-05
2.915724879130721092e-03
-1.826772177082602866e-06
9.963403135770931840e-05
2.826084848493337631e-03
1.127977157011628151e-03
-3.941377144656144083e-06
3.031740779988467693e-04
-4.933679687013636794e-09
-2.225624302809592336e-05
4.034055034463079892e-11
-1.369599485769867897e-04
4.744206555187702179e-03
-7.980400340557025629e-09
-3.041664475844640947e-09
1.472677831770852208e-05
-2.280525513924658298e-04
-2.517259289902540331e-09
3.681863890960812569e-04
9.729414159664884210e-05
-1.612789346516763089e-09
1.427227817475795746e-02
5.399363581091165543e-04
-6.629627023357897997e-05
3.799467231146991253e-04
4.138686053920537233e-04
1.129709926317445934e-05
1.907999536143734076e-09
-2.151468106603715569e-05
-3.044217322667464032e-09
6.778601673431694508e-04
2.922260900959372520e-04
3.643407580966595560e-06
6.563808385706693116e-10
1.049935138830448977e-10
-6.206683451637218241e-07
1.021691509173194845e-09
4.393714003736448603e-10
-1.673982660577166826e-05
2.946320273622404784e-05
2.080561278816617232e-10
-3.971773548983037472e-05
1.662023407789092744e-09
-6.467434365831081777e-10
-2.947808386277728232e-10
-5.844766004514667657e-09
1.659099070820957422e-04
-1.614754637557780370e-06
6.184337195008993149e-03
4.267941733360203216e-07
4.883639514446258545e-03
-9.739469533087685704e-07
1.588482456682527300e-09
1.359899748365478445e-09
1.449208502890542150e-04
-4.339721999713219702e-05
-1.850885000820312598e-09
-3.028182545676827431e-04
-3.396738065930549055e-06
-2.223647044274912332e-09
4.176374350208789110e-04
6.286973803071305156e-05
-1.592668268131092191e-04
-2.340064142458686547e-09
4.215777504867901371e-09
-5.592921661445870996e-05
2.906462668761378154e-06
1.785858767107129097e-03
1.409259675710927695e-05
-8.878411894563953410e-10
8.752479296880721904e-10
1.487955980650212950e-09
-9.652429966422459984e-10
2.486471385054755956e-05
-4.288114723749458790e-04
-4.817342080798425741e-09
-1.985376438824459910e-04
-3.002665449614028148e-09
