2.394289076328277588e-01
1.899038553237915039e-01
1.804078072309494019e-01
1.346721798181533813e-01
1.122146546840667725e-01
1.489393115043640137e-01
2.885712385177612305e-01
3.602447733283042908e-02
1.073871403932571411e-01
1.640539020299911499e-01
3.846383467316627502e-02
5.856595933437347412e-02
4.248772263526916504e-01
2.887468039989471436e-01
1.307350397109985352e-01
2.911311388015747070e-01
3.201684653759002686e-01
1.596341282129287720e-01
2.016369998455047607e-01
9.321285784244537354e-02
2.088384330272674561e-01
2.249950468540191650e-01
3.962951302528381348e-01
4.225203096866607666e-01
1.414023935794830322e-01
4.770286083221435547e-01
4.558523297309875488e-01
1.843206584453582764e-01
1.123795062303543091e-01
1.371256560087203979e-01
4.719772934913635254e-01
2.622082233428955078e-01
1.054320707917213440e-01
2.111032456159591675e-01
2.626020610332489014e-01
3.770234584808349609e-01
9.917778521776199341e-02
8.788917213678359985e-02
1.650038063526153564e-01
1.641278415918350220e-01
2.162488400936126709e-01
2.087827175855636597e-01
1.814170032739639282e-01
3.655080795288085938e-01
3.933249115943908691e-01
8.453385233879089355e-01
2.962310314178466797e-01
3.338494896888732910e-01
7.287214994430541992e-01
1.089534610509872437e-01
2.196416854858398438e-01
4.540876150131225586e-01
1.675737947225570679e-01
5.044760927557945251e-02
1.009293347597122192e-01
2.349261045455932617e-01
1.675919443368911743e-01
1.932766437530517578e-01
2.182092517614364624e-01
1.014458760619163513e-01
2.335504740476608276e-01
4.965202808380126953e-01
2.498636096715927124e-01
4.292824566364288330e-01
1.310025334358215332e+00
5.139936208724975586e-01
1.641020327806472778e-01
1.928706020116806030e-01
3.282158374786376953e-01
3.845708370208740234e-01
7.055112123489379883e-01
1.722261905670166016e-01
3.470243215560913086e-01
3.041948080062866211e-01
1.618921607732772827e-01
3.807535767555236816e-01
5.208633467555046082e-02
2.755082845687866211e-01
2.370981127023696899e-01
1.851161718368530273e-01
2.580073773860931396e-01
1.496617943048477173e-01
5.572081804275512695e-01
3.679337799549102783e-01
1.460544317960739136e-01
1.133956387639045715e-01
2.563680708408355713e-01
1.574603915214538574e-01
2.891657352447509766e-01
1.939757317304611206e-01
5.174883008003234863e-01
1.326396018266677856e-01
9.832050800323486328e-01
9.689366072416305542e-02
1.244609281420707703e-01
8.019147068262100220e-02
5.250813066959381104e-02
4.685115218162536621e-01
1.017100438475608826e-01
1.630119979381561279e-01
1.949642598628997803e-01
1.280244737863540649e-01
2.515976428985595703e-01
1.440228074789047241e-01
1.700459569692611694e-01
1.965686231851577759e-01
2.026371359825134277e-01
3.312542438507080078e-01
2.452086359262466431e-01
2.710296809673309326e-01
8.615759760141372681e-02
8.123718947172164917e-02
2.949074469506740570e-02
1.669240742921829224e-01
1.762806922197341919e-01
9.729804843664169312e-02
1.526123285293579102e-01
2.599882781505584717e-01
2.469485551118850708e-01
3.488627076148986816e-01
1.854027807712554932e-01
3.122972249984741211e-01
1.552882939577102661e-01
3.530157506465911865e-01
3.479246795177459717e-01
2.358993589878082275e-01
3.024923428893089294e-02
2.080835551023483276e-01
1.931912004947662354e-01
2.550758123397827148e-01
1.081445440649986267e-01
8.222728222608566284e-02
7.613334059715270996e-02
5.012993216514587402e-01
1.134314760565757751e-01
1.423357576131820679e-01
4.703949093818664551e-01
1.205450072884559631e-01
7.629112899303436279e-02
2.619047462940216064e-01
1.229698061943054199e-01
2.219742536544799805e-01
8.104587346315383911e-02
1.827267706394195557e-01
1.199865490198135376e-01
4.271988868713378906e-01
1.430394798517227173e-01
4.829968139529228210e-02
2.057647705078125000e-01
1.056169271469116211e+00
2.813663482666015625e-01
5.922167301177978516e-01
1.452964097261428833e-01
9.864994883537292480e-02
6.812801212072372437e-02
1.429879516363143921e-01
2.587423622608184814e-01
1.155188679695129395e-01
1.594917178153991699e-01
3.021709918975830078e-01
1.943968981504440308e-01
6.205724477767944336e-01
1.712849438190460205e-01
1.146533638238906860e-01
5.348170399665832520e-01
2.393957823514938354e-01
4.366857409477233887e-01
2.926795780658721924e-01
2.034559845924377441e-01
1.114386320114135742e-01
1.507373452186584473e-01
4.760397672653198242e-01
1.650256067514419556e-01
6.820109486579895020e-02
1.660205572843551636e-01
1.365696638822555542e-01
1.092213615775108337e-01
3.110355436801910400e-01
6.013693213462829590e-01
1.481338739395141602e-01
1.053982824087142944e-01
2.055854201316833496e-01
5.151369422674179077e-02
2.479602843523025513e-01
1.101690754294395447e-01
9.131678193807601929e-02
8.704865723848342896e-02
1.909935772418975830e-01
3.274855017662048340e-01
1.990614533424377441e-01
3.415736854076385498e-01
1.275924891233444214e-01
9.082693606615066528e-02
3.252051174640655518e-01
1.809303015470504761e-01
4.241954162716865540e-02
7.089968919754028320e-01
1.713128238916397095e-01
2.053768932819366455e-01
6.446691155433654785e-01
1.756197363138198853e-01
1.597573012113571167e-01
2.763175964355468750e-01
1.648456007242202759e-01
2.120080739259719849e-01
2.338710576295852661e-01
1.143626123666763306e-01
4.813262224197387695e-01
1.326385438442230225e-01
2.585492432117462158e-01
3.714541718363761902e-02
1.412713825702667236e-01
5.647119283676147461e-01
2.089882045984268188e-01
3.899387419223785400e-01
1.528532207012176514e-01
1.563247293233871460e-01
1.827421635389328003e-01
1.645580977201461792e-01
1.185262501239776611e-01
1.232330277562141418e-01
1.160800829529762268e-01
3.726735115051269531e-01
2.115509510040283203e-01
3.763982057571411133e-01
2.094490379095077515e-01
5.753611922264099121e-01
1.582784652709960938e-01
1.839473843574523926e-01
3.937307000160217285e-01
2.132959812879562378e-01
3.062871694564819336e-01
1.469256281852722168e-01
2.255594581365585327e-01
1.321408450603485107e-01
2.377377450466156006e-01
1.878284066915512085e-01
5.174852535128593445e-02
2.848272025585174561e-01
2.775888741016387939e-01
1.493063867092132568e-01
3.074186742305755615e-01
3.381323814392089844e-01
3.631014823913574219e-01
5.485343337059020996e-01
2.697890996932983398e-01
1.954727172851562500e-01
1.251322925090789795e-01
2.248647212982177734e-01
2.781785726547241211e-01
5.916089192032814026e-02
1.197801083326339722e-01
2.725383341312408447e-01
2.846406102180480957e-01
2.856469154357910156e-01
5.669553875923156738e-01
2.774773836135864258e-01
6.882648169994354248e-02
1.324222087860107422e-01
2.429351359605789185e-01
1.566373258829116821e-01
2.353442907333374023e-01
1.762263178825378418e-01
3.473787307739257812e-01
1.170382425189018250e-01
1.879609525203704834e-01
2.815063297748565674e-01
4.172380566596984863e-01
2.292100489139556885e-01
1.635670214891433716e-01
3.701353967189788818e-01
3.063741624355316162e-01
1.586468517780303955e-01
2.054500281810760498e-01
1.806711107492446899e-01
1.195007488131523132e-01
7.394246011972427368e-02
3.085003793239593506e-01
8.978268504142761230e-02
1.035775318741798401e-01
4.334204196929931641e-01
2.116631716489791870e-01
2.729822099208831787e-01
3.068107366561889648e-01
1.220023483037948608e-01
1.937076598405838013e-01
1.914222240447998047e-01
1.157764792442321777e-01
1.758233010768890381e-01
2.428305447101593018e-01
9.880211949348449707e-02
7.686664164066314697e-02
1.499116569757461548e-01
2.713381052017211914e-01
3.618335723876953125e-01
1.827813386917114258e-01
1.443957835435867310e-01
1.258810609579086304e-01
2.117002010345458984e-01
5.492899939417839050e-02
1.835245490074157715e-01
1.798675805330276489e-01
2.727615535259246826e-01
2.100445628166198730e-01
1.048460677266120911e-01
7.433196157217025757e-02
4.785488545894622803e-01
4.073881208896636963e-01
1.263418793678283691e-01
2.051694691181182861e-01
7.628378272056579590e-02
1.229593753814697266e-01
6.213950738310813904e-02
4.686480462551116943e-01
3.525369465351104736e-01
2.176427096128463745e-01
3.830261528491973877e-01
1.319723427295684814e-01
9.870108217000961304e-02
3.217939436435699463e-01
3.450972139835357666e-01
1.761085540056228638e-01
2.772806584835052490e-01
4.072781801223754883e-01
4.960228502750396729e-01
3.792798221111297607e-01
2.914248704910278320e-01
1.135190501809120178e-01
1.318097561597824097e-01
2.458150237798690796e-01
2.085397541522979736e-01
4.378882050514221191e-01
1.264452338218688965e-01
1.115925759077072144e-01
6.663745641708374023e-02
2.574627697467803955e-01
1.297672539949417114e-01
9.861212223768234253e-02
1.877080351114273071e-01
3.046649694442749023e-01
3.293111920356750488e-01
2.083542495965957642e-01
1.112553104758262634e-01
3.576177358627319336e-01
1.575533300638198853e-01
1.861227303743362427e-01
1.574820876121520996e-01
2.349859178066253662e-01
2.791959643363952637e-01
1.544841527938842773e-01
1.637671440839767456e-01
1.318826526403427124e-01
3.431594371795654297e-01
4.161072969436645508e-01
2.078797519207000732e-01
1.155929267406463623e-01
1.747982352972030640e-01
3.633231818675994873e-01
2.157833129167556763e-01
1.274075210094451904e-01
9.073256701231002808e-02
1.086889877915382385e-01
4.684234559535980225e-01
3.243713378906250000e-01
1.591698080301284790e-01
1.618275195360183716e-01
3.435437083244323730e-01
7.948698401451110840e-01
3.137963712215423584e-01
9.431317448616027832e-02
1.863858848810195923e-01
3.279551267623901367e-01
5.653722584247589111e-02
3.309303894639015198e-02
2.747135758399963379e-01
5.495192408561706543e-01
6.429130434989929199e-01
1.485066860914230347e-01
5.694247037172317505e-02
1.302567869424819946e-01
1.103693470358848572e-01
1.536331623792648315e-01
7.393759489059448242e-01
1.347965002059936523e-01
4.808051586151123047e-01
3.128204643726348877e-01
1.321603357791900635e-01
3.573124706745147705e-01
1.229577213525772095e-01
1.485401242971420288e-01
2.254378497600555420e-01
1.773699223995208740e-01
3.006339371204376221e-01
5.386797189712524414e-01
9.752970933914184570e-02
3.205865323543548584e-01
2.445896863937377930e-01
9.347057342529296875e-02
1.569906175136566162e-01
1.168820858001708984e-01
1.566135585308074951e-01
7.405354976654052734e-01
2.223475724458694458e-01
2.898664474487304688e-01
3.562495112419128418e-01
3.809799626469612122e-02
3.798108920454978943e-02
2.313845455646514893e-01
1.966569721698760986e-01
2.604704201221466064e-01
3.172410726547241211e-01
2.320563942193984985e-01
1.117303445935249329e-01
4.040342867374420166e-01
3.878088891506195068e-01
2.573041617870330811e-01
2.303189188241958618e-01
1.783989220857620239e-01
3.319821134209632874e-02
4.966233670711517334e-02
6.502997875213623047e-02
6.159817576408386230e-01
1.852189451456069946e-01
6.561248898506164551e-01
1.346245110034942627e-01
1.627970188856124878e-01
2.015297412872314453e-01
1.098223850131034851e-01
2.010343074798583984e-01
1.416893452405929565e-01
2.723810449242591858e-02
2.334594130516052246e-01
6.258118748664855957e-01
3.751811385154724121e-01
2.153369784355163574e-01
6.528518348932266235e-02
4.064948260784149170e-01
1.374111324548721313e-01
5.795438960194587708e-02
4.459294676780700684e-01
1.414011418819427490e-01
1.484514772891998291e-01
1.318513453006744385e-01
1.116342395544052124e-01
2.821460962295532227e-01
3.331843614578247070e-01
1.231159269809722900e-01
2.711817920207977295e-01
4.531819745898246765e-02
8.495953083038330078e-01
3.707653284072875977e-01
1.223769783973693848e-01
1.264477223157882690e-01
2.897973954677581787e-01
1.751723289489746094e-01
2.809356153011322021e-01
2.792170643806457520e-01
9.960790723562240601e-02
9.544742852449417114e-02
1.309897303581237793e-01
9.869151562452316284e-02
4.669008851051330566e-01
3.385472297668457031e-01
5.699067711830139160e-01
1.542528420686721802e-01
2.030541747808456421e-01
7.581926584243774414e-01
5.341328978538513184e-01
4.149885475635528564e-01
1.473155170679092407e-01
2.413009703159332275e-01
1.739009618759155273e-01
2.869524359703063965e-01
1.337514817714691162e-01
4.940957576036453247e-02
2.628873884677886963e-01
3.577418625354766846e-02
8.287192136049270630e-02
2.142304629087448120e-01
1.650305986404418945e-01
1.320626735687255859e-01
2.808271348476409912e-01
4.841179847717285156e-01
1.409859359264373779e-01
2.082621008157730103e-01
7.289406657218933105e-02
2.674343287944793701e-01
4.380698204040527344e-01
1.491682380437850952e-01
1.959966421127319336e-01
1.374090909957885742e-01
1.188405528664588928e-01
3.571500778198242188e-01
1.452014446258544922e-01
1.051378697156906128e-01
8.468078821897506714e-02
5.751951932907104492e-01
3.999058604240417480e-01
1.285259425640106201e-01
1.274389475584030151e-01
7.102765440940856934e-01
1.121762275695800781e+00
9.798625856637954712e-02
1.957774758338928223e-01
2.329259067773818970e-01
1.603081375360488892e-01
1.829703897237777710e-01
2.018043100833892822e-01
3.519987463951110840e-01
1.042269915342330933e-01
3.510960936546325684e-01
1.426904946565628052e-01
2.307128608226776123e-01
3.334987759590148926e-01
1.544754207134246826e-01
1.940901279449462891e-01
4.715766757726669312e-02
9.158093482255935669e-02
3.541236519813537598e-01
5.431821346282958984e-01
7.796907424926757812e-02
1.751614212989807129e-01
3.877979516983032227e-01
2.040638774633407593e-01
6.265345811843872070e-01
4.252302050590515137e-01
2.913433015346527100e-01
2.222507596015930176e-01
1.008160933852195740e-01
1.840465962886810303e-01
1.208437234163284302e-01
2.086833268404006958e-01
1.222467049956321716e-01
3.220086991786956787e-01
1.400747895240783691e-01
6.292718648910522461e-02
5.852174013853073120e-02
2.849377095699310303e-01
2.933035194873809814e-01
4.585316181182861328e-01
2.296758294105529785e-01
3.868253231048583984e-01
1.985030472278594971e-01
6.361579298973083496e-01
7.929618656635284424e-02
3.485708534717559814e-01
1.674377173185348511e-01
6.104776263236999512e-02
1.896012276411056519e-01
1.521658301353454590e-01
1.827061623334884644e-01
2.302207201719284058e-01
1.206047907471656799e-01
1.113451197743415833e-01
9.491956979036331177e-02
1.666558980941772461e-01
1.228799000382423401e-01
7.520522177219390869e-02
6.865307688713073730e-01
3.737717866897583008e-01
3.378341197967529297e-01
4.506500363349914551e-01
3.845838606357574463e-01
5.096111893653869629e-01
1.115142405033111572e-01
2.238036394119262695e-01
2.109211534261703491e-01
2.956041693687438965e-01
1.785764247179031372e-01
7.985221594572067261e-02
2.487029582262039185e-01
2.448517084121704102e-01
2.600143849849700928e-01
1.995252668857574463e-01
8.275784850120544434e-01
2.024238556623458862e-01
1.105441093444824219e+00
2.559125721454620361e-01
5.533335208892822266e-01
1.675330549478530884e-01
2.315767407417297363e-01
4.136755764484405518e-01
1.603505164384841919e-01
1.548645645380020142e-01
2.496725469827651978e-01
1.532652825117111206e-01
2.435896098613739014e-01
4.371068626642227173e-02
6.093996763229370117e-01
8.836596459150314331e-02
2.544454634189605713e-01
3.172059059143066406e-01
5.310091003775596619e-02
1.810875684022903442e-01
3.896373510360717773e-01
3.272872865200042725e-01
1.584978252649307251e-01
4.386366605758666992e-01
1.026832982897758484e-01
2.548078298568725586e-01
5.728655681014060974e-02
1.212362647056579590e-01
3.258103132247924805e-01
4.514846205711364746e-01
4.566282033920288086e-02
2.430581897497177124e-01
3.259367495775222778e-02
1.438014358282089233e-01
1.558081209659576416e-01
2.603633105754852295e-01
5.945743322372436523e-01
1.187532842159271240e-01
2.431937009096145630e-01
4.029161632061004639e-01
1.680591702461242676e-01
1.028261408209800720e-01
1.970437467098236084e-01
1.725996434688568115e-01
3.773537874221801758e-01
3.949434459209442139e-01
1.193024367094039917e-01
4.853302240371704102e-01
3.706827759742736816e-01
2.061531841754913330e-01
1.488372683525085449e-01
7.085012793540954590e-01
5.640425682067871094e-01
3.488204181194305420e-01
7.011507153511047363e-01
3.265992403030395508e-01
1.645987331867218018e-01
1.357860118150711060e-01
3.177022039890289307e-01
2.033151984214782715e-01
5.152843594551086426e-01
4.639891088008880615e-01
1.680827438831329346e-01
1.537806987762451172e-01
3.013499975204467773e-01
1.347264498472213745e-01
1.288634836673736572e-01
4.095682501792907715e-01
1.450393646955490112e-01
1.049927696585655212e-01
2.025416493415832520e-01
1.908757239580154419e-01
2.270820587873458862e-01
1.052213162183761597e-01
3.540646135807037354e-01
1.127141714096069336e-01
2.081707119941711426e-01
9.150391072034835815e-02
1.536265760660171509e-01
2.649648785591125488e-01
1.001735329627990723e-01
1.560440063476562500e-01
2.970116436481475830e-01
3.483544886112213135e-01
6.549359858036041260e-02
2.721918225288391113e-01
7.094277739524841309e-01
1.602436155080795288e-01
1.365158110857009888e-01
1.103860735893249512e-01
1.795068383216857910e-01
5.887023806571960449e-01
1.622574478387832642e-01
1.505319476127624512e-01
2.742094695568084717e-01
3.185291886329650879e-01
4.598242640495300293e-01
5.385738611221313477e-01
2.214440554380416870e-01
1.629764437675476074e-01
2.895839810371398926e-01
1.106105744838714600e-01
4.224807918071746826e-01
1.507140994071960449e-01
3.643348813056945801e-01
2.044545412063598633e-01
4.059497416019439697e-01
9.508831053972244263e-02
1.128496378660202026e-01
6.984629631042480469e-01
2.810605764389038086e-01
6.504367589950561523e-01
2.267476916313171387e-01
5.744390487670898438e-01
3.859096467494964600e-01
2.064816951751708984e-01
3.064967989921569824e-01
2.104596793651580811e-01
8.386420607566833496e-01
1.672378927469253540e-01
8.647144585847854614e-02
1.024559289216995239e-01
2.097080796957015991e-01
2.653453946113586426e-01
1.868664622306823730e-01
2.482971996068954468e-01
1.307891607284545898e-01
4.642348289489746094e-01
2.983002662658691406e-01
2.536028623580932617e-01
5.440897345542907715e-01
2.318898737430572510e-01
2.330952584743499756e-01
1.747548878192901611e-01
5.515091419219970703e-01
2.979878187179565430e-01
1.296069979667663574e+00
4.734430611133575439e-01
5.942534208297729492e-01
5.359609723091125488e-01
7.533636689186096191e-02
2.651543319225311279e-01
2.273134291172027588e-01
1.431277841329574585e-01
2.974098324775695801e-01
4.155773222446441650e-01
7.959620654582977295e-02
3.862136974930763245e-02
1.184184104204177856e-01
2.283620834350585938e-01
2.764045000076293945e-01
1.227375119924545288e-01
4.523318111896514893e-01
2.107353508472442627e-01
3.890919089317321777e-01
1.114386618137359619e-01
1.573317199945449829e-01
1.878769844770431519e-01
3.130812048912048340e-01
4.838763475418090820e-01
7.794297486543655396e-02
3.145769238471984863e-01
1.452367752790451050e-01
7.273703813552856445e-02
7.738602906465530396e-02
5.934224128723144531e-01
6.865461170673370361e-02
2.421947866678237915e-01
2.575932741165161133e-01
8.657323569059371948e-02
2.827489972114562988e-01
3.304556906223297119e-01
2.694277167320251465e-01
1.806944012641906738e-01
6.133056432008743286e-02
5.533634424209594727e-01
1.949945241212844849e-01
5.774018168449401855e-01
6.755634397268295288e-02
2.958888113498687744e-01
1.551814228296279907e-01
1.925846189260482788e-01
3.531793653964996338e-01
9.030357003211975098e-02
3.663251101970672607e-01
5.298954993486404419e-02
8.063335716724395752e-02
3.175685405731201172e-01
3.879948258399963379e-01
2.218358516693115234e-01
7.804063558578491211e-01
7.708834856748580933e-02
2.680452764034271240e-01
2.242494225502014160e-01
2.607280910015106201e-01
2.141428440809249878e-01
3.090711236000061035e-01
4.645279943943023682e-01
1.577119976282119751e-01
2.153021842241287231e-01
1.385279148817062378e-01
1.713662147521972656e-01
2.107430249452590942e-01
1.042435839772224426e-01
2.056642025709152222e-01
4.188777804374694824e-01
4.108952283859252930e-01
7.653491199016571045e-02
1.148749813437461853e-01
3.098439872264862061e-01
8.365909755229949951e-02
9.741586446762084961e-02
2.522312700748443604e-01
6.749641895294189453e-02
3.281319439411163330e-01
1.412807106971740723e-01
2.161932587623596191e-01
1.968511939048767090e-01
2.600148022174835205e-01
3.502858579158782959e-01
1.789932847023010254e-01
3.770615160465240479e-01
2.188580632209777832e-01
4.112292230129241943e-01
8.371148258447647095e-02
1.447183489799499512e-01
5.945073813199996948e-02
1.393885165452957153e-01
2.223270088434219360e-01
2.486968487501144409e-01
9.177813678979873657e-02
3.612973093986511230e-01
6.741815209388732910e-01
1.119677722454071045e-01
2.300445735454559326e-01
1.458975970745086670e-01
8.773545175790786743e-02
1.733749657869338989e-01
3.929141461849212646e-01
2.954055964946746826e-01
6.374513506889343262e-01
2.410846650600433350e-01
2.160064280033111572e-01
4.952496886253356934e-01
2.132275551557540894e-01
8.670110255479812622e-02
1.979493349790573120e-01
9.578046947717666626e-02
3.604824542999267578e-01
5.792115926742553711e-01
1.551498770713806152e-01
3.240845501422882080e-01
7.641354799270629883e-01
8.154816180467605591e-02
1.606656014919281006e-01
4.022664427757263184e-01
3.895738422870635986e-01
2.304289340972900391e-01
9.685034304857254028e-02
1.503971815109252930e-01
1.705008745193481445e-01
2.845210731029510498e-01
2.418788224458694458e-01
3.649569749832153320e-01
4.605136215686798096e-01
5.170912668108940125e-02
8.071772009134292603e-02
1.423746943473815918e-01
4.679237306118011475e-01
2.556497752666473389e-01
2.220727205276489258e-01
1.490237116813659668e-01
6.792299747467041016e-01
1.906106621026992798e-01
2.245500534772872925e-01
3.765172958374023438e-01
4.879230558872222900e-01
1.091599762439727783e-01
1.261138617992401123e-01
2.084195911884307861e-01
3.474360406398773193e-01
3.824339210987091064e-01
7.730963081121444702e-02
2.096473127603530884e-01
8.414303511381149292e-02
1.551325917243957520e-01
8.141654729843139648e-02
1.290239840745925903e-01
1.855797469615936279e-01
1.471013277769088745e-01
2.352588027715682983e-01
8.430558443069458008e-02
2.675293087959289551e-01
7.027456909418106079e-02
3.009011447429656982e-01
3.578782677650451660e-01
2.379980385303497314e-01
5.174753665924072266e-01
3.887441456317901611e-01
6.343541741371154785e-01
1.434972733259201050e-01
2.259199321269989014e-01
8.991460502147674561e-02
1.047836765646934509e-01
1.805721372365951538e-01
8.625840395689010620e-02
1.717551946640014648e-01
2.735067903995513916e-01
6.096797809004783630e-02
3.852078914642333984e-01
4.418663084506988525e-01
1.832628846168518066e-01
5.524438619613647461e-02
2.931763231754302979e-01
6.532226204872131348e-01
1.914636641740798950e-01
2.281318753957748413e-01
1.039096787571907043e-01
2.805866301059722900e-01
1.667386144399642944e-01
3.346745073795318604e-01
1.379926353693008423e-01
1.478674411773681641e-01
4.322918057441711426e-01
1.555147171020507812e-01
1.641624420881271362e-01
1.680561900138854980e-01
1.619337648153305054e-01
8.213824778795242310e-02
2.516559958457946777e-01
1.536010950803756714e-01
2.335054427385330200e-01
3.164669573307037354e-01
2.109568566083908081e-01
1.614999622106552124e-01
2.067196667194366455e-01
4.592896997928619385e-01
3.425731956958770752e-01
2.437486648559570312e-01
3.040418028831481934e-01
1.000824347138404846e-01
1.429119408130645752e-01
2.415550053119659424e-01
3.192211091518402100e-01
2.834755778312683105e-01
1.566143482923507690e-01
4.222643747925758362e-02
7.841089367866516113e-01
2.162188291549682617e-01
2.525898516178131104e-01
1.034788638353347778e-01
1.364550143480300903e-01
4.733609259128570557e-01
1.924557834863662720e-01
1.340153068304061890e-01
1.845652759075164795e-01
5.534445643424987793e-01
2.737579643726348877e-01
9.839977324008941650e-02
5.401285290718078613e-01
7.241063565015792847e-02
4.805667996406555176e-01
6.954462826251983643e-02
1.853262782096862793e-01
6.191745400428771973e-02
2.486357241868972778e-01
6.478407979011535645e-02
2.104623615741729736e-01
2.667289376258850098e-01
7.060552388429641724e-02
8.902967721223831177e-02
2.241850197315216064e-01
1.199147850275039673e-01
1.699977219104766846e-01
2.968833148479461670e-01
2.517138719558715820e-01
1.151181310415267944e-01
1.056415662169456482e-01
1.212146729230880737e-01
3.156436681747436523e-01
9.724055230617523193e-02
3.362791538238525391e-01
1.961417794227600098e-01
2.278598397970199585e-01
3.157140016555786133e-01
6.279354542493820190e-02
1.391880214214324951e-01
2.935446202754974365e-01
7.564450055360794067e-02
1.513845920562744141e-01
7.031987309455871582e-01
5.466045737266540527e-01
2.473002821207046509e-01
2.789967656135559082e-01
6.920853257179260254e-02
1.318183988332748413e-01
3.425656855106353760e-01
1.811545491218566895e-01
2.274973690509796143e-01
8.339082449674606323e-02
1.805250942707061768e-01
3.355350345373153687e-02
2.833645939826965332e-01
6.216262280941009521e-02
2.438418567180633545e-01
1.352347582578659058e-01
2.984315156936645508e-01
8.445085585117340088e-02
3.252601921558380127e-01
2.697073221206665039e-01
2.777736186981201172e-01
1.919328123331069946e-01
1.054672673344612122e-01
2.136039584875106812e-01
3.170503079891204834e-01
1.105747073888778687e-01
1.991029530763626099e-01
4.628580436110496521e-02
1.573021113872528076e-01
4.459032118320465088e-01
1.016361415386199951e-01
3.849240764975547791e-02
7.317877560853958130e-02
2.858405113220214844e-01
3.788062334060668945e-01
6.070364713668823242e-01
5.679274201393127441e-01
6.219199299812316895e-01
3.522640466690063477e-01
1.806126087903976440e-01
8.871781826019287109e-02
1.633107513189315796e-01
1.403905004262924194e-01
3.160249590873718262e-01
1.977612823247909546e-01
1.270091533660888672e-01
5.354455113410949707e-01
3.975170850753784180e-01
3.791818916797637939e-01
2.282732427120208740e-01
5.335602760314941406e-01
6.768680214881896973e-01
1.803867518901824951e-01
2.701548337936401367e-01
2.235730588436126709e-01
7.431343942880630493e-02
1.219749227166175842e-01
1.367392241954803467e-01
1.270715594291687012e-01
8.794417977333068848e-02
