1.345667988061904907e-02
2.532932162284851074e-02
1.898434758186340332e-02
-2.775327488780021667e-02
-2.518426254391670227e-02
2.984369546175003052e-02
-1.383015885949134827e-02
9.768195450305938721e-03
2.642835676670074463e-02
1.938519626855850220e-02
-1.996910572052001953e-02
1.725238561630249023e-02
-1.050147414207458496e-02
2.748034521937370300e-02
-2.643910422921180725e-02
-4.476059228181838989e-03
2.173565328121185303e-02
-1.216286048293113708e-02
3.054724261164665222e-02
-5.697879940271377563e-03
9.860355406999588013e-03
8.697189390659332275e-03
1.320636272430419922e-02
1.650646328926086426e-02
-1.471531018614768982e-02
-9.795416146516799927e-03
-8.261285722255706787e-03
-2.444104477763175964e-02
-3.024228848516941071e-03
2.558989077806472778e-02
-1.286225765943527222e-02
-2.773236855864524841e-02
1.981906220316886902e-02
-9.650640189647674561e-03
-2.190762013196945190e-02
2.977018058300018311e-02
-1.149393618106842041e-02
7.424016366712749004e-04
-5.554281175136566162e-03
-6.130542606115341187e-03
-1.249420270323753357e-02
1.920824497938156128e-02
-3.051139414310455322e-02
-1.647505909204483032e-02
8.913729339838027954e-03
3.663431853055953979e-03
-1.137535786256194115e-03
-2.892908826470375061e-02
4.731304943561553955e-03
4.394371062517166138e-03
2.674223482608795166e-02
2.948390319943428040e-02
-1.583861187100410461e-02
-2.349772304296493530e-02
-1.351280137896537781e-02
1.875535771250724792e-02
-1.781410351395606995e-02
1.171363517642021179e-02
-2.642434462904930115e-02
1.013343781232833862e-02
2.839231863617897034e-02
1.633482426404953003e-02
-2.282108739018440247e-02
-2.296181023120880127e-02
-1.805817335844039917e-02
-2.923553436994552612e-02
2.320398390293121338e-02
-3.030617162585258484e-02
-1.791927218437194824e-02
-1.838222524384036660e-04
-9.817067533731460571e-03
1.379450783133506775e-02
-1.811573654413223267e-02
-5.797430872917175293e-03
6.888303905725479126e-03
1.870465278625488281e-02
4.033196717500686646e-03
-1.653783023357391357e-02
3.060631453990936279e-02
2.720386907458305359e-02
-7.703773677349090576e-03
2.385877817869186401e-02
-2.648385614156723022e-02
1.768963411450386047e-02
1.817385852336883545e-02
2.727152034640312195e-02
-1.102251559495925903e-02
1.470787823200225830e-02
1.781643554568290710e-02
-1.154139637947082520e-02
2.797049283981323242e-02
-2.668210491538047791e-02
-2.318862080574035645e-02
-8.970398455858230591e-03
-2.314647659659385681e-02
1.846735551953315735e-02
2.349420264363288879e-02
2.868828922510147095e-02
-1.538325846195220947e-02
2.011599391698837280e-02
1.879334822297096252e-02
-1.991544384509325027e-03
-3.104594722390174866e-02
9.740162640810012817e-03
4.901364445686340332e-03
-2.017252519726753235e-02
-3.053845837712287903e-02
-2.204082906246185303e-02
-1.603011786937713623e-02
1.317869871854782104e-02
1.059763133525848389e-02
-2.721525728702545166e-02
-4.450049251317977905e-03
-3.358081448823213577e-04
-2.560251206159591675e-02
2.308759838342666626e-02
-1.508703455328941345e-02
-3.950536251068115234e-03
-1.861612871289253235e-02
-8.484075660817325115e-04
-8.901905268430709839e-03
9.447451680898666382e-03
1.217947527766227722e-02
4.369281232357025146e-03
2.998066321015357971e-02
-3.008617833256721497e-02
-2.574010938405990601e-02
2.866148576140403748e-02
-2.010578662157058716e-02
2.256079763174057007e-02
3.576684743165969849e-03
-2.288515120744705200e-02
-4.048637638334184885e-04
2.806056663393974304e-02
-1.096834987401962280e-02
5.700740963220596313e-03
1.559083163738250732e-02
-1.847844570875167847e-03
-2.521133050322532654e-02
1.394226774573326111e-02
-1.282745972275733948e-02
5.018252879381179810e-03
2.028437331318855286e-02
-1.848229393362998962e-02
-1.235116645693778992e-02
-2.992536127567291260e-02
1.452856883406639099e-02
8.039239794015884399e-03
2.780355140566825867e-02
1.900963112711906433e-02
-9.660623967647552490e-03
1.391421630978584290e-02
-1.054079830646514893e-02
1.289173215627670288e-02
1.383779942989349365e-02
-1.054139435291290283e-02
-2.808653935790061951e-02
1.263193413615226746e-02
1.199544221162796021e-02
-2.009433507919311523e-02
-8.109547197818756104e-03
8.999034762382507324e-03
1.194847747683525085e-02
-2.462412044405937195e-02
1.333498954772949219e-02
-2.736590802669525146e-02
1.029273122549057007e-02
1.622687652707099915e-02
2.975690364837646484e-02
2.073801681399345398e-02
-4.120706307730870321e-06
-2.303587272763252258e-02
1.794393640011548996e-03
-9.197898209095001221e-03
5.839865654706954956e-03
-2.346490696072578430e-02
-6.130106747150421143e-03
-2.979855984449386597e-03
-2.755497768521308899e-02
-2.019833400845527649e-02
5.213953554630279541e-03
1.621951907873153687e-02
1.566330902278423309e-03
2.995171025395393372e-02
-1.416464895009994507e-02
1.088490709662437439e-02
-2.434686571359634399e-02
1.145286485552787781e-02
-9.231839329004287720e-03
3.301467746496200562e-03
4.990950226783752441e-03
-1.551090925931930542e-02
2.481155470013618469e-02
-6.100546568632125854e-03
4.554182291030883789e-03
-2.532620728015899658e-02
1.370566338300704956e-02
-2.211981639266014099e-02
1.311546936631202698e-02
2.049981057643890381e-02
-7.854674011468887329e-03
-1.672845333814620972e-02
1.034684106707572937e-02
-1.237048953771591187e-02
-2.181436121463775635e-02
-2.229980379343032837e-02
-2.100354805588722229e-02
-2.832562476396560669e-02
2.338712662458419800e-02
1.413238793611526489e-02
9.081929922103881836e-03
-1.646594703197479248e-02
-2.755519002676010132e-03
-2.144266292452812195e-02
-2.676542103290557861e-02
8.325282484292984009e-03
-1.213756948709487915e-02
6.152447313070297241e-03
-2.887976914644241333e-02
-9.771622717380523682e-03
1.899832859635353088e-02
-2.683637291193008423e-02
-3.072481602430343628e-03
8.580628782510757446e-03
2.460652589797973633e-02
-1.607771590352058411e-02
-1.818481087684631348e-02
1.842838898301124573e-02
1.333935558795928955e-02
8.437368087470531464e-03
-3.219184465706348419e-03
-2.757904306054115295e-02
4.068788141012191772e-03
1.224991679191589355e-02
-2.331802994012832642e-02
6.353408098220825195e-03
-1.922488585114479065e-02
-2.612537890672683716e-02
2.577792853116989136e-02
1.966466754674911499e-02
-9.863160550594329834e-03
-1.342359185218811035e-02
1.182543858885765076e-02
1.627093181014060974e-02
2.968620901810936630e-05
1.677410304546356201e-02
-2.247946336865425110e-02
1.180779188871383667e-02
2.448400855064392090e-02
-2.132894843816757202e-02
1.880714669823646545e-02
3.028493374586105347e-02
-2.789886295795440674e-02
-1.455266401171684265e-02
-1.120829954743385315e-02
1.534102857112884521e-02
9.976334869861602783e-03
2.120259404182434082e-02
-1.112862676382064819e-02
1.379917189478874207e-02
-3.047829121351242065e-02
3.761443542316555977e-03
1.240322738885879517e-02
1.904530078172683716e-02
-2.701520919799804688e-02
2.372350171208381653e-02
-1.952469348907470703e-03
-2.319356426596641541e-02
-1.463808119297027588e-03
-9.644094854593276978e-03
1.511257886886596680e-02
-2.935237064957618713e-02
-2.046004310250282288e-02
-2.999093383550643921e-02
3.038781136274337769e-02
-2.684787288308143616e-02
4.993267357349395752e-03
-1.715404540300369263e-02
2.490914426743984222e-03
1.095379143953323364e-02
-1.579006761312484741e-02
3.004616126418113708e-02
2.527429163455963135e-02
6.548412144184112549e-03
9.081125259399414062e-03
3.001969307661056519e-02
-3.586541861295700073e-03
9.668864309787750244e-03
3.113833814859390259e-02
-2.967612445354461670e-02
-2.834961563348770142e-02
-2.606556564569473267e-02
-1.430300250649452209e-02
-3.360202535986900330e-04
1.400956138968467712e-02
-2.645040675997734070e-02
-2.601143717765808105e-02
1.204295828938484192e-02
7.907185703516006470e-03
-2.775996923446655273e-02
1.339269801974296570e-02
3.437101840972900391e-03
4.609666764736175537e-03
2.383213490247726440e-03
2.401698380708694458e-02
2.747616171836853027e-02
-1.871388778090476990e-02
-2.137879654765129089e-02
-8.088681846857070923e-03
2.962126210331916809e-02
-2.897841483354568481e-02
1.205827295780181885e-02
-2.248122915625572205e-02
1.338478922843933105e-02
2.192309871315956116e-02
2.038110047578811646e-03
1.365053653717041016e-02
5.045723170042037964e-03
-2.308111637830734253e-03
-5.392964929342269897e-03
1.222611591219902039e-02
2.370045706629753113e-02
-2.359860762953758240e-02
-2.880023419857025146e-02
-1.469814032316207886e-02
1.118499785661697388e-03
-2.606412861496210098e-03
-2.491565793752670288e-02
-2.266312763094902039e-02
-1.637069508433341980e-02
-7.079407572746276855e-03
-1.004087552428245544e-02
-2.494722977280616760e-02
1.717880740761756897e-02
4.552848637104034424e-03
1.222842931747436523e-02
-2.148250490427017212e-02
4.152830690145492554e-03
3.993261605501174927e-03
-1.369307190179824829e-02
1.677118241786956787e-02
-2.912517264485359192e-02
4.914421588182449341e-03
-2.234593406319618225e-02
-8.438646793365478516e-03
-2.753708139061927795e-02
-1.605510129593312740e-03
2.478551864624023438e-02
-5.422782152891159058e-03
2.945980802178382874e-02
1.655279844999313354e-02
-2.921928092837333679e-02
1.950491964817047119e-02
-1.811320707201957703e-02
9.462289512157440186e-03
1.554230600595474243e-02
-1.517058163881301880e-02
-4.029389470815658569e-03
3.281090408563613892e-03
-2.955291792750358582e-02
-7.755436003208160400e-03
4.104930907487869263e-03
-3.025913611054420471e-02
-1.491713523864746094e-02
7.756426930427551270e-03
2.254318445920944214e-03
2.964043244719505310e-02
1.862897351384162903e-02
3.462027758359909058e-03
3.105089440941810608e-02
-1.878760382533073425e-02
-3.484163433313369751e-03
-4.553452134132385254e-03
2.037389576435089111e-02
-1.223131641745567322e-02
-3.671281039714813232e-03
-1.236033067107200623e-02
2.389775961637496948e-02
2.163484023185446858e-04
2.160810679197311401e-02
1.550365239381790161e-02
-7.373988628387451172e-03
-2.439968287944793701e-03
-1.298516988754272461e-03
-2.031348645687103271e-03
-1.246217638254165649e-02
7.653418928384780884e-03
2.008003741502761841e-02
1.291603967547416687e-02
5.288808140903711319e-03
6.784688681364059448e-03
-1.629825308918952942e-02
1.156682521104812622e-02
1.437235623598098755e-03
-2.322694659233093262e-02
2.700139582157135010e-02
-4.055891185998916626e-03
1.127134263515472412e-02
-3.095531836152076721e-02
1.288954541087150574e-02
-3.008889406919479370e-02
-7.963713258504867554e-03
-1.580912992358207703e-02
-2.629781886935234070e-02
-2.016717940568923950e-02
-2.591105177998542786e-02
2.063523977994918823e-03
1.672971621155738831e-02
-1.260837912559509277e-02
4.291888326406478882e-03
-1.053670048713684082e-02
-1.696912571787834167e-02
-2.578433975577354431e-02
1.836053282022476196e-02
-3.097813203930854797e-02
-6.531797349452972412e-03
-1.517776399850845337e-02
4.244183655828237534e-04
6.929427385330200195e-03
-2.066928893327713013e-03
-5.316808819770812988e-03
2.010262385010719299e-02
-7.900714874267578125e-03
-2.348099648952484131e-02
2.779119461774826050e-02
-1.718295365571975708e-02
-2.640100196003913879e-02
-2.876709029078483582e-02
2.126001939177513123e-02
2.895323559641838074e-02
-2.661585807800292969e-03
-8.404668420553207397e-03
2.336695417761802673e-02
-2.975902706384658813e-02
1.457712426781654358e-02
2.603327156975865364e-04
-2.438016235828399658e-03
2.231505513191223145e-02
2.163327112793922424e-02
-1.536123454570770264e-02
6.167586892843246460e-03
8.171811699867248535e-03
-1.452325284481048584e-02
-7.303927093744277954e-03
3.025256097316741943e-03
-2.588888257741928101e-02
-1.042555741150863469e-04
1.048336178064346313e-02
-3.040971606969833374e-02
4.112605005502700806e-03
-1.587417349219322205e-02
-1.597950980067253113e-02
-6.013415753841400146e-03
-1.955753564834594727e-02
-1.857043802738189697e-02
1.386433094739913940e-02
-2.362766861915588379e-02
-2.614784985780715942e-02
5.279086530208587646e-03
-8.684054017066955566e-03
-3.076848387718200684e-02
-3.011403605341911316e-02
-1.345665007829666138e-02
-1.019579172134399414e-02
-1.311043649911880493e-02
-3.838770324364304543e-03
1.113546639680862427e-02
1.406188309192657471e-02
-1.336771622300148010e-02
7.987391203641891479e-03
-2.439326792955398560e-02
-1.741297170519828796e-02
-3.091331571340560913e-02
-9.528417140245437622e-03
2.462086454033851624e-02
6.783079355955123901e-03
-4.459522664546966553e-03
-2.094801887869834900e-02
-1.118303090333938599e-02
-3.463022410869598389e-03
1.682934537529945374e-02
2.883504703640937805e-02
1.356540992856025696e-02
-2.335494756698608398e-02
-2.633187547326087952e-02
-7.433108985424041748e-03
2.862397581338882446e-02
1.824618875980377197e-02
2.237657457590103149e-02
5.911007523536682129e-03
-2.045642957091331482e-02
-1.604916155338287354e-02
-1.051521673798561096e-02
-2.942255139350891113e-02
1.257985085248947144e-02
-5.928862839937210083e-03
1.407330110669136047e-02
1.419048756361007690e-02
-1.513208821415901184e-02
-1.475539803504943848e-02
1.891999319195747375e-02
-7.175255566835403442e-03
5.123972892761230469e-03
-7.388908416032791138e-03
1.398851349949836731e-02
-1.969902217388153076e-02
-3.057826310396194458e-03
-1.393203437328338623e-02
2.562208846211433411e-02
9.551677852869033813e-03
-9.471215307712554932e-03
-2.957005426287651062e-02
