1.028752624988555908e-01
1.222035735845565796e-01
-1.057129353284835815e-01
-4.312336444854736328e-02
1.236653029918670654e-01
-7.554229814559221268e-03
-5.721318721771240234e-02
9.468491375446319580e-02
1.132633686065673828e-01
-1.006969958543777466e-01
1.623481512069702148e-02
1.021098494529724121e-01
2.168412506580352783e-02
1.103967577219009399e-01
-5.897915363311767578e-02
3.604821860790252686e-02
-1.161400824785232544e-01
-9.435955435037612915e-03
1.053256690502166748e-01
9.034620225429534912e-02
-8.541804552078247070e-02
-4.620841145515441895e-02
1.952444016933441162e-02
-4.021044075489044189e-02
-5.644869804382324219e-02
2.937462925910949707e-02
4.129812121391296387e-02
9.675469994544982910e-02
-1.062131673097610474e-01
-3.912314772605895996e-02
2.001087553799152374e-02
-5.700667202472686768e-02
-1.124109923839569092e-01
-3.548908233642578125e-02
6.609033048152923584e-02
-3.112375177443027496e-02
-5.554446484893560410e-03
2.337370254099369049e-02
3.494162857532501221e-02
1.242695152759552002e-01
-1.154174506664276123e-01
-1.570287346839904785e-02
-6.998640950769186020e-03
2.927324967458844185e-03
-1.067208647727966309e-01
1.053602993488311768e-01
1.580485701560974121e-02
7.275642454624176025e-02
-6.084099411964416504e-02
-2.829187735915184021e-02
-1.019950807094573975e-01
7.892638444900512695e-02
-8.907249569892883301e-02
-2.725601196289062500e-02
-6.214615702629089355e-02
8.612831123173236847e-03
-3.151160478591918945e-02
-2.282800339162349701e-02
-4.339043796062469482e-02
1.247522383928298950e-01
-1.215666383504867554e-01
-1.097224205732345581e-01
-3.335879743099212646e-02
1.121611893177032471e-01
-2.459744736552238464e-02
7.134158164262771606e-03
5.636836588382720947e-02
4.024596512317657471e-02
7.069671154022216797e-02
9.582319296896457672e-03
-8.269716799259185791e-02
-5.035336315631866455e-02
7.485659420490264893e-02
-2.956487238407135010e-02
-1.202358901500701904e-01
6.494493782520294189e-02
3.949654102325439453e-02
5.489118397235870361e-02
-4.878273606300354004e-02
-2.188748121261596680e-02
6.734274327754974365e-03
-4.841192066669464111e-02
9.022639691829681396e-02
8.221122622489929199e-02
2.330751717090606689e-02
-7.176652550697326660e-02
3.181594610214233398e-02
9.295161068439483643e-02
-6.800895929336547852e-02
5.092198029160499573e-03
-9.385386109352111816e-02
4.613634943962097168e-02
-1.183823794126510620e-01
1.064825952053070068e-01
-2.537050843238830566e-02
-4.246346652507781982e-02
1.048425137996673584e-01
-4.841569811105728149e-03
-9.948681108653545380e-03
-1.225421875715255737e-01
-7.454797625541687012e-02
7.709776517003774643e-03
-1.052399724721908569e-01
5.568318068981170654e-02
5.250912904739379883e-02
1.580454409122467041e-02
-8.810989558696746826e-02
5.108262598514556885e-02
-5.671280622482299805e-02
9.308558702468872070e-02
3.649468719959259033e-02
4.044783115386962891e-02
-8.257764577865600586e-02
-6.308728456497192383e-02
-7.325316965579986572e-02
-1.029186695814132690e-01
-9.855584939941763878e-04
-6.021484732627868652e-02
4.639475047588348389e-02
5.800649523735046387e-02
1.388907339423894882e-02
4.874679446220397949e-02
1.005605608224868774e-01
-3.809703886508941650e-02
1.044366955757141113e-01
-4.488034546375274658e-02
8.136875927448272705e-02
-8.200597949326038361e-03
