-3.599201142787933350e-01
4.811351597309112549e-01
1.891623586416244507e-01
-2.280761748552322388e-01
-3.645625412464141846e-01
-5.408771708607673645e-02
-4.929962456226348877e-01
3.380456939339637756e-02
-6.695221662521362305e-01
1.000259295105934143e-01
-6.231825351715087891e-01
3.134882748126983643e-01
5.263700485229492188e-01
-3.748091757297515869e-01
1.421310752630233765e-01
-1.459481269121170044e-01
1.371956020593643188e-01
2.390071600675582886e-01
-2.185535617172718048e-02
1.606742292642593384e-01
2.706823348999023438e-01
7.950736582279205322e-02
-1.412873566150665283e-01
2.195113152265548706e-01
1.004976332187652588e-01
-2.733991742134094238e-01
-5.016426444053649902e-01
-6.346932798624038696e-02
2.871711254119873047e-01
-2.944275438785552979e-01
2.432219982147216797e-01
2.798364460468292236e-01
-7.030620425939559937e-02
3.715322315692901611e-01
5.387209728360176086e-02
1.976360976696014404e-01
8.194831013679504395e-02
-2.098556905984878540e-01
-4.142212271690368652e-01
2.425695769488811493e-02
-6.893622875213623047e-02
-5.767502079834230244e-05
3.285327553749084473e-01
1.808853149414062500e-01
-2.580190300941467285e-01
-2.740731239318847656e-01
-3.420807719230651855e-01
-2.775565385818481445e-01
-8.787385374307632446e-02
-4.529346227645874023e-01
-1.283358931541442871e-01
1.954491883516311646e-01
2.047900110483169556e-01
2.871128320693969727e-01
-3.004420101642608643e-01
-6.133807078003883362e-02
3.558719754219055176e-01
-1.938974112272262573e-01
-3.375208973884582520e-01
-4.135693907737731934e-01
1.071903947740793228e-02
-3.685171902179718018e-01
1.034571826457977295e-01
-2.319995462894439697e-01
1.715495437383651733e-01
-8.710293471813201904e-02
-3.200844228267669678e-01
2.093277275562286377e-01
-1.112871915102005005e-01
-3.862430751323699951e-01
4.490707516670227051e-01
6.440455317497253418e-01
-5.649355053901672363e-01
1.326356828212738037e-02
-2.672575712203979492e-01
-1.555350869894027710e-01
-4.216793179512023926e-01
6.562024950981140137e-01
-1.394348219037055969e-02
-1.415663510560989380e-01
-2.884802222251892090e-01
-1.016518846154212952e-01
-2.566044330596923828e-01
-1.643691658973693848e-01
-2.555595934391021729e-01
-1.812926232814788818e-01
-2.793696820735931396e-01
-1.178717985749244690e-01
-7.611770182847976685e-02
-2.429066896438598633e-01
4.401343166828155518e-01
2.085153609514236450e-01
-2.219220399856567383e-01
2.226440310478210449e-01
-4.650496542453765869e-01
-4.184873104095458984e-01
-1.118831485509872437e-01
2.058338522911071777e-01
-3.977218568325042725e-01
-1.230769418179988861e-02
1.101069971919059753e-01
5.434595942497253418e-01
-8.212359249591827393e-02
-2.076419293880462646e-01
-2.617459557950496674e-02
-1.099840402603149414e-01
4.004485309123992920e-01
4.843328613787889481e-03
1.284392476081848145e-01
-9.543811529874801636e-02
2.230308502912521362e-01
-4.706645905971527100e-01
2.996147871017456055e-01
4.102691411972045898e-01
4.612030088901519775e-02
1.620089262723922729e-01
-1.232444196939468384e-01
-2.392897615209221840e-03
-5.974794924259185791e-02
-1.125658154487609863e-01
-6.511763483285903931e-02
2.652264535427093506e-01
-3.184569180011749268e-01
3.268005549907684326e-01
-4.161005839705467224e-02
-1.424169689416885376e-01
-3.701623678207397461e-01
-3.067631088197231293e-02
2.146221399307250977e-01
-1.002288237214088440e-01
-1.720314472913742065e-01
-2.992710471153259277e-01
2.302153557538986206e-01
-1.999615728855133057e-01
-2.425141781568527222e-01
-2.552679181098937988e-01
1.597888208925724030e-02
-3.680646792054176331e-02
4.084237664937973022e-02
1.257896237075328827e-02
-5.868459343910217285e-01
-7.948928326368331909e-02
-5.978601053357124329e-02
-2.878547310829162598e-01
-3.604691326618194580e-01
2.686743140220642090e-01
5.724655389785766602e-01
2.090430557727813721e-01
-7.043489068746566772e-02
-2.502128779888153076e-01
-7.580393552780151367e-02
1.127407886087894440e-02
-1.573532819747924805e-01
3.963089287281036377e-01
3.161469697952270508e-01
1.056608781218528748e-01
1.292398422956466675e-01
3.771943738684058189e-03
-1.373286098241806030e-01
-1.574637591838836670e-01
-1.601236462593078613e-01
5.048574209213256836e-01
1.143857836723327637e-01
-1.476071327924728394e-01
1.681149303913116455e-01
-1.438026279211044312e-01
-2.878759801387786865e-01
-1.241860613226890564e-01
-1.560374498367309570e-01
-1.884465068578720093e-01
1.137375310063362122e-01
-1.397252380847930908e-01
-8.573846518993377686e-02
4.480972588062286377e-01
-7.641006261110305786e-02
-2.948374152183532715e-01
6.137673258781433105e-01
-2.895875573158264160e-01
-2.369163632392883301e-01
-3.172563910484313965e-01
-2.408491633832454681e-02
2.946063280105590820e-01
7.172268629074096680e-02
7.643652148544788361e-03
1.961192935705184937e-01
6.445230450481176376e-03
3.114204406738281250e-01
-3.751033842563629150e-01
-3.402365446090698242e-01
2.897973060607910156e-01
-7.676456868648529053e-02
9.163175523281097412e-02
2.335364222526550293e-01
-1.281568706035614014e-01
3.817791640758514404e-01
-1.262888312339782715e-01
-9.704645723104476929e-02
2.185114324092864990e-01
-5.306875705718994141e-01
-1.926819086074829102e-01
1.394364833831787109e-01
1.182024627923965454e-01
-1.017865687608718872e-01
-3.745495378971099854e-01
1.121620982885360718e-01
-4.249721020460128784e-02
1.862665824592113495e-02
-1.051929518580436707e-01
-4.434892237186431885e-01
-1.048044860363006592e-01
-2.123228162527084351e-01
-2.236054837703704834e-01
-2.015789449214935303e-01
5.197412967681884766e-01
3.409334719181060791e-01
-1.327220201492309570e-01
2.579410970211029053e-01
4.227517545223236084e-01
2.629129886627197266e-01
6.188153624534606934e-01
-3.707025051116943359e-01
2.062848806381225586e-01
2.527575194835662842e-02
-1.297631561756134033e-01
1.605647504329681396e-01
-2.196990549564361572e-01
4.017783701419830322e-02
-1.479431241750717163e-01
3.312127292156219482e-01
3.545920252799987793e-01
-1.865504533052444458e-01
-1.509892642498016357e-01
1.316001415252685547e-01
1.206536442041397095e-01
-5.977446679025888443e-03
2.359314709901809692e-01
5.804375410079956055e-01
1.309490799903869629e-01
2.160350680351257324e-01
-4.086376130580902100e-01
7.483983039855957031e-01
2.403252869844436646e-01
-1.863140426576137543e-02
-5.233407616615295410e-01
-2.725359983742237091e-02
-2.001616507768630981e-01
6.318501234054565430e-01
1.708655506372451782e-01
2.669842541217803955e-01
2.602676153182983398e-01
-1.344404220581054688e-01
-2.050942033529281616e-01
-2.933676242828369141e-01
-1.554208397865295410e-01
8.404699712991714478e-02
3.229099214076995850e-01
3.923009932041168213e-01
3.423388600349426270e-01
-4.180826544761657715e-01
-1.873701959848403931e-01
2.959886491298675537e-01
-1.646647974848747253e-02
-5.822254717350006104e-02
-2.757208049297332764e-01
2.502363026142120361e-01
-1.810840889811515808e-02
-1.029786616563796997e-01
-2.803493440151214600e-01
3.071981668472290039e-01
3.735391497611999512e-01
-3.687415421009063721e-01
-2.077976614236831665e-01
-1.793483272194862366e-02
1.417373418807983398e-01
-1.226611211895942688e-01
1.852191090583801270e-01
-5.235913991928100586e-01
-1.128489598631858826e-01
6.130122393369674683e-02
1.144435703754425049e-01
-2.669207453727722168e-01
-5.720471143722534180e-01
5.632702633738517761e-02
3.236665427684783936e-01
-9.783671796321868896e-02
-2.091360390186309814e-01
2.324680238962173462e-02
-3.198975324630737305e-01
-1.708819270133972168e-01
-1.449690610170364380e-01
-2.696800231933593750e-01
-3.565189540386199951e-01
3.455156087875366211e-01
1.161555275321006775e-01
1.152904257178306580e-01
4.767659120261669159e-03
3.503910601139068604e-01
-3.488019108772277832e-01
-1.175221204757690430e-01
-1.700773090124130249e-01
-1.853803247213363647e-01
-8.940040320158004761e-02
-4.106261134147644043e-01
4.812336266040802002e-01
1.314202994108200073e-01
2.563119679689407349e-02
2.136155068874359131e-01
-5.117031559348106384e-02
9.470854699611663818e-02
-3.091884404420852661e-02
8.529088646173477173e-02
-1.423379033803939819e-01
9.224803000688552856e-02
-1.307543367147445679e-01
-1.767394244670867920e-01
-8.816502243280410767e-02
-3.060318715870380402e-02
3.096607923507690430e-01
-2.903593480587005615e-01
-2.309799343347549438e-01
7.991901598870754242e-03
2.100743502378463745e-01
4.708580076694488525e-01
1.403597593307495117e-01
-2.912015616893768311e-01
5.839623883366584778e-02
1.994578391313552856e-01
6.798795610666275024e-02
1.575122922658920288e-01
-1.810042113065719604e-01
-1.207785978913307190e-01
2.878434360027313232e-01
-3.331103622913360596e-01
-1.565868258476257324e-01
-2.085472494363784790e-01
-2.689785361289978027e-01
3.904287517070770264e-02
6.666649132966995239e-02
-5.429562330245971680e-01
-1.722774803638458252e-01
1.760016232728958130e-01
-2.233256995677947998e-01
-2.449220865964889526e-01
1.662174612283706665e-01
-2.828203141689300537e-01
1.494612693786621094e-01
-4.641896486282348633e-02
-5.660149455070495605e-02
-6.521783769130706787e-02
-1.998830586671829224e-01
2.970236241817474365e-01
4.826358556747436523e-01
-1.579229384660720825e-01
2.424670569598674774e-02
3.545668721199035645e-01
3.361840844154357910e-01
1.537367142736911774e-02
-3.413610458374023438e-01
-1.813301146030426025e-01
2.567482888698577881e-01
9.411541372537612915e-02
-1.999924927949905396e-01
-1.078501790761947632e-01
-9.366802871227264404e-02
-4.159578680992126465e-02
-2.412218749523162842e-01
5.170508474111557007e-02
-3.478768765926361084e-01
2.399678342044353485e-02
-3.512753546237945557e-01
6.168794352561235428e-03
1.528482884168624878e-01
6.094090342521667480e-01
1.986707448959350586e-01
2.148391120135784149e-02
-2.037512063980102539e-01
-4.965121746063232422e-01
-3.073805272579193115e-01
6.443904340267181396e-02
9.373793005943298340e-02
-2.844353914260864258e-01
-2.462444007396697998e-01
-5.528444424271583557e-02
-9.259878844022750854e-02
4.870601929724216461e-03
-7.387773692607879639e-02
1.933219730854034424e-01
-3.643652796745300293e-02
-3.270813226699829102e-01
-6.142815202474594116e-02
-4.049239754676818848e-01
-1.907137781381607056e-01
-2.221572697162628174e-01
9.630785882472991943e-02
-1.078737527132034302e-01
-1.956937313079833984e-01
2.831416130065917969e-01
-7.071974128484725952e-02
5.140147209167480469e-01
-1.794932037591934204e-01
-3.232566416263580322e-01
-3.633291423320770264e-01
-1.536498963832855225e-01
-1.019419804215431213e-01
1.239265576004981995e-01
-4.666011929512023926e-01
-7.666134089231491089e-02
6.595522910356521606e-02
-6.578088551759719849e-02
2.059406638145446777e-01
-1.024401560425758362e-01
-1.111130341887474060e-01
2.616955041885375977e-01
-3.471695184707641602e-01
-1.232394427061080933e-01
-1.292004734277725220e-01
-6.569297611713409424e-02
3.059473447501659393e-02
-1.368086338043212891e-01
2.458085566759109497e-01
-4.315989017486572266e-01
-5.655219405889511108e-02
-1.378943212330341339e-02
2.330065518617630005e-01
-1.777493059635162354e-01
-7.400945574045181274e-02
-1.006754040718078613e-01
4.239764511585235596e-01
-2.719762027263641357e-01
-3.788631558418273926e-01
-3.790978491306304932e-01
3.799705803394317627e-01
1.773601025342941284e-01
6.467245817184448242e-01
-2.588048875331878662e-01
-8.642829209566116333e-02
-2.952613532543182373e-01
1.711239367723464966e-01
1.423706412315368652e-01
4.625665843486785889e-01
-2.408630028367042542e-02
-2.862948365509510040e-02
5.501351952552795410e-01
2.792677879333496094e-01
-2.209649831056594849e-01
1.389531940221786499e-01
-2.189687043428421021e-01
-2.436752468347549438e-01
2.413943707942962646e-01
6.454872339963912964e-02
3.168910043314099312e-03
3.047714829444885254e-01
3.555229604244232178e-01
-2.441836744546890259e-01
-1.169906649738550186e-02
-1.011772751808166504e-01
-4.746172130107879639e-01
-1.677913218736648560e-01
-5.042731389403343201e-02
-2.471200823783874512e-01
-1.576200276613235474e-01
-1.831319779157638550e-01
1.343405395746231079e-01
-2.629181742668151855e-01
7.438380122184753418e-01
-3.107215464115142822e-01
8.146135509014129639e-02
2.617341876029968262e-01
-4.862909913063049316e-01
2.236709445714950562e-01
-1.911879777908325195e-01
-2.267029322683811188e-02
-1.564549952745437622e-01
-5.061352998018264771e-02
2.661149501800537109e-01
3.022578954696655273e-01
-2.837972044944763184e-01
1.008854955434799194e-01
2.797333300113677979e-01
-1.986727267503738403e-01
1.294835507869720459e-01
-5.820579081773757935e-02
-2.621719837188720703e-01
2.241883277893066406e-01
-1.374054402112960815e-01
2.843458671122789383e-03
-2.006575614213943481e-01
3.496402502059936523e-01
5.818894878029823303e-02
-5.187302827835083008e-02
1.063658967614173889e-01
3.503536283969879150e-01
3.755443990230560303e-01
-3.372274339199066162e-01
-2.895836532115936279e-01
4.826309531927108765e-02
-3.106688857078552246e-01
6.429344415664672852e-02
2.154682576656341553e-01
3.316827714443206787e-01
1.251798123121261597e-01
-2.711693048477172852e-01
8.886190503835678101e-02
2.157781422138214111e-01
-1.488421261310577393e-01
-2.052256613969802856e-01
1.451052427291870117e-01
-4.855598211288452148e-01
-3.984079062938690186e-01
-7.493256777524948120e-02
5.022021010518074036e-02
1.396942287683486938e-01
-1.756834983825683594e-01
-4.599818885326385498e-01
-6.826889514923095703e-02
-9.537806361913681030e-02
-4.862319678068161011e-03
-2.174658030271530151e-01
3.115376532077789307e-01
8.123470097780227661e-02
1.302319765090942383e-01
5.620626211166381836e-01
-2.374054342508316040e-01
-2.341569066047668457e-01
1.341311447322368622e-02
-3.954736292362213135e-01
4.823082089424133301e-01
3.614074885845184326e-01
-1.549271792173385620e-01
-1.485123783349990845e-01
1.320037692785263062e-01
-1.461246311664581299e-01
8.287392556667327881e-02
4.454567730426788330e-01
2.353575080633163452e-01
3.770156502723693848e-01
-1.775027513504028320e-01
-3.659754395484924316e-01
-3.174929618835449219e-01
2.740026116371154785e-01
-5.642997473478317261e-02
-5.261697992682456970e-02
-2.332826405763626099e-01
3.265769481658935547e-01
-6.275945156812667847e-02
1.842417865991592407e-01
-2.500909268856048584e-01
-5.542752519249916077e-02
-1.777365803718566895e-01
-9.660601615905761719e-02
-2.736206054687500000e-01
2.952090799808502197e-01
-5.281732082366943359e-01
1.969382613897323608e-01
-1.223138943314552307e-01
-2.460200339555740356e-01
-1.385094523429870605e-01
1.534009426832199097e-01
-1.396487746387720108e-02
6.885159015655517578e-02
3.772531747817993164e-01
2.679042518138885498e-01
6.698762625455856323e-02
-1.468908786773681641e-01
5.904103070497512817e-02
-5.905930697917938232e-02
-5.722050666809082031e-01
3.198509216308593750e-01
-1.086373254656791687e-01
1.261592060327529907e-01
2.090841084718704224e-01
6.155022382736206055e-01
2.269708067178726196e-01
-8.896994590759277344e-02
1.092695817351341248e-01
-3.162274062633514404e-01
-3.721958026289939880e-02
3.660189509391784668e-01
1.384626841172575951e-03
1.967097073793411255e-02
-2.602122128009796143e-01
-1.467334181070327759e-01
1.789065748453140259e-01
-1.912229508161544800e-01
-4.264306277036666870e-02
5.697101354598999023e-01
-2.013254910707473755e-01
2.925050556659698486e-01
1.052079051733016968e-01
-3.012916445732116699e-01
-2.858823537826538086e-01
-3.260053098201751709e-01
1.683529764413833618e-01
-8.309023082256317139e-02
2.521049082279205322e-01
1.957901418209075928e-01
7.328435033559799194e-02
2.582838535308837891e-01
1.423697173595428467e-01
4.828591644763946533e-01
1.440887451171875000e-01
1.770539283752441406e-01
-4.183599948883056641e-01
-1.606128364801406860e-01
-7.293275743722915649e-02
-1.501919776201248169e-01
-1.520351618528366089e-01
-8.350430428981781006e-02
-9.140424430370330811e-02
-2.817920148372650146e-01
-1.725422292947769165e-01
-3.004928231239318848e-01
1.060140356421470642e-01
3.076706528663635254e-01
1.420059800148010254e-01
2.120868116617202759e-01
-4.405291005969047546e-02
-2.075177878141403198e-01
-2.347414791584014893e-01
-6.648644059896469116e-02
-5.705673694610595703e-01
2.353361696004867554e-01
-3.857512772083282471e-02
1.537369191646575928e-02
3.651732504367828369e-01
-1.194005012512207031e-01
4.007394015789031982e-01
-7.912907749414443970e-02
-1.236887946724891663e-01
5.910962447524070740e-02
-5.014213919639587402e-02
-5.561919212341308594e-01
-1.552367806434631348e-01
-2.458641380071640015e-01
3.653392791748046875e-01
-6.419553756713867188e-01
1.647395193576812744e-01
1.360433399677276611e-01
1.016253381967544556e-01
1.665561646223068237e-01
-4.654629826545715332e-01
1.623326390981674194e-01
4.146912321448326111e-02
3.811650872230529785e-01
4.045314192771911621e-01
6.792673468589782715e-02
-4.542346894741058350e-01
-3.317110538482666016e-01
5.988940000534057617e-01
-7.617774605751037598e-02
-4.527475312352180481e-02
-3.651272356510162354e-01
1.473123133182525635e-01
2.065218985080718994e-01
-9.852311760187149048e-02
2.717538475990295410e-01
-2.334337234497070312e-01
-1.925571560859680176e-01
2.552104592323303223e-01
-3.741607069969177246e-01
-8.764956891536712646e-02
-1.083909347653388977e-01
-3.724586665630340576e-01
2.925118803977966309e-01
1.872127205133438110e-01
-5.933531094342470169e-03
-7.273527234792709351e-02
-3.483709394931793213e-01
6.203688979148864746e-01
3.443206548690795898e-01
3.396702110767364502e-01
2.497315853834152222e-01
-7.124684005975723267e-02
-5.732749700546264648e-01
8.072486519813537598e-02
-2.414702773094177246e-01
-7.875456660985946655e-02
-8.760831356048583984e-01
1.306195259094238281e-01
-2.918753772974014282e-02
-3.116020262241363525e-01
3.011198937892913818e-01
-1.929167360067367554e-01
3.094427883625030518e-01
3.504051864147186279e-01
-2.742014229297637939e-01
3.144945502281188965e-01
-1.069459468126296997e-01
3.753957748413085938e-01
-1.380869895219802856e-01
5.508520007133483887e-01
3.214514255523681641e-01
-2.295010834932327271e-01
2.472765892744064331e-01
-9.860277920961380005e-02
-3.071344196796417236e-01
-1.860390454530715942e-01
-3.287330269813537598e-01
1.776131391525268555e-01
1.823865771293640137e-01
-6.656978279352188110e-02
-4.437670707702636719e-01
-2.307768166065216064e-01
-2.877135574817657471e-01
-4.561432898044586182e-01
-3.993658423423767090e-01
-3.627695143222808838e-01
-1.829833164811134338e-02
5.362777709960937500e-01
-8.883810788393020630e-02
9.891910851001739502e-02
1.517840325832366943e-01
-4.086896479129791260e-01
8.609481155872344971e-02
4.076621681451797485e-02
4.168593585491180420e-01
-2.015032321214675903e-01
1.001769229769706726e-01
-2.753079831600189209e-01
-3.442037999629974365e-01
1.944939047098159790e-02
-2.766496129333972931e-02
-1.837157458066940308e-01
-2.139567583799362183e-01
-2.811153531074523926e-01
-1.500161737203598022e-01
-3.518461287021636963e-01
5.338837504386901855e-01
1.988391429185867310e-01
-1.690254509449005127e-01
4.134647250175476074e-01
-6.588329374790191650e-02
-2.668196558952331543e-01
-2.841283977031707764e-01
1.032548546791076660e-01
5.650099515914916992e-01
3.585064411163330078e-02
1.240003257989883423e-01
-1.739572584629058838e-01
-2.224620282649993896e-01
3.110674619674682617e-01
-2.226924989372491837e-03
1.021120995283126831e-01
-8.878070861101150513e-02
-2.756677754223346710e-02
-3.194172978401184082e-01
3.490949869155883789e-01
1.960583180189132690e-01
2.311520874500274658e-01
-8.861637115478515625e-02
3.684453368186950684e-01
-2.619732618331909180e-01
3.470430076122283936e-01
-3.273485228419303894e-02
-2.385327070951461792e-01
-5.985400676727294922e-01
1.428892761468887329e-01
-2.353609204292297363e-01
-3.067561984062194824e-01
1.119968891143798828e-01
-3.477358445525169373e-02
3.493823111057281494e-01
-1.309055089950561523e-01
5.922800302505493164e-02
3.931155204772949219e-01
-4.381916821002960205e-01
-8.540985733270645142e-02
2.128069996833801270e-01
-1.616454273462295532e-01
1.822005957365036011e-01
1.612044498324394226e-02
-1.658876538276672363e-01
3.195888996124267578e-01
8.969128876924514771e-02
-3.255884349346160889e-01
-4.210005402565002441e-01
-6.175535544753074646e-02
-5.225555896759033203e-01
1.882872134447097778e-01
4.344892799854278564e-01
-3.813791275024414062e-01
-6.223631501197814941e-01
-3.706846758723258972e-02
7.691284269094467163e-02
4.970649182796478271e-01
-4.316313862800598145e-01
-1.053315475583076477e-01
3.565326929092407227e-01
-3.340829312801361084e-01
3.971016779541969299e-02
-1.243511438369750977e-01
-3.575562536716461182e-01
-5.596969723701477051e-01
1.866782456636428833e-02
-6.997439265251159668e-02
-1.905392482876777649e-02
4.993221461772918701e-01
1.628268510103225708e-01
7.937818765640258789e-02
1.597483158111572266e-01
-1.029141023755073547e-01
-4.903944134712219238e-01
-1.604389846324920654e-01
-1.492986530065536499e-01
-6.808735430240631104e-02
2.562425434589385986e-01
-4.629968702793121338e-01
2.960932441055774689e-02
-2.896471023559570312e-01
-3.174918889999389648e-01
-1.539013534784317017e-01
-1.951723992824554443e-01
1.518306136131286621e-01
2.981483340263366699e-01
-8.062177151441574097e-02
5.988692641258239746e-01
-4.011257588863372803e-01
4.846622347831726074e-01
-1.462316960096359253e-01
-1.197206601500511169e-01
-4.408584441989660263e-03
-6.803500652313232422e-02
1.976045072078704834e-01
-1.106194481253623962e-01
5.353186652064323425e-02
-5.998040363192558289e-02
2.809798121452331543e-01
4.628416597843170166e-01
-2.185119092464447021e-01
-7.988294959068298340e-02
-2.403149902820587158e-01
1.646262854337692261e-01
-7.753797620534896851e-02
4.625006616115570068e-01
-4.852073192596435547e-01
-2.163286805152893066e-01
5.326627492904663086e-01
2.025907635688781738e-01
5.209979042410850525e-02
1.923094391822814941e-01
-4.208496212959289551e-02
9.990825504064559937e-02
2.775820791721343994e-01
3.740048110485076904e-01
-1.693072915077209473e-01
-1.210621371865272522e-01
8.747047930955886841e-02
2.856678143143653870e-02
-2.352298796176910400e-02
-1.146950945258140564e-01
-2.940540909767150879e-01
-3.747031390666961670e-01
-1.164715737104415894e-01
-3.387473523616790771e-01
5.396427586674690247e-02
1.815821081399917603e-01
-5.686487555503845215e-01
-2.933708429336547852e-01
-1.646015979349613190e-02
-2.231191843748092651e-01
4.439743459224700928e-01
-1.577747017145156860e-01
3.559083044528961182e-01
-1.379618048667907715e-01
3.270004689693450928e-01
1.569447219371795654e-01
-1.363936662673950195e-01
-2.987142652273178101e-02
2.315243184566497803e-01
-3.116852045059204102e-01
1.346479654312133789e-01
3.164026141166687012e-02
5.310591459274291992e-01
2.840263545513153076e-01
2.177994549274444580e-01
1.782624870538711548e-01
9.913182258605957031e-02
2.125568538904190063e-01
-6.818830370903015137e-01
3.714096546173095703e-02
3.095159530639648438e-01
3.719087243080139160e-01
-1.421774327754974365e-01
-5.070869326591491699e-01
5.653551816940307617e-01
6.439902633428573608e-02
8.466392010450363159e-02
2.431473322212696075e-02
-2.564864158630371094e-01
-2.386230044066905975e-02
2.311854660511016846e-01
-2.611567378044128418e-01
4.686946049332618713e-02
5.123306512832641602e-01
2.195618450641632080e-01
4.730457440018653870e-03
-2.558668255805969238e-01
2.165552228689193726e-01
-6.811488419771194458e-02
2.308994531631469727e-01
1.771299391984939575e-01
1.783974468708038330e-01
3.468156233429908752e-02
-9.354113042354583740e-02
6.597976386547088623e-02
2.078825831413269043e-01
3.464968502521514893e-01
-3.275815546512603760e-01
1.244118958711624146e-01
-6.366380304098129272e-02
-1.450061053037643433e-01
2.998436093330383301e-01
-9.175482392311096191e-02
-3.591195046901702881e-01
1.072211638092994690e-01
1.511850673705339432e-02
2.257915288209915161e-01
-6.614334881305694580e-02
1.932267844676971436e-02
-3.469043411314487457e-03
3.792608678340911865e-01
-1.629226654767990112e-01
-2.340910881757736206e-01
1.327236145734786987e-01
-7.183378189802169800e-02
-9.551697224378585815e-02
-1.618669740855693817e-02
-3.565923273563385010e-01
2.256864905357360840e-01
5.182563792914152145e-03
-3.361939266324043274e-02
1.699386686086654663e-01
2.097383141517639160e-02
-2.734508812427520752e-01
1.145095080137252808e-01
2.804684340953826904e-01
-3.115553259849548340e-01
-2.752880156040191650e-01
8.457747288048267365e-03
3.440882563591003418e-01
-2.236850261688232422e-01
-1.259139627218246460e-01
-2.391085326671600342e-01
-1.764930970966815948e-02
1.594999339431524277e-03
-3.516213297843933105e-01
-6.011002659797668457e-01
-6.803560256958007812e-02
5.322052910923957825e-02
2.876027822494506836e-01
1.283451169729232788e-01
4.313858747482299805e-01
-7.237743586301803589e-02
-1.588833779096603394e-01
8.999532088637351990e-03
-1.615956574678421021e-01
1.830456107854843140e-01
-2.360727488994598389e-01
-1.174125634133815765e-02
2.937137335538864136e-02
-1.166074946522712708e-01
2.111665755510330200e-01
-6.786837428808212280e-02
2.626948058605194092e-01
-3.206242620944976807e-01
-4.174006730318069458e-02
1.293061971664428711e-01
-1.170493215322494507e-01
1.304998397827148438e-01
-4.649354815483093262e-01
-3.988594710826873779e-01
3.311555385589599609e-01
-4.987029731273651123e-01
-1.049838066101074219e-01
-3.184323012828826904e-02
-2.080902606248855591e-01
-4.688725993037223816e-02
6.440540403127670288e-02
-9.850680083036422729e-02
-6.010667681694030762e-01
-7.153138052672147751e-03
-6.690850108861923218e-02
2.513944543898105621e-02
-3.734046518802642822e-01
4.207501411437988281e-01
-2.031177133321762085e-01
-1.925469487905502319e-01
2.682367861270904541e-01
-8.644127100706100464e-02
-2.595271468162536621e-01
-4.281425476074218750e-01
3.446114957332611084e-01
5.445023998618125916e-02
4.992340803146362305e-01
-4.052109420299530029e-01
-4.103406667709350586e-01
-2.265099622309207916e-02
-2.045115530490875244e-01
2.485489994287490845e-01
8.052658522501587868e-04
-3.963444828987121582e-01
-1.787055167369544506e-03
3.035048246383666992e-01
7.003697007894515991e-02
-1.988859623670578003e-01
-5.187291502952575684e-01
-3.944355845451354980e-01
-3.005686700344085693e-01
-1.691233068704605103e-01
-2.078098617494106293e-02
3.534919321537017822e-01
2.725691199302673340e-01
-2.839917838573455811e-01
1.676993519067764282e-01
4.728548526763916016e-01
-3.061923086643218994e-01
-2.958105802536010742e-01
2.558394670486450195e-01
2.075305581092834473e-01
6.335781216621398926e-01
1.698227673768997192e-01
2.379096895456314087e-01
-6.805941462516784668e-02
1.755196601152420044e-01
