-6.992304325103759766e-01
-1.980966806411743164e+00
-8.111305832862854004e-01
4.395740032196044922e-01
-9.094122052192687988e-01
-1.919145435094833374e-01
-1.737729549407958984e+00
-6.003985404968261719e-01
-4.403181970119476318e-01
4.304630756378173828e-01
-1.917942166328430176e+00
-9.482460618019104004e-01
-1.123343586921691895e+00
-1.355970859527587891e+00
-1.411939144134521484e+00
4.966779649257659912e-01
-1.568637847900390625e+00
-5.580396056175231934e-01
1.826407194137573242e+00
-3.121053576469421387e-01
-1.492205262184143066e+00
-1.226289749145507812e+00
-4.666711688041687012e-01
-9.797175526618957520e-01
-3.033172786235809326e-01
1.602531969547271729e-01
-2.135213762521743774e-01
-1.713112950325012207e+00
-7.120310068130493164e-01
-1.104483366012573242e+00
5.024991035461425781e-01
6.622389554977416992e-01
-6.466614603996276855e-01
8.378314375877380371e-01
-8.000805377960205078e-01
-9.020998477935791016e-01
-1.617715716361999512e+00
-4.638031423091888428e-01
1.338740468025207520e+00
-3.231714665889739990e-01
-5.859432816505432129e-01
1.259914506226778030e-02
5.545856952667236328e-01
-1.525924682617187500e+00
-2.016298770904541016e+00
-3.329170346260070801e-01
-1.492816805839538574e+00
-1.689807474613189697e-01
1.319652199745178223e+00
-1.968859195709228516e+00
-1.334664583206176758e+00
-2.255904525518417358e-01
-1.287160277366638184e+00
-6.641461849212646484e-01
2.124988555908203125e+00
-1.051001906394958496e+00
-1.485014319419860840e+00
-8.873534202575683594e-01
8.449962735176086426e-01
-1.644058942794799805e+00
-1.935715079307556152e-01
-5.761114880442619324e-02
-7.970446348190307617e-02
1.048570871353149414e+00
