8.661160618066787720e-02
5.818374752998352051e-01
2.455421090126037598e-01
1.374744325876235962e-01
2.417921423912048340e-01
1.493665128946304321e-01
1.498579978942871094e-01
2.624334990978240967e-01
2.253704518079757690e-01
1.242726147174835205e-01
2.366181463003158569e-01
3.021723926067352295e-01
2.929477095603942871e-01
1.225756183266639709e-01
2.285449057817459106e-01
1.537608057260513306e-01
2.569707930088043213e-01
4.100525081157684326e-01
1.558712273836135864e-01
2.130694538354873657e-01
2.635906934738159180e-01
2.328981757164001465e-01
8.842059224843978882e-02
2.077456563711166382e-01
2.624099254608154297e-01
1.020150333642959595e-01
1.267867684364318848e-01
3.038023412227630615e-01
2.484825402498245239e-01
2.534204423427581787e-01
3.335737586021423340e-01
1.904973238706588745e-01
1.268593519926071167e-01
3.758746981620788574e-01
1.939792186021804810e-01
2.006687670946121216e-01
1.786921918392181396e-01
8.483788371086120605e-02
1.542725861072540283e-01
2.695011198520660400e-01
6.620004028081893921e-02
2.539301812648773193e-01
1.886055618524551392e-01
3.753341734409332275e-01
9.893429279327392578e-02
2.124525457620620728e-01
1.291745603084564209e-01
8.811318874359130859e-02
2.656695544719696045e-01
1.529214233160018921e-01
2.329018563032150269e-01
2.193337976932525635e-01
3.575915694236755371e-01
2.441135048866271973e-01
1.284615546464920044e-01
1.880430579185485840e-01
2.552362382411956787e-01
1.741460710763931274e-01
1.274737417697906494e-01
1.670037060976028442e-01
3.076140880584716797e-01
1.080240309238433838e-01
4.955563843250274658e-01
1.328790783882141113e-01
1.786399334669113159e-01
1.830975711345672607e-01
6.272085011005401611e-02
2.226557731628417969e-01
1.685401350259780884e-01
1.106541827321052551e-01
4.095805287361145020e-01
2.769305408000946045e-01
1.496759802103042603e-01
3.062348365783691406e-01
1.381737440824508667e-01
1.609197109937667847e-01
6.529788672924041748e-02
2.620159983634948730e-01
1.117733195424079895e-01
2.493663728237152100e-01
1.404254883527755737e-01
9.986118972301483154e-02
1.982720196247100830e-01
1.243911087512969971e-01
2.038896828889846802e-01
1.303060203790664673e-01
1.203564703464508057e-01
2.275037020444869995e-01
1.125458553433418274e-01
1.720081418752670288e-01
3.875708580017089844e-01
1.812058985233306885e-01
1.768755465745925903e-01
3.776908516883850098e-01
2.363972812891006470e-01
9.923750907182693481e-02
1.378376483917236328e-01
3.168755173683166504e-01
8.336891233921051025e-02
1.450632512569427490e-01
9.569393843412399292e-02
2.447963505983352661e-01
2.186960130929946899e-01
1.500089019536972046e-01
2.862508296966552734e-01
2.709862291812896729e-01
2.395001500844955444e-01
1.784728467464447021e-01
4.064843058586120605e-01
3.193333446979522705e-01
2.356618344783782959e-01
1.889788061380386353e-01
9.925892204046249390e-02
2.723836898803710938e-01
3.296524882316589355e-01
1.008096039295196533e-01
1.002063751220703125e-01
3.235881030559539795e-01
9.993458539247512817e-02
1.119043752551078796e-01
3.401136994361877441e-01
1.402009576559066772e-01
1.238685622811317444e-01
2.419290691614151001e-01
1.778438389301300049e-01
1.348839998245239258e-01
2.161161303520202637e-01
4.230282306671142578e-01
1.534214019775390625e-01
1.519621312618255615e-01
1.904170662164688110e-01
2.911067903041839600e-01
8.656356483697891235e-02
2.065393626689910889e-01
1.779418885707855225e-01
3.680944144725799561e-01
3.351247906684875488e-01
8.864211291074752808e-02
7.808249443769454956e-02
2.521840333938598633e-01
1.419087350368499756e-01
2.495224773883819580e-01
1.457813829183578491e-01
2.418475747108459473e-01
2.337756454944610596e-01
2.648318111896514893e-01
1.457763910293579102e-01
3.679713010787963867e-01
2.425682991743087769e-01
9.910456091165542603e-02
1.041564345359802246e-01
3.116125762462615967e-01
1.029184162616729736e-01
2.211667150259017944e-01
1.683765649795532227e-01
3.804063200950622559e-01
4.496254324913024902e-01
2.327529639005661011e-01
2.036333382129669189e-01
1.436326205730438232e-01
9.024734050035476685e-02
1.863913089036941528e-01
2.620290219783782959e-01
2.210380434989929199e-01
1.083807647228240967e-01
1.392364203929901123e-01
9.149816632270812988e-02
1.866824328899383545e-01
1.692541539669036865e-01
9.669676423072814941e-02
1.916167140007019043e-01
1.100164875388145447e-01
2.719451189041137695e-01
2.795354127883911133e-01
7.360073179006576538e-02
1.505761146545410156e-01
5.627540946006774902e-01
1.293052881956100464e-01
1.670144200325012207e-01
1.897150129079818726e-01
1.994305551052093506e-01
2.462802082300186157e-01
4.104663729667663574e-01
1.552195250988006592e-01
2.490837275981903076e-01
2.786611020565032959e-01
3.667401969432830811e-01
1.002787873148918152e-01
1.073511689901351929e-01
1.355929076671600342e-01
2.365967929363250732e-01
3.206965625286102295e-01
1.359700560569763184e-01
1.333008706569671631e-01
4.880910813808441162e-01
1.819870769977569580e-01
1.017177104949951172e-01
2.543533444404602051e-01
1.558827012777328491e-01
1.990130692720413208e-01
3.105972409248352051e-01
8.522506803274154663e-02
1.163098886609077454e-01
1.346515864133834839e-01
5.813704729080200195e-01
1.698979735374450684e-01
1.985068172216415405e-01
8.992087095975875854e-02
3.063446283340454102e-01
1.617403328418731689e-01
1.660204529762268066e-01
1.284194737672805786e-01
8.254876732826232910e-02
2.004776597023010254e-01
3.375304639339447021e-01
2.709906101226806641e-01
3.280714452266693115e-01
3.318200111389160156e-01
1.989694088697433472e-01
1.966079622507095337e-01
8.906470239162445068e-02
1.545770466327667236e-01
2.650107741355895996e-01
2.940011322498321533e-01
1.376128196716308594e-01
4.338700175285339355e-01
1.690215617418289185e-01
2.013704329729080200e-01
2.190976440906524658e-01
2.053039819002151489e-01
1.679794937372207642e-01
1.754101514816284180e-01
1.514485180377960205e-01
2.726130783557891846e-01
2.849455177783966064e-01
1.469067931175231934e-01
2.355450540781021118e-01
2.795964181423187256e-01
1.380021423101425171e-01
1.134520247578620911e-01
2.572436034679412842e-01
2.025557458400726318e-01
1.506838798522949219e-01
1.457561999559402466e-01
5.290959030389785767e-02
1.177486628293991089e-01
4.153368473052978516e-01
2.999601960182189941e-01
3.785147070884704590e-01
2.470896542072296143e-01
1.390709728002548218e-01
1.988112181425094604e-01
1.742515563964843750e-01
1.552720963954925537e-01
1.930633634328842163e-01
3.090772330760955811e-01
1.211532205343246460e-01
3.802948892116546631e-01
1.316609233617782593e-01
2.000416666269302368e-01
2.339988201856613159e-01
2.262390553951263428e-01
2.195511460304260254e-01
1.087739765644073486e-01
1.343329846858978271e-01
3.232473433017730713e-01
1.561659276485443115e-01
1.473055630922317505e-01
4.180128276348114014e-01
9.564053267240524292e-02
1.600119918584823608e-01
1.061006933450698853e-01
1.546093225479125977e-01
4.040578603744506836e-01
2.106919437646865845e-01
1.118216514587402344e-01
2.798062860965728760e-01
1.422666311264038086e-01
1.124986186623573303e-01
3.288971483707427979e-01
1.188786700367927551e-01
1.723904907703399658e-01
3.293657004833221436e-01
2.355234473943710327e-01
1.153052225708961487e-01
1.023290008306503296e-01
1.806955635547637939e-01
1.838414669036865234e-01
2.737463414669036865e-01
1.793004870414733887e-01
1.515309810638427734e-01
1.445732265710830688e-01
2.016761153936386108e-01
8.643125742673873901e-02
3.224653601646423340e-01
1.695765405893325806e-01
4.064937531948089600e-01
2.654618322849273682e-01
7.432330399751663208e-02
1.300048083066940308e-01
3.495111465454101562e-01
7.279251515865325928e-02
1.284590661525726318e-01
1.357077509164810181e-01
1.362737268209457397e-01
2.829450368881225586e-01
2.293871641159057617e-01
1.863392293453216553e-01
1.269465982913970947e-01
1.266900151968002319e-01
4.129101932048797607e-01
3.073339760303497314e-01
2.018358856439590454e-01
2.728781998157501221e-01
1.246810033917427063e-01
8.981364965438842773e-02
1.024535074830055237e-01
3.745677769184112549e-01
2.748277783393859863e-01
8.737355470657348633e-02
2.520939111709594727e-01
2.234102338552474976e-01
2.914243340492248535e-01
3.882896900177001953e-01
8.376926183700561523e-02
1.499231755733489990e-01
1.514336615800857544e-01
1.354592889547348022e-01
5.016628503799438477e-01
2.053590714931488037e-01
1.677261143922805786e-01
2.377511858940124512e-01
2.793468236923217773e-01
2.005656063556671143e-01
9.225945174694061279e-02
1.212141662836074829e-01
1.438230127096176147e-01
3.204912543296813965e-01
1.415694952011108398e-01
9.112986922264099121e-02
3.407863080501556396e-01
5.893189460039138794e-02
1.202752888202667236e-01
2.712155878543853760e-01
1.830777525901794434e-01
3.032561838626861572e-01
1.838502883911132812e-01
9.138494729995727539e-02
1.090189293026924133e-01
1.070941835641860962e-01
2.368245273828506470e-01
3.610037863254547119e-01
2.503936290740966797e-01
3.011591732501983643e-01
2.376527488231658936e-01
2.588791549205780029e-01
2.173905372619628906e-01
1.066306680440902710e-01
1.771966814994812012e-01
1.735858172178268433e-01
1.970704793930053711e-01
1.821257621049880981e-01
2.885060608386993408e-01
3.055918812751770020e-01
2.258828729391098022e-01
3.366567194461822510e-01
4.813424646854400635e-01
1.431307643651962280e-01
3.384933471679687500e-01
2.244278341531753540e-01
8.150178939104080200e-02
4.124396443367004395e-01
3.675643801689147949e-01
4.167158901691436768e-01
3.704810440540313721e-01
2.305075526237487793e-01
1.616105437278747559e-01
3.012920618057250977e-01
1.066064834594726562e-01
3.230891525745391846e-01
8.154772967100143433e-02
2.588025629520416260e-01
3.636247217655181885e-01
2.214521318674087524e-01
2.018627226352691650e-01
3.337321281433105469e-01
2.593078017234802246e-01
1.862171292304992676e-01
1.027154624462127686e-01
1.871474236249923706e-01
1.144767403602600098e-01
2.109218090772628784e-01
2.110996395349502563e-01
2.201877981424331665e-01
1.313585191965103149e-01
1.791753768920898438e-01
1.812116354703903198e-01
3.007185161113739014e-01
3.192635774612426758e-01
2.495996505022048950e-01
1.802185177803039551e-01
1.696152240037918091e-01
9.724180400371551514e-02
2.896511852741241455e-01
2.354412674903869629e-01
1.302045136690139771e-01
1.491859108209609985e-01
1.417463123798370361e-01
3.408445119857788086e-01
1.370946764945983887e-01
1.426803022623062134e-01
3.099530935287475586e-01
2.675416171550750732e-01
1.029171794652938843e-01
1.720465421676635742e-01
1.741686314344406128e-01
2.065910547971725464e-01
1.904946118593215942e-01
2.364732623100280762e-01
4.480077028274536133e-01
1.263172030448913574e-01
1.656315028667449951e-01
1.323662847280502319e-01
2.598564922809600830e-01
1.698659509420394897e-01
2.806649804115295410e-01
2.982494235038757324e-01
9.731553494930267334e-02
6.379705667495727539e-02
7.159914076328277588e-02
1.269616931676864624e-01
1.242524236440658569e-01
2.471799552440643311e-01
3.936669230461120605e-01
2.196197360754013062e-01
1.043929904699325562e-01
1.485285609960556030e-01
3.044105172157287598e-01
1.436524391174316406e-01
1.191704496741294861e-01
1.569943130016326904e-01
1.729543358087539673e-01
2.898188233375549316e-01
2.859087586402893066e-01
1.247520074248313904e-01
3.509680926799774170e-01
1.786376833915710449e-01
1.057083904743194580e-01
1.275762766599655151e-01
2.708871066570281982e-01
2.049380689859390259e-01
2.359547615051269531e-01
2.135201096534729004e-01
1.174524053931236267e-01
1.453822255134582520e-01
1.246183738112449646e-01
1.006155982613563538e-01
2.186891287565231323e-01
1.239425018429756165e-01
1.083995625376701355e-01
7.150362432003021240e-02
1.111555770039558411e-01
2.208873331546783447e-01
1.133253127336502075e-01
3.060772716999053955e-01
9.055081754922866821e-02
1.637735962867736816e-01
4.007491767406463623e-01
1.303387284278869629e-01
1.254745870828628540e-01
1.381428092718124390e-01
1.360136568546295166e-01
9.744372963905334473e-02
3.072383701801300049e-01
4.158290624618530273e-01
7.729627192020416260e-02
1.706101298332214355e-01
1.723393946886062622e-01
1.760533452033996582e-01
1.470037847757339478e-01
2.417780011892318726e-01
1.506888717412948608e-01
1.768130511045455933e-01
1.821049153804779053e-01
1.290849447250366211e-01
1.523992866277694702e-01
1.217319965362548828e-01
4.448292255401611328e-01
2.885341048240661621e-01
3.467548787593841553e-01
1.438177973031997681e-01
3.323163986206054688e-01
2.593016624450683594e-01
1.331073343753814697e-01
1.903211176395416260e-01
2.289407253265380859e-01
1.976063698530197144e-01
2.380744814872741699e-01
2.259859889745712280e-01
1.407483071088790894e-01
1.746931970119476318e-01
1.870850324630737305e-01
1.984828561544418335e-01
1.710164994001388550e-01
1.928045749664306641e-01
3.122441172599792480e-01
2.064689397811889648e-01
7.814697921276092529e-02
1.867776960134506226e-01
1.342943459749221802e-01
1.010889261960983276e-01
2.183741331100463867e-01
1.311577260494232178e-01
1.228765398263931274e-01
1.611218750476837158e-01
1.859403848648071289e-01
2.176774144172668457e-01
1.323766410350799561e-01
2.037871479988098145e-01
3.042194843292236328e-01
2.741792500019073486e-01
3.963794112205505371e-01
1.315904706716537476e-01
1.508830338716506958e-01
9.533849358558654785e-02
1.283784508705139160e-01
3.041153848171234131e-01
2.441501170396804810e-01
2.299946248531341553e-01
8.373722434043884277e-02
1.782352626323699951e-01
1.554504185914993286e-01
3.473523259162902832e-01
2.552752494812011719e-01
2.021168470382690430e-01
1.980992853641510010e-01
1.804213374853134155e-01
8.573533594608306885e-02
7.266493886709213257e-02
2.015138715505599976e-01
2.229245603084564209e-01
1.226304844021797180e-01
3.499574065208435059e-01
2.463269978761672974e-01
1.112433448433876038e-01
2.493481189012527466e-01
1.453710049390792847e-01
1.622669845819473267e-01
3.824394643306732178e-01
1.477599740028381348e-01
1.310393512248992920e-01
1.604053676128387451e-01
1.753348112106323242e-01
2.372880280017852783e-01
2.389002144336700439e-01
1.742267757654190063e-01
2.903999984264373779e-01
1.870388090610504150e-01
1.763626188039779663e-01
1.774466931819915771e-01
2.906089425086975098e-01
2.665542066097259521e-01
3.944859504699707031e-01
3.556438088417053223e-01
1.110087186098098755e-01
1.846506297588348389e-01
1.187357231974601746e-01
2.259680181741714478e-01
1.441299468278884888e-01
1.594405770301818848e-01
3.428239524364471436e-01
3.748858273029327393e-01
1.305126249790191650e-01
8.377794921398162842e-02
1.694413721561431885e-01
7.991074025630950928e-02
1.517868041992187500e-01
3.332576453685760498e-01
1.810216754674911499e-01
1.775587052106857300e-01
1.869287490844726562e-01
2.788829505443572998e-01
1.146555915474891663e-01
2.647292912006378174e-01
2.735960483551025391e-01
2.569086253643035889e-01
1.412596255540847778e-01
1.857644468545913696e-01
1.995588093996047974e-01
9.739362448453903198e-02
1.989682167768478394e-01
3.037004470825195312e-01
1.560864597558975220e-01
1.401739418506622314e-01
2.776265144348144531e-01
3.458727300167083740e-01
2.968310415744781494e-01
3.292275369167327881e-01
1.333775818347930908e-01
4.790685772895812988e-01
4.061062335968017578e-01
6.125513836741447449e-02
1.471403241157531738e-01
3.456383049488067627e-01
2.038812339305877686e-01
1.365712136030197144e-01
1.342618465423583984e-01
1.772510558366775513e-01
2.188150435686111450e-01
1.634078323841094971e-01
1.110035330057144165e-01
8.792933076620101929e-02
2.082670181989669800e-01
2.136980593204498291e-01
2.849549949169158936e-01
1.551776379346847534e-01
8.252932131290435791e-02
8.685420453548431396e-02
1.061701998114585876e-01
4.404648244380950928e-01
1.412219405174255371e-01
2.697894871234893799e-01
2.805796563625335693e-01
2.720425426959991455e-01
2.890094518661499023e-01
2.769632935523986816e-01
2.103497236967086792e-01
1.691425293684005737e-01
2.851131260395050049e-01
1.233073174953460693e-01
1.767237782478332520e-01
2.076154798269271851e-01
2.622157037258148193e-01
1.380517184734344482e-01
2.530778050422668457e-01
1.901658177375793457e-01
1.268555372953414917e-01
1.865309029817581177e-01
1.401830911636352539e-01
2.541183829307556152e-01
1.576887220144271851e-01
3.038149476051330566e-01
1.688873916864395142e-01
2.668470442295074463e-01
3.712016940116882324e-01
2.591439783573150635e-01
1.309884041547775269e-01
1.491826176643371582e-01
2.233502119779586792e-01
1.125873774290084839e-01
2.211593091487884521e-01
6.965222954750061035e-02
2.741923928260803223e-01
1.336156576871871948e-01
1.031891554594039917e-01
2.079263180494308472e-01
1.841906756162643433e-01
1.155996471643447876e-01
1.392392367124557495e-01
2.090670466423034668e-01
1.063672527670860291e-01
1.294861733913421631e-01
3.897693455219268799e-01
5.068617463111877441e-01
3.278070986270904541e-01
2.084870636463165283e-01
2.378227412700653076e-01
1.943533271551132202e-01
2.624594271183013916e-01
3.046246469020843506e-01
2.676197290420532227e-01
5.168724656105041504e-01
3.244253993034362793e-01
1.921723634004592896e-01
2.355660647153854370e-01
1.972950100898742676e-01
1.174322962760925293e-01
2.200323343276977539e-01
2.567585706710815430e-01
1.848528981208801270e-01
1.335419267416000366e-01
3.713524341583251953e-01
1.495202630758285522e-01
3.222583234310150146e-01
3.187422156333923340e-01
1.323253512382507324e-01
2.580180466175079346e-01
2.220173478126525879e-01
2.523456811904907227e-01
2.344736158847808838e-01
3.860684633255004883e-01
3.117316663265228271e-01
6.104183569550514221e-02
3.165141344070434570e-01
5.152119323611259460e-02
1.168681904673576355e-01
1.170994117856025696e-01
2.527954578399658203e-01
2.189987301826477051e-01
1.643710285425186157e-01
1.538589894771575928e-01
2.853893935680389404e-01
7.048799842596054077e-02
1.250717937946319580e-01
1.739974468946456909e-01
1.316057592630386353e-01
2.048562616109848022e-01
1.699969172477722168e-01
2.546546757221221924e-01
1.169464513659477234e-01
2.277873605489730835e-01
2.008874565362930298e-01
9.479125589132308960e-02
1.189908161759376526e-01
1.978682279586791992e-01
1.752563416957855225e-01
1.982751190662384033e-01
1.219808533787727356e-01
1.870817095041275024e-01
1.321498602628707886e-01
2.290300577878952026e-01
1.189254224300384521e-01
2.478500753641128540e-01
3.378952741622924805e-01
1.939811557531356812e-01
2.309178113937377930e-01
1.805272251367568970e-01
3.142573833465576172e-01
1.433659046888351440e-01
9.957760572433471680e-02
1.554491072893142700e-01
1.714200824499130249e-01
1.581480801105499268e-01
8.004437386989593506e-02
1.553977131843566895e-01
2.815765142440795898e-01
2.987532913684844971e-01
1.462962776422500610e-01
8.203820139169692993e-02
8.220514655113220215e-02
3.085492551326751709e-01
9.704788774251937866e-02
3.329342007637023926e-01
2.620640993118286133e-01
1.632588952779769897e-01
1.623089611530303955e-01
1.658780127763748169e-01
3.302229344844818115e-01
1.936714798212051392e-01
9.288194030523300171e-02
4.197818338871002197e-01
2.016419917345046997e-01
2.451199144124984741e-01
2.626229822635650635e-01
9.823765605688095093e-02
9.279345721006393433e-02
1.520754992961883545e-01
3.378520309925079346e-01
9.194420278072357178e-02
2.791767120361328125e-01
1.897891014814376831e-01
1.384808719158172607e-01
1.804859489202499390e-01
1.987582892179489136e-01
1.417839378118515015e-01
2.385913580656051636e-01
1.459167003631591797e-01
2.617511749267578125e-01
1.043004691600799561e-01
2.458216398954391479e-01
9.460058808326721191e-02
1.988099664449691772e-01
3.502593934535980225e-01
4.047085940837860107e-01
3.457286059856414795e-01
1.840439736843109131e-01
1.722649633884429932e-01
1.294207721948623657e-01
3.336937725543975830e-01
2.059024870395660400e-01
9.357424080371856689e-02
1.382963061332702637e-01
1.441342234611511230e-01
1.510245501995086670e-01
3.070842921733856201e-01
1.046458184719085693e-01
1.798890233039855957e-01
3.460927307605743408e-01
1.978923976421356201e-01
3.472194671630859375e-01
1.096763834357261658e-01
8.445686101913452148e-02
1.234359890222549438e-01
1.686805784702301025e-01
1.046773418784141541e-01
2.852831780910491943e-01
3.347667455673217773e-01
2.346214950084686279e-01
1.562909036874771118e-01
3.059175014495849609e-01
4.085074365139007568e-01
1.355034857988357544e-01
8.999671041965484619e-02
2.468746006488800049e-01
2.893904447555541992e-01
2.179967015981674194e-01
1.566415876150131226e-01
1.723472476005554199e-01
1.848424971103668213e-01
1.060348600149154663e-01
4.628846049308776855e-01
2.898432016372680664e-01
2.270622849464416504e-01
2.684836685657501221e-01
2.359762936830520630e-01
3.562247455120086670e-01
1.026207506656646729e-01
4.446223974227905273e-01
1.923103481531143188e-01
1.962599158287048340e-01
1.254378259181976318e-01
1.682071834802627563e-01
4.132210016250610352e-01
1.373845785856246948e-01
2.369666397571563721e-01
2.760984003543853760e-01
2.090833783149719238e-01
3.179306983947753906e-01
1.280292421579360962e-01
2.937889695167541504e-01
4.373629689216613770e-01
1.737720072269439697e-01
3.101918101310729980e-01
2.511573433876037598e-01
2.179275155067443848e-01
3.915785849094390869e-01
1.316575109958648682e-01
4.267402589321136475e-01
2.176454365253448486e-01
1.887291520833969116e-01
1.584475338459014893e-01
4.430476129055023193e-01
1.824656128883361816e-01
3.541605174541473389e-01
2.621155977249145508e-01
1.423292607069015503e-01
2.496940940618515015e-01
3.567087948322296143e-01
5.033358931541442871e-01
2.263949364423751831e-01
1.008918434381484985e-01
1.475212574005126953e-01
1.246918514370918274e-01
2.067878693342208862e-01
2.120303809642791748e-01
2.967454493045806885e-01
1.124372854828834534e-01
9.798436611890792847e-02
4.297844171524047852e-01
1.911515295505523682e-01
2.696217000484466553e-01
2.198190242052078247e-01
3.321464657783508301e-01
1.021161749958992004e-01
1.092802956700325012e-01
2.510058581829071045e-01
1.298578828573226929e-01
1.626650840044021606e-01
2.224822342395782471e-01
8.638357371091842651e-02
2.957169115543365479e-01
9.125795215368270874e-02
1.848664730787277222e-01
1.560707986354827881e-01
2.004367560148239136e-01
1.414187997579574585e-01
3.084368407726287842e-01
1.964546889066696167e-01
2.055380344390869141e-01
1.107306778430938721e-01
1.198027804493904114e-01
2.901215255260467529e-01
1.394189000129699707e-01
1.856542229652404785e-01
1.733301132917404175e-01
1.059944555163383484e-01
2.346367686986923218e-01
1.680590510368347168e-01
7.678002119064331055e-02
1.698351800441741943e-01
4.194656014442443848e-01
1.407736092805862427e-01
1.920809298753738403e-01
2.525292336940765381e-01
1.723304092884063721e-01
1.066013202071189880e-01
2.052854746580123901e-01
3.717364072799682617e-01
2.001551389694213867e-01
1.573058515787124634e-01
4.096318781375885010e-01
1.258340626955032349e-01
3.287959992885589600e-01
2.301652282476425171e-01
2.622035741806030273e-01
3.324494659900665283e-01
1.845830678939819336e-01
1.635260730981826782e-01
1.161896288394927979e-01
1.375709027051925659e-01
1.115837022662162781e-01
1.643277257680892944e-01
1.786458641290664673e-01
1.258538216352462769e-01
2.009143531322479248e-01
2.307621091604232788e-01
2.382343858480453491e-01
2.391880005598068237e-01
3.557899594306945801e-01
1.896705478429794312e-01
2.767908573150634766e-01
3.411846458911895752e-01
1.878922581672668457e-01
2.534447312355041504e-01
3.037902712821960449e-01
1.192763149738311768e-01
2.493213415145874023e-01
2.349139153957366943e-01
1.271715760231018066e-01
1.101263388991355896e-01
1.359498053789138794e-01
1.762454360723495483e-01
2.894776165485382080e-01
1.775909811258316040e-01
1.275044381618499756e-01
2.157257944345474243e-01
3.058602511882781982e-01
9.131032973527908325e-02
1.765037477016448975e-01
1.387544274330139160e-01
1.513523161411285400e-01
1.173745170235633850e-01
1.879683285951614380e-01
2.790468931198120117e-01
1.888405978679656982e-01
3.155156672000885010e-01
1.967262476682662964e-01
1.101849600672721863e-01
1.706222444772720337e-01
1.548284888267517090e-01
1.973997950553894043e-01
4.463503658771514893e-01
3.185432255268096924e-01
2.773417234420776367e-01
2.450233399868011475e-01
1.058228462934494019e-01
2.414077222347259521e-01
1.451354771852493286e-01
2.968508899211883545e-01
2.449306100606918335e-01
1.550225913524627686e-01
2.949914336204528809e-01
7.479643076658248901e-02
3.519206941127777100e-01
1.623914539813995361e-01
1.063912659883499146e-01
9.697230905294418335e-02
1.731386482715606689e-01
1.913038492202758789e-01
1.325921863317489624e-01
1.598574519157409668e-01
3.792365491390228271e-01
3.103346824645996094e-01
2.191976755857467651e-01
2.090687453746795654e-01
3.488367497920989990e-01
1.473740190267562866e-01
2.635698318481445312e-01
1.923464983701705933e-01
1.659703105688095093e-01
1.248454153537750244e-01
2.764942944049835205e-01
2.312741875648498535e-01
1.409170925617218018e-01
2.165015190839767456e-01
1.524999290704727173e-01
6.454516947269439697e-02
1.940690428018569946e-01
9.792318195104598999e-02
1.900488287210464478e-01
1.036318391561508179e-01
9.124041348695755005e-02
1.129318475723266602e-01
2.331960648298263550e-01
2.154616415500640869e-01
2.776827812194824219e-01
1.473425626754760742e-01
2.389556169509887695e-01
2.673424780368804932e-01
2.757259607315063477e-01
1.126100569963455200e-01
3.475829660892486572e-01
2.534279823303222656e-01
1.486997604370117188e-01
1.027810946106910706e-01
1.718267500400543213e-01
1.197571381926536560e-01
3.385920524597167969e-01
1.377742290496826172e-01
1.032205969095230103e-01
2.418622374534606934e-01
1.871283352375030518e-01
4.476804733276367188e-01
3.436213731765747070e-01
2.389624565839767456e-01
1.912085562944412231e-01
1.149434372782707214e-01
2.963226139545440674e-01
1.979858875274658203e-01
2.457404583692550659e-01
2.024636566638946533e-01
3.540778458118438721e-01
2.697201073169708252e-01
2.686935961246490479e-01
