-8.947780294477070129e-09
4.786927311215549707e-04
4.970276495441794395e-05
1.330491213593631983e-04
-1.027752077789045870e-04
-5.547465407289564610e-04
2.928821959358174354e-05
-8.693174459040164948e-05
2.097777032759040594e-04
4.124402403249405324e-05
7.381245377473533154e-04
9.856997057795524597e-04
5.206516652833670378e-05
2.720529357347345467e-09
1.422493223799392581e-04
1.004595542326569557e-04
-9.275696356780827045e-04
-3.363901050761342049e-04
3.164483860018663108e-05
-1.556961137794132810e-06
2.748747647274285555e-04
9.205401147482916713e-05
-1.682401343714445829e-04
-1.327838253928348422e-04
-1.309148683503735811e-05
-4.500438444665633142e-05
-4.092277958989143372e-04
3.706818097271025181e-05
9.034573449753224850e-04
-3.072567415074445307e-05
1.677243380981963128e-05
5.690259058610536158e-06
-2.668573870323598385e-06
7.269915076903998852e-04
4.371737304609268904e-04
2.095476258546113968e-03
-1.220536069013178349e-04
1.514991745352745056e-04
1.658495457377284765e-04
-7.781930548844684381e-07
-5.579581193160265684e-05
9.873999078990891576e-05
-2.716364724619779736e-05
1.643938594497740269e-05
-3.401522917556576431e-05
1.515151746571063995e-02
1.261344295926392078e-03
-4.245332092978060246e-04
2.271389216184616089e-02
-1.338907313765957952e-04
-2.071627968689426780e-04
3.095066858804784715e-05
1.532121132186148316e-05
2.192588726757094264e-05
-6.519322050735354424e-05
-1.972909922187682241e-05
1.537684351205825806e-03
-2.274428698001429439e-05
-5.512106698006391525e-03
-8.708990935701876879e-05
-1.438111667084740475e-05
3.075641288887709379e-04
-1.273077214136719704e-04
-2.807916462188586593e-05
3.171341866254806519e-02
-1.196247285406570882e-05
7.768721843603998423e-05
-1.216962555190548301e-04
1.942483504535630345e-04
2.590322867035865784e-03
1.736543345032259822e-04
7.335949339903891087e-05
-2.084723746520467103e-05
-4.845655894314404577e-06
-3.131296398350968957e-05
8.961929415818303823e-05
3.323679848108440638e-04
5.740795168094336987e-04
3.558884491212666035e-04
-7.386836841760668904e-06
-1.254256931133568287e-04
-8.341109605680685490e-06
-1.154381388914771378e-04
-8.248267113231122494e-05
7.058234441359445555e-09
-4.839449320570565760e-05
2.737760769377928227e-05
-1.744585031993040047e-10
2.421415701974183321e-04
-1.359427096758736297e-05
-1.174054996226914227e-04
-7.281961734406650066e-05
2.404165081679821014e-02
1.924449179568910040e-06
-9.958010195987299085e-06
1.260906537936534733e-05
-1.407054369337856770e-04
-4.926002657157368958e-05
-7.605743303429335356e-05
-4.327921487856656313e-05
4.203807839076034725e-05
7.883798098191618919e-04
4.354703924036584795e-05
-5.766093454440124333e-05
1.183631320600397885e-04
-2.414818882243707776e-04
3.405455790925770998e-04
1.523339160485193133e-04
1.310497191298054531e-05
-7.627034210599958897e-04
1.261391116713639349e-05
7.770603406243026257e-04
-2.924868203990627080e-05
-7.292724330909550190e-05
5.229537055129185319e-05
-3.688869182951748371e-04
7.796489080647006631e-05
1.483859377913177013e-03
1.177666243165731430e-03
1.228342007379978895e-04
-1.329206770606106147e-05
1.442215580027550459e-05
-4.046919002576032653e-06
2.734864210651721805e-05
4.887474278802983463e-05
3.862734956783242524e-05
5.351843428798019886e-04
-6.670622678939253092e-05
8.060204891080502421e-06
4.247016622684895992e-04
-4.692003230388763768e-09
-9.163897630060091615e-05
8.575068204663693905e-05
-2.409028675174340606e-04
3.791976268985308707e-05
3.282265970483422279e-05
-2.183625838370062411e-05
6.100099999457597733e-04
-1.575655369379092008e-05
2.424013291602022946e-05
3.433098318055272102e-04
1.270374516025185585e-03
4.988572618458420038e-05
-3.289518353994935751e-04
-1.546653220430016518e-05
-4.915192403132095933e-05
2.518452856747899204e-05
2.832737300195731223e-05
-6.371967901941388845e-05
-5.167697599972598255e-05
6.230444796528900042e-06
-8.837877539917826653e-04
7.668511534575372934e-05
-1.099349028663709760e-04
-4.375136995804496109e-05
-1.755905759637244046e-05
2.778903933631227119e-07
1.213961804751306772e-04
5.780786523246206343e-05
9.692962630651891232e-04
2.478791575413197279e-04
5.530936177819967270e-04
-4.271680154488421977e-05
4.418553726281970739e-05
2.848445774361607619e-06
6.035235128365457058e-04
-3.199075581505894661e-05
-3.505231143208220601e-05
-1.265106686076933329e-09
1.105569845094578341e-05
8.136618998833000660e-05
-7.757829007459804416e-05
9.215670434059575200e-05
4.095055373909417540e-06
-5.251512629911303520e-04
5.516717465070541948e-06
8.570405043428763747e-05
2.056058001471683383e-04
-2.002711153181735426e-05
3.466262569418177009e-05
2.645739186846185476e-05
1.025002075039083138e-05
-1.893533953989390284e-05
-1.989805023185908794e-04
-1.287520863115787506e-04
9.555885480949655175e-05
1.461787906009703875e-05
-2.957159631478134543e-05
1.112722675316035748e-04
8.754908776609227061e-05
-2.090899652102962136e-04
1.704485475784167647e-04
-6.200809730216860771e-05
3.540870920915040188e-07
1.437638275092467666e-04
1.717380218906328082e-04
8.958400940173305571e-06
6.339208630379289389e-05
-5.675611901096999645e-04
4.776563961058855057e-03
1.255725510418415070e-04
-9.639965719543397427e-05
2.864273265004158020e-03
6.889961379208386916e-10
1.406912588208797388e-06
-7.647651364095509052e-04
-7.892042049206793308e-05
2.396818017587065697e-03
1.067505036189686507e-05
-1.042780877469340339e-05
-3.574519951143884100e-06
6.470852895290590823e-06
-3.900293086189776659e-05
-1.822838239604607224e-04
1.579831587150692940e-04
-3.381670103408396244e-04
6.969222886255010962e-05
6.795786248403601348e-06
1.031401916407048702e-04
7.385880599031224847e-05
2.408234140602871776e-04
1.602737938810605556e-05
5.880455137230455875e-04
-1.386765280386725863e-08
2.882895641960203648e-04
3.119761240668594837e-04
1.029349211603403091e-02
-3.796353412326425314e-04
-5.013999725633766502e-06
1.198247991851530969e-04
-2.481901901774108410e-05
3.133965583401732147e-05
2.029853058047592640e-04
1.510984584456309676e-04
1.165498088084859774e-05
-8.546544704586267471e-04
-2.305683892700471915e-06
2.281094384670723230e-05
1.183462973131099716e-05
4.881015411228872836e-05
-7.211273623397573829e-05
1.115136797125160228e-06
9.038630378199741244e-05
-7.447946700267493725e-05
3.272937465226277709e-05
2.833835196724976413e-06
-3.949232923332601786e-04
-4.872406716458499432e-04
2.551326178945600986e-04
-1.816362615869593355e-09
-2.281975866935681552e-05
1.058754642144776881e-04
9.766031325852964073e-06
-4.886076785624027252e-04
7.063705561449751258e-05
2.450349275022745132e-04
-6.572973688889760524e-06
-1.255643437616527081e-04
6.760368250979809090e-06
-7.340754382312297821e-04
1.182076637633144855e-03
-3.295438073109835386e-04
-2.450451720505952835e-04
-3.327866124891443178e-07
-4.242505383444949985e-05
-7.247819303302094340e-05
2.855340198948397301e-06
1.062634419213281944e-05
-3.232597373425960541e-04
1.397311189066385850e-05
6.878793938085436821e-04
5.247179651632905006e-04
-2.758341724984347820e-05
3.413207305129617453e-04
-6.212529115146026015e-05
5.565381434280425310e-05
6.707839929731562734e-05
7.072113021422410384e-06
3.107244629063643515e-05
7.907005056040361524e-05
1.284639711229829118e-05
6.975717406021431088e-05
4.269401833880692720e-04
-2.028800683007148109e-09
1.072724262485280633e-05
6.225407123565673828e-04
4.226109303999692202e-04
1.860878983279690146e-04
-2.081508864648640156e-04
3.498998703435063362e-03
-1.382818082262815551e-09
-1.116053390433080494e-04
1.094768740586005151e-04
-1.270411303266882896e-04
3.467818714852910489e-06
-5.080874689156189561e-05
3.870169166475534439e-04
-1.294141929975012317e-05
-4.468380066100507975e-04
1.152493132394738495e-05
-9.340771794086322188e-05
-5.471206895890645683e-05
-9.511175449006259441e-04
-3.718200241564773023e-05
9.442635928280651569e-04
-1.213086216012015939e-04
3.405758980079554021e-05
1.306911508436314762e-05
-1.535300689283758402e-04
8.852576720528304577e-04
2.485365439497400075e-05
4.530353180598467588e-04
2.010176831390708685e-05
3.473308170214295387e-04
-2.874552737921476364e-04
-1.411229313816875219e-04
2.433284684855152591e-10
-1.057722256518900394e-04
-4.031090793432667851e-05
-2.712152898311614990e-03
-2.099053235724568367e-03
-8.575821266276761889e-05
1.081074879039078951e-04
-1.810770598240196705e-03
-5.034202476963400841e-04
-7.872878923080861568e-04
-7.609452586621046066e-05
-1.597351547388825566e-05
7.418858149321749806e-05
7.555838965345174074e-05
1.820251172013342966e-09
3.807384346146136522e-04
3.735541249625384808e-04
1.482601510360836983e-04
6.364607088471530005e-06
-3.679970905068330467e-05
-1.062027440639212728e-04
1.574968482600525022e-04
-7.131308848329354078e-06
2.141283126547932625e-03
5.602960591204464436e-04
-1.986958377528935671e-04
6.560833298863144591e-07
-7.076722686178982258e-04
8.348335977643728256e-04
-6.795110493840184063e-06
5.205118213780224323e-04
1.518573699286207557e-04
2.945620333775877953e-03
2.005442478747454516e-09
-2.049842441920191050e-05
8.827206329442560673e-06
4.288190666557056829e-06
-2.613342076074331999e-06
4.391998320585344118e-09
1.979267399292439222e-04
1.251638877874938771e-06
2.836184576153755188e-04
-6.546679651364684105e-05
4.697246549767442048e-05
5.321811186149716377e-04
1.684860762907192111e-04
2.480351035671901627e-09
-6.150351691758260131e-05
2.866331851691938937e-05
-1.059455607901327312e-04
3.376299282535910606e-04
3.664867579936981201e-02
7.058444898575544357e-03
-5.732278441428206861e-05
1.054322419804520905e-04
5.333746333491262703e-09
-1.381398760713636875e-04
-2.077540411846712232e-04
-1.623512653168290854e-04
1.504605822265148163e-02
1.803607847250532359e-05
-2.180518822569865733e-05
1.744558539940044284e-04
9.628397529013454914e-04
9.911842425935901701e-06
5.831241142004728317e-04
2.471806248649954796e-03
5.560410209000110626e-04
2.637005411088466644e-03
4.014485166408121586e-04
-3.451726224739104509e-04
-4.346614878159016371e-05
4.173848719801753759e-05
3.858743366436101496e-05
1.161543332273140550e-04
3.532342379912734032e-04
3.250538065913133323e-05
-4.519656795309856534e-05
-6.494860281236469746e-05
-1.534869661554694176e-04
1.353344268864020705e-04
3.983096394222229719e-04
7.587160507682710886e-05
-5.125291063450276852e-04
4.581918801704887301e-06
-5.563494050875306129e-05
2.444123674649745226e-05
4.870019911322742701e-04
-2.609358634799718857e-03
-8.250482096627820283e-06
-8.134767085721250623e-06
-6.915951380506157875e-04
-4.698559132521040738e-05
-1.117512729251757264e-04
-9.080671588890254498e-05
-4.358092701295390725e-05
-1.867984246928244829e-05
-1.885497913463041186e-04
-3.056233617826364934e-05
2.033055643551051617e-04
-1.358256213279673830e-05
-4.553539838525466621e-06
1.362754755973583087e-05
6.787824418097443413e-07
-2.571732511569280177e-05
-6.856776890344917774e-04
-2.258279273519292474e-04
9.905213119054678828e-06
4.424569124239496887e-05
9.436453547095879912e-05
2.472859523550141603e-05
-1.891228748718276620e-05
-6.246816337807103992e-05
2.053560165222734213e-04
-2.121975740010384470e-05
3.959211462642997503e-04
-1.622040508664213121e-05
-6.584465154446661472e-05
3.415226470679044724e-03
-5.434139893623068929e-06
1.147926086559891701e-03
3.506766734062694013e-05
-1.834436989156529307e-04
2.320469357073307037e-03
1.123397087212651968e-04
1.239954435732215643e-04
-2.188717626268044114e-04
-5.733661101459119891e-09
-5.925592267885804176e-05
-3.114931814707233571e-06
2.168177161365747452e-04
3.452791861491277814e-05
2.221683462266810238e-05
1.213525328785181046e-02
2.328682057850528508e-05
-8.267485362978277408e-09
-4.068906491738744080e-05
1.065585995092988014e-03
1.086216288967989385e-04
6.358589162118732929e-04
-9.307252912549301982e-05
1.421208435203880072e-04
-4.787020224661375778e-10
4.079747668583877385e-06
-7.963220559759065509e-05
4.046996764373034239e-04
-4.705110768554732203e-05
-1.460595871321856976e-03
-1.050553983077406883e-04
3.169198459218591779e-09
1.488154288381338120e-02
3.166787209920585155e-04
-5.210921699472237378e-06
1.671153877396136522e-04
-2.056415178230963647e-05
4.237665561959147453e-04
1.879821502370759845e-05
-2.833267717505805194e-05
1.366347132716327906e-04
-3.805724918493069708e-05
-1.074031570169609040e-05
-1.118298241635784507e-04
-6.737395779055077583e-06
1.380224712193012238e-04
-3.376123824949672780e-09
3.494352276902645826e-04
1.149512536358088255e-05
-7.086180994519963861e-05
9.614627197152003646e-05
1.609926584933418781e-06
3.779995722652529366e-06
1.165578723885118961e-03
-3.289166779723018408e-04
1.327684294665232301e-04
-8.049678581301122904e-05
-2.320904968655668199e-06
2.556195795477833599e-06
-6.697124917991459370e-04
-2.963055339932907373e-05
2.676548547242418863e-06
5.833175964653491974e-04
8.846586752042640001e-06
-1.140350013884017244e-05
4.096115590073168278e-04
1.735628955066204071e-02
3.363032266497612000e-02
7.168354204623028636e-05
-2.368262539675924927e-05
-9.265519474865868688e-05
3.321360854897648096e-04
-1.083400056813843548e-04
1.319095463259145617e-04
-2.045638684649020433e-04
6.523220235976623371e-06
4.045115797879361708e-09
2.458678209222853184e-04
1.726412010611966252e-04
4.505491597228683531e-05
1.802642327675130218e-05
-2.751834038416944850e-10
-3.804346852120943367e-05
-3.812088107224553823e-05
3.083132833126001060e-05
9.740944951772689819e-03
-1.934594620252028108e-04
4.204290598863735795e-05
1.197706325910985470e-03
3.260080411564558744e-04
5.517210811376571655e-04
4.795672139152884483e-04
-8.249610546045005322e-04
-1.534128386992961168e-04
-1.298609822697471827e-05
2.903040149249136448e-05
-8.814498869469389319e-05
4.745004116557538509e-04
-1.290184081881307065e-05
-1.250544301001355052e-04
4.649061011150479317e-04
1.158392522484064102e-03
8.545020691030913440e-09
-1.359832094749435782e-04
1.546831845189444721e-05
-1.747235510265454650e-04
4.073025775142014027e-05
4.125799257792550634e-09
4.641992927645333111e-05
7.411079946905374527e-03
-1.296767877647653222e-04
2.546106989029794931e-04
1.270024920813739300e-03
8.837831046548672020e-06
-5.091451457701623440e-04
2.993167618114966899e-05
-4.550395715341437608e-06
1.150276395492255688e-03
2.077579556498676538e-04
5.170105850993422791e-06
6.969012611079961061e-05
-8.762701327214017510e-05
1.550682281958870590e-05
8.370426075998693705e-05
6.439519347622990608e-05
1.916591281769797206e-04
-2.771504223346710205e-04
-8.069848263403400779e-05
-2.984845703934979610e-09
-2.341111394343897700e-04
-1.345970813417807221e-04
9.634664820623584092e-06
-1.095648985938169062e-05
-6.367247551679611206e-04
-1.481683466408867389e-05
-1.886378413473721594e-06
-1.193801836052443832e-05
2.125801111105829477e-04
8.804116077953949571e-05
7.557487697340548038e-04
1.558577362447977066e-02
1.206239774731443504e-09
3.955654427409172058e-02
5.461393739096820354e-04
5.129273515194654465e-03
-7.263650331879034638e-05
-3.070720049436204135e-05
2.636110366438515484e-05
2.716823655646294355e-04
1.894649722089525312e-05
3.734756028279662132e-04
-1.430349948350340128e-04
3.086727811023592949e-04
-1.285993675992358476e-05
-6.372561620082706213e-05
6.382740684784948826e-05
-5.872114561498165131e-04
5.634333938360214233e-03
1.646478922339156270e-04
1.674912055023014545e-04
-1.740972402330953628e-05
7.258634286699816585e-05
7.068556850953200410e-09
4.342008614912629128e-04
-2.138039599230978638e-05
1.571199392813582563e-09
-2.565163958934135735e-05
-9.409000995219685137e-06
4.520705624599941075e-05
-4.686360261985100806e-05
-1.286171609535813332e-04
3.428392665227875113e-05
1.341623101325239986e-05
2.328243135707452893e-05
8.684978092787787318e-05
8.289432298624888062e-05
2.800927723001223058e-05
9.968556646811066457e-09
3.026935337402392179e-05
3.461442422121763229e-03
-1.027814811095595360e-03
-1.661574788158759475e-05
-3.750890391529537737e-05
-5.505030640051700175e-05
-3.968730379710905254e-05
-5.602929377346299589e-06
-8.366155816474929452e-05
1.309619401581585407e-03
-2.228554076282307506e-04
-2.968316548503935337e-04
-4.532621096586808562e-05
2.670952526386827230e-04
7.800052408128976822e-03
-5.259579629637300968e-04
6.483614910393953323e-03
6.004372844472527504e-04
-2.618294092826545238e-04
-8.730768968234770000e-06
1.642194256419315934e-04
-1.523625978734344244e-04
-6.943132611922919750e-04
-6.739542732248082757e-05
-3.942244802601635456e-06
1.939238980412483215e-03
2.554497681558132172e-03
1.937436536536552012e-05
1.252941183338407427e-05
2.321668580407276750e-04
3.106462536379694939e-04
-4.049088965984992683e-05
7.031115237623453140e-04
-1.743229040584992617e-05
-1.362562325084581971e-04
-3.445318361627869308e-05
1.792842755094170570e-03
-3.569152113414020278e-06
3.740646352525800467e-04
2.781114599201828241e-04
1.376269847241928801e-05
2.467529557179659605e-04
4.359964441391639411e-05
5.461796899908222258e-05
3.862134646624326706e-03
4.440028686076402664e-03
-1.676287138252519071e-05
-8.981514110928401351e-05
4.064305685460567474e-04
3.501373284962028265e-04
5.256416261545382440e-05
1.897146721603348851e-04
-9.081981261260807514e-05
2.705958671867847443e-02
7.101217488525435328e-05
2.235314241261221468e-05
-3.502732579363510013e-05
9.058251976966857910e-03
-1.903982629301026464e-04
2.876894362270832062e-02
-2.411255263723433018e-05
3.099731693509966135e-04
-1.826943771447986364e-04
-2.382591483183205128e-04
1.238449127413332462e-03
-5.948024045210331678e-05
1.578879600856453180e-04
6.215557805262506008e-04
4.735932634503114969e-06
6.102223051129840314e-05
-1.518176122772274539e-05
1.583598554134368896e-02
1.433541998267173767e-03
8.028219453990459442e-04
-4.993010079488158226e-04
-2.601912419777363539e-04
-6.202659569680690765e-04
-8.743037142266985029e-06
1.057543093338608742e-03
-3.331021236618880721e-09
1.765305548906326294e-02
6.020718046784168109e-06
2.872074901461019181e-06
2.149796455341856927e-05
-7.460299821104854345e-05
-3.763430286198854446e-04
2.020437823375687003e-04
-2.137333212886005640e-04
1.537104835733771324e-04
-2.959023404400795698e-04
3.504822234390303493e-05
-4.116475975024513900e-05
5.978631321340799332e-03
-3.987543823313899338e-05
-1.849459076765924692e-04
-8.196058479370549321e-05
-8.133081792038865387e-06
1.139573723776265979e-04
3.193918243050575256e-02
9.324875427410006523e-04
-2.274904545629397035e-04
-4.943383100908249617e-05
-5.014968701289035380e-05
2.649178204592317343e-04
-7.550906593678519130e-05
3.674750769278034568e-05
-1.105978080886416137e-04
5.005684943171218038e-05
-5.441075700218789279e-05
-4.723796882899478078e-05
-1.887022954178974032e-04
9.248964488506317139e-05
3.664069809019565582e-03
-4.601189721142873168e-05
1.342732412012992427e-05
-1.432091958122327924e-04
-2.577418053988367319e-04
1.238214434124529362e-03
9.645521640777587891e-04
-3.100742760580033064e-04
-4.297045234125107527e-05
2.865835558623075485e-04
-3.220037615392357111e-05
-1.313991015194915235e-05
3.975233994424343109e-05
1.976105704670771956e-05
3.350582922223566129e-09
2.117036456183996052e-05
-5.803199019283056259e-05
7.951343432068824768e-04
-5.294101811159634963e-06
-1.019818118841442356e-09
1.599560346221551299e-04
3.484755373150960622e-09
2.538438366173068061e-06
-2.634051954373717308e-03
2.340090759389568120e-05
4.363186890259385109e-04
-6.757656956324353814e-05
-3.711038152687251568e-04
8.301762136397883296e-06
2.623778709676116705e-04
-4.299970751162618399e-04
-3.603088771342299879e-05
1.556805364089086652e-04
-9.673305711999091727e-09
-2.220835303887724876e-04
1.080447909771464765e-04
-1.094007802748819813e-05
2.070707851089537144e-04
7.515817880630493164e-03
5.151552977622486651e-05
2.163420896977186203e-03
9.141235932474955916e-05
-1.625612867428571917e-06
9.525582527203368954e-07
-2.504340045561548322e-06
-2.405242594250012189e-05
-6.800364189984975383e-06
4.196991794742643833e-04
9.457457344979047775e-04
6.130742258392274380e-05
3.668005232881910160e-09
-2.965701060020364821e-05
-1.091223930416163057e-05
1.371718972222879529e-04
-1.693940721452236176e-03
1.645793986426724587e-06
-2.525911258999258280e-04
-8.938561950344592333e-05
6.095469507272355258e-05
1.695039682090282440e-04
-6.005059731251094490e-06
2.900568651966750622e-04
-2.084653679048642516e-04
1.559328084113076329e-04
1.005148864351212978e-03
2.718903706409037113e-04
-2.597154816612601280e-04
-6.192164437379688025e-05
7.087389240041375160e-04
2.283965295646339655e-04
3.165396265103481710e-05
5.793675663881003857e-04
4.937331541441380978e-04
6.379139563250646461e-07
1.168354137917049229e-04
-2.659521996974945068e-03
1.218577963300049305e-04
3.573296103454026706e-09
-1.141069969889940694e-05
-7.053577428450807929e-05
-9.380164556205272675e-05
-2.468005695845931768e-04
1.113988255383446813e-04
-4.411144254845567048e-05
8.704464416950941086e-04
5.961664282949641347e-05
4.934497337671928108e-05
7.395204647764330730e-06
-3.267108331783674657e-05
-6.674881442449986935e-04
-4.280366192688234150e-05
7.474137004464864731e-03
-7.482456567231565714e-05
4.829743411391973495e-03
1.594183500856161118e-03
-1.371078155898430850e-06
2.734397130552679300e-04
2.729518164414912462e-04
2.865787610062398016e-05
1.259155105799436569e-04
-2.917223719123285264e-05
-2.938513534900266677e-05
3.903312244801782072e-05
3.575436130631715059e-04
-6.661134648311417550e-07
5.223920197749976069e-06
-6.576721352757886052e-05
4.517663910519331694e-05
5.357961185836757068e-07
-2.910318435169756413e-04
1.378020824631676078e-04
1.561543671414256096e-03
4.553141479846090078e-04
-1.001030759653076530e-04
4.355714481789618731e-04
-1.216682867379859090e-04
4.644971049856394529e-04
1.096735923056257889e-05
-1.209160836879163980e-04
-1.138586449087597430e-04
1.931526867338106968e-06
-9.746042633196339011e-05
9.130492806434631348e-03
-3.976279986090958118e-04
1.667426986386999488e-04
-2.655085881997365505e-05
5.277534364722669125e-05
-1.915011853270698339e-05
-1.555323833599686623e-04
2.466130808898014948e-06
6.325848062260774896e-06
6.370442861225455999e-06
4.067450063303112984e-04
-1.541576639283448458e-04
-3.274216142017394304e-04
-5.096718268760014325e-06
-2.837356296367943287e-04
-3.127360469079576433e-05
-1.385635259794071317e-04
2.573239953562733717e-06
1.064942844095639884e-04
-3.235901203879620880e-06
1.599772658664733171e-04
-1.207535478897625580e-05
4.624042048817500472e-05
-9.236411424353718758e-04
3.809884219663217664e-05
1.105355913750827312e-04
1.047782017849385738e-03
-8.061609696596860886e-05
-2.523960210965014994e-05
-8.530027116648852825e-06
5.072047670751089754e-09
-1.252884374025597936e-08
-1.217119802277011331e-06
-2.069399488391354680e-04
7.424232899211347103e-05
-2.623451000545173883e-04
3.521542530506849289e-04
1.593548990786075592e-02
6.726241252863474074e-08
-1.865580852609127760e-04
1.329801598330959678e-04
3.286957053205696866e-06
3.498827281873673201e-04
-3.236470729461871088e-05
-2.832888276316225529e-04
2.751909196376800537e-04
-2.348377165617421269e-05
-1.491949369665235281e-04
6.479753210442140698e-05
-3.233547249692492187e-05
-1.860502379713580012e-05
1.719801919534802437e-03
-7.460873894160613418e-05
1.605986085451149847e-06
-4.002189380116760731e-04
4.072334559168666601e-05
-5.269530922724641187e-10
-2.375990334257949144e-05
2.087267785100266337e-04
9.275647607864812016e-05
2.081215381622314453e-03
1.771814095263835043e-05
9.555486612953245640e-04
-6.684265681542456150e-04
6.456222617998719215e-04
-2.340824539714958519e-05
-5.302334102452732623e-05
3.442497472860850394e-06
-6.422745354939252138e-05
2.917620804510079324e-05
-2.926300567196449265e-06
-1.677241925790440291e-05
2.749855921138077974e-04
1.433715224266052246e-04
5.017663170292507857e-06
7.198079023510217667e-03
-1.711931399768218398e-04
-4.445998236235482182e-09
6.230166945897508413e-06
3.140584449283778667e-04
2.211791070294566453e-05
3.468474096735008061e-05
-1.508362765889614820e-04
-3.987942545791156590e-05
1.201940176542848349e-05
-3.701299283420667052e-05
-2.329024428036063910e-04
-6.085695986257633194e-06
-6.003414910082938150e-06
7.890981942182406783e-05
1.196744342450983822e-04
8.759558113524690270e-06
8.686345972819253802e-05
3.982487833127379417e-04
1.147271032095886767e-04
-3.533969356794841588e-05
5.399269139161333442e-05
1.232059457834111527e-05
-4.253985025570727885e-05
-8.389997674385085702e-05
3.968024393543601036e-04
1.188871901831589639e-04
4.095511758350767195e-05
1.080460497178137302e-04
1.442829961888492107e-04
1.075312247849069536e-04
8.823016105452552438e-05
2.620202139951288700e-04
-4.598240593622904271e-06
8.768447514739818871e-06
2.217562869191169739e-04
6.289508310146629810e-04
1.628723402973264456e-04
-1.671836685090966057e-06
3.495782584650442004e-05
7.868969260016456246e-05
1.028966391459107399e-03
-3.144928268739022315e-05
1.129860058426856995e-02
1.136412029154598713e-04
-3.145008522551506758e-04
3.659239519038237631e-05
3.061872848775237799e-04
-3.628894410212524235e-05
-5.493420394486747682e-05
1.947407727129757404e-03
9.867570042842999101e-05
7.446847303071990609e-05
-1.567471917951479554e-04
3.976033258368261158e-05
-7.582618977153288142e-10
2.021824620896950364e-04
1.308252376475138590e-05
-9.359122827845567372e-07
-1.263897138414904475e-05
4.093216375622432679e-06
-3.700675151776522398e-04
8.095692610368132591e-04
5.868916632607579231e-04
-2.827741845976561308e-04
1.225661549142387230e-06
2.491209215804701671e-06
2.688692184165120125e-03
3.766580994124524295e-05
2.708838110265787691e-05
-2.006239083129912615e-05
-2.440800926706288010e-05
1.906207035062834620e-05
-3.038247814401984215e-05
2.263490750920027494e-04
2.514737425372004509e-04
2.103657607221975923e-05
6.833503721281886101e-05
-4.060664286953397095e-05
-9.037864401761908084e-06
2.189755626022815704e-02
4.877719766227528453e-05
6.873200763948261738e-04
-4.065712801093468443e-06
3.347779738760436885e-06
4.320774678490124643e-05
2.955224226752761751e-05
2.203494223067536950e-04
-2.026889887929428369e-05
7.038421608740463853e-05
-2.596880949568003416e-04
1.145060174167156219e-02
-3.831009235000237823e-05
-4.621542704086323283e-09
1.313361863140016794e-04
6.763541023246943951e-05
1.920989161590114236e-04
-1.310172083321958780e-04
-1.033682383422274143e-05
-1.437840273865731433e-05
4.069084752700291574e-05
4.275067476555705070e-05
-3.367085810168646276e-05
