1.085416316986083984e+01
9.909472465515136719e-01
4.992590427398681641e+00
-8.082805633544921875e+00
7.992458820343017578e+00
4.739268779754638672e+00
8.786441802978515625e+00
4.007322788238525391e+00
1.295497298240661621e+00
-5.175654411315917969e+00
1.165234088897705078e+00
1.495674252510070801e+00
-5.845237731933593750e+00
3.814266920089721680e+00
6.003871917724609375e+00
-1.014231324195861816e+00
-2.941134691238403320e+00
-2.271441698074340820e+00
6.056219577789306641e+00
1.073628807067871094e+01
-6.947385311126708984e+00
-6.389114856719970703e+00
1.213103532791137695e+00
8.380288124084472656e+00
2.394892215728759766e+00
8.712417602539062500e+00
1.374319791793823242e+00
9.957959175109863281e+00
2.127642154693603516e+00
2.336720943450927734e+00
-1.338135242462158203e+00
-3.172941684722900391e+00
3.753403425216674805e+00
1.277590370178222656e+01
1.212803077697753906e+01
-3.892809450626373291e-01
2.703589200973510742e+00
7.787099838256835938e+00
-2.841390110552310944e-02
8.862379938364028931e-02
-9.178890228271484375e+00
-3.441906690597534180e+00
-4.506456375122070312e+00
6.217419147491455078e+00
-2.508234977722167969e+00
-2.743258327245712280e-02
-3.453334048390388489e-02
9.307878494262695312e+00
4.422837734222412109e+00
5.184693336486816406e+00
-5.887881278991699219e+00
9.636861830949783325e-02
6.162210941314697266e+00
4.969684600830078125e+00
3.144142627716064453e+00
2.340215682983398438e+00
-3.907469034194946289e+00
5.350313663482666016e+00
4.670567035675048828e+00
7.893677711486816406e+00
7.515320301055908203e+00
3.021893024444580078e+00
3.341208457946777344e+00
5.446267127990722656e+00
4.316069930791854858e-02
9.971745491027832031e+00
3.442291319370269775e-01
6.351297378540039062e+00
-7.364939451217651367e-01
-6.137331724166870117e-01
-2.529806196689605713e-01
2.470260858535766602e+00
5.158710479736328125e+00
2.474042654037475586e+00
2.145643711090087891e+00
2.916076898574829102e+00
1.535617589950561523e+00
8.302985429763793945e-01
5.796866416931152344e+00
1.134845829010009766e+01
-4.349485397338867188e+00
2.549054622650146484e+00
7.300706863403320312e+00
-1.629018425941467285e+00
5.522018432617187500e+00
2.062617540359497070e+00
1.153820419311523438e+01
3.763798713684082031e+00
-4.018314838409423828e+00
1.628257513046264648e+00
5.159668326377868652e-01
3.867217302322387695e+00
7.590384483337402344e+00
-4.835069179534912109e-01
-1.347619771957397461e+00
6.429574012756347656e+00
-1.198099374771118164e+00
3.233824014663696289e+00
2.744835376739501953e+00
6.769502162933349609e-02
1.963783621788024902e+00
5.034988403320312500e+00
8.641118049621582031e+00
7.374472141265869141e+00
7.471256732940673828e+00
6.123287677764892578e+00
-1.035053920745849609e+01
4.477161884307861328e+00
4.699611663818359375e+00
5.387089252471923828e+00
8.638478279113769531e+00
1.520796179771423340e+00
2.576075792312622070e+00
-3.704259395599365234e-01
4.529970645904541016e+00
-2.204034328460693359e-01
7.945117473602294922e+00
4.388023376464843750e+00
6.848612308502197266e+00
7.780298709869384766e+00
-4.137087821960449219e+00
2.715334415435791016e+00
-2.619118928909301758e+00
-2.582639217376708984e+00
6.007030010223388672e-01
-3.816386938095092773e+00
-6.963194847106933594e+00
-9.100149154663085938e+00
1.307178401947021484e+01
-3.533564805984497070e+00
5.933744430541992188e+00
-3.323809862136840820e+00
-6.960899829864501953e+00
-1.561217665672302246e+00
4.182293891906738281e+00
2.816260814666748047e+00
-1.651396274566650391e+00
3.598426818847656250e+00
8.068137168884277344e+00
-1.378148198127746582e+00
1.425904369354248047e+01
-2.498058676719665527e-01
1.014342403411865234e+01
-1.266601800918579102e+00
2.713985681533813477e+00
-9.743039131164550781e+00
2.316638469696044922e+00
3.562321424484252930e+00
5.506969451904296875e+00
6.089304447174072266e+00
-2.409919738769531250e+00
6.585738182067871094e+00
-5.544754028320312500e+00
1.532201671600341797e+01
4.370637416839599609e+00
-5.034966468811035156e+00
3.748731374740600586e+00
3.883203268051147461e+00
1.004649353027343750e+01
2.819067955017089844e+00
9.994838714599609375e+00
3.700831651687622070e+00
2.051283597946166992e+00
3.018440246582031250e+00
6.810318470001220703e+00
3.004932999610900879e-01
3.799804210662841797e+00
5.691858768463134766e+00
5.902085304260253906e+00
-2.855180501937866211e+00
9.460094451904296875e+00
8.728375434875488281e+00
2.687007665634155273e+00
-1.307870447635650635e-01
-3.950349688529968262e-01
3.136198043823242188e+00
6.076434850692749023e-01
7.972919464111328125e+00
1.593987703323364258e+00
2.891778469085693359e+00
2.974194765090942383e+00
2.154449939727783203e+00
-2.566657781600952148e+00
-1.548568367958068848e+00
4.558162689208984375e+00
-2.474495768547058105e-01
7.990941405296325684e-01
7.438955903053283691e-01
1.203100323677062988e+00
3.063346862792968750e+00
9.857379794120788574e-01
7.922146916389465332e-01
1.567193150520324707e+00
-3.128838777542114258e+00
9.084054946899414062e+00
-2.893107891082763672e+00
-4.873551845550537109e+00
8.817812919616699219e+00
6.884301185607910156e+00
6.341423988342285156e-01
2.398108243942260742e+00
2.872530460357666016e+00
1.003047943115234375e+00
1.509837388992309570e+00
-5.542701721191406250e+00
8.595934867858886719e+00
1.050260257720947266e+01
1.583351016044616699e+00
-3.694231510162353516e+00
1.106708526611328125e+01
6.102438449859619141e+00
1.038606262207031250e+01
5.895222663879394531e+00
1.293223500251770020e-01
5.029159545898437500e+00
8.785669326782226562e+00
3.593362331390380859e+00
-3.361823558807373047e+00
1.144763454794883728e-01
1.139181852340698242e+00
4.122805595397949219e+00
-3.580549001693725586e+00
7.438426494598388672e+00
-3.108883380889892578e+00
1.298083782196044922e+00
-1.517313718795776367e-02
2.514831781387329102e+00
4.339129328727722168e-01
5.546327590942382812e+00
-2.723788022994995117e+00
-4.700022220611572266e+00
-5.994607210159301758e-01
5.094819068908691406e+00
-7.665559649467468262e-01
4.895760059356689453e+00
-8.739565849304199219e+00
2.459491252899169922e+00
6.591992855072021484e+00
-1.957688450813293457e+00
-2.224695444107055664e+00
1.256056308746337891e+01
3.215566650032997131e-02
2.014240175485610962e-01
7.269011974334716797e+00
1.405954170227050781e+01
5.374318122863769531e+00
9.985282421112060547e-01
7.723812103271484375e+00
5.970989227294921875e+00
-7.276237964630126953e+00
-7.274737834930419922e+00
-3.125956952571868896e-01
1.031543540954589844e+01
2.628266334533691406e+00
4.065911769866943359e+00
5.660574913024902344e+00
-9.076257705688476562e+00
-1.234435677528381348e+00
9.835445404052734375e+00
2.068789005279541016e+00
-1.510396242141723633e+00
4.679018497467041016e+00
3.936423063278198242e+00
2.313626527786254883e+00
1.285130143165588379e+00
-4.821849822998046875e+00
5.718383789062500000e+00
-2.564715623855590820e+00
2.220681667327880859e+00
1.168293190002441406e+01
4.808071136474609375e+00
3.056240797042846680e+00
2.178289175033569336e+00
4.232765674591064453e+00
4.643284320831298828e+00
4.666492462158203125e+00
7.631628036499023438e+00
6.932159423828125000e+00
-3.772068977355957031e+00
2.377396821975708008e+00
8.749359130859375000e+00
-3.500029802322387695e+00
-1.473237037658691406e+00
8.541915893554687500e+00
5.958703041076660156e+00
1.659373474121093750e+01
2.893802165985107422e+00
9.006926536560058594e+00
1.798471331596374512e+00
5.034302711486816406e+00
-4.674477279186248779e-01
1.589353084564208984e+00
5.786575794219970703e+00
-7.322160243988037109e+00
1.005950355529785156e+01
-4.688061714172363281e+00
6.526320934295654297e+00
-2.832516670227050781e+00
8.189219474792480469e+00
2.297124385833740234e+00
9.012106895446777344e+00
3.425389766693115234e+00
7.333395957946777344e+00
1.095280170440673828e+01
-2.942627668380737305e+00
-1.570447206497192383e+00
4.174973487854003906e+00
1.370512366294860840e+00
-3.428397178649902344e+00
9.510463714599609375e+00
-3.020857334136962891e+00
3.079746961593627930e+00
1.542970943450927734e+01
6.306994557380676270e-01
4.003924846649169922e+00
-2.885983884334564209e-01
-1.204219102859497070e+00
1.672154426574707031e+00
1.699299573898315430e+00
2.614220380783081055e+00
1.564917206764221191e+00
9.718282520771026611e-02
-9.179010987281799316e-01
1.539518713951110840e+00
-1.785312175750732422e+00
1.422164535522460938e+01
-3.586818695068359375e+00
-1.585355758666992188e+01
5.735257625579833984e+00
-7.246027886867523193e-02
5.761923313140869141e+00
3.011936426162719727e+00
-1.187528014183044434e+00
2.683911800384521484e+00
4.755411148071289062e+00
1.146426105499267578e+01
2.255477190017700195e+00
1.837859630584716797e+00
2.376657724380493164e-01
7.926315784454345703e+00
3.505260705947875977e+00
3.898482561111450195e+00
2.634430646896362305e+00
1.121563339233398438e+01
7.112296104431152344e+00
5.344257354736328125e+00
5.905827999114990234e+00
-3.989191532135009766e+00
4.787088632583618164e-01
5.514186859130859375e+00
-9.766999244689941406e+00
-1.685985207557678223e+00
5.210945606231689453e+00
4.774227142333984375e+00
6.716258049011230469e+00
9.731313705444335938e+00
-1.349510073661804199e+00
1.335950851440429688e+00
-3.407996654510498047e+00
3.663175106048583984e-01
2.366015195846557617e+00
-3.640871047973632812e+00
3.082169532775878906e+00
7.164683818817138672e+00
1.110759735107421875e+01
-5.226806640625000000e+00
-2.804531574249267578e+00
3.200062990188598633e+00
-1.500992298126220703e+01
7.622843980789184570e-01
7.178696990013122559e-01
-5.086080074310302734e+00
-1.873961091041564941e-01
1.370912551879882812e+00
1.901661157608032227e+00
2.774056434631347656e+00
7.701724052429199219e+00
9.183098793029785156e+00
1.759963333606719971e-01
4.345613002777099609e+00
-1.770531058311462402e+00
9.231431007385253906e+00
2.347736597061157227e+00
-2.556511878967285156e+00
3.481195449829101562e+00
3.197669029235839844e+00
-6.201740503311157227e-01
9.542684555053710938e+00
1.711924076080322266e+00
2.833660840988159180e+00
2.958476543426513672e+00
-7.030117511749267578e+00
3.788800954818725586e+00
1.120871543884277344e+01
-3.997393846511840820e+00
-6.138550758361816406e+00
-2.533263206481933594e+00
-5.298684239387512207e-01
-3.508208394050598145e-01
-4.747213363647460938e+00
4.671320438385009766e+00
-5.223473548889160156e+00
2.320911169052124023e+00
2.154219336807727814e-02
-2.213484764099121094e+00
-4.726762771606445312e+00
2.813682317733764648e+00
4.395541667938232422e+00
-6.539010524749755859e+00
8.548854589462280273e-01
-7.449802875518798828e+00
9.968063831329345703e-01
1.037532329559326172e+00
-4.177599430084228516e+00
-1.490182638168334961e+00
1.274191474914550781e+01
3.996336162090301514e-01
2.819971323013305664e+00
6.691039085388183594e+00
4.885015964508056641e+00
3.675102293491363525e-01
-6.414915323257446289e-01
2.011236429214477539e+00
-1.595541596412658691e+00
-6.877842903137207031e+00
2.436297893524169922e+00
3.555305719375610352e+00
8.098068237304687500e+00
-2.079207599163055420e-01
1.334386634826660156e+01
-4.680592715740203857e-01
4.613440990447998047e+00
3.863397836685180664e-01
-3.129132986068725586e+00
9.763158798217773438e+00
1.881332397460937500e+00
6.284530162811279297e-01
-7.106338977813720703e+00
-2.559634447097778320e-01
-5.449178695678710938e+00
1.049375534057617188e+01
3.204102277755737305e+00
-4.584314346313476562e+00
-6.064919948577880859e+00
1.439078712463378906e+01
5.036274909973144531e+00
-1.511345624923706055e+00
1.245529174804687500e+00
4.216192245483398438e+00
7.014753341674804688e+00
3.589940786361694336e+00
1.097860693931579590e+00
-1.447544455528259277e+00
-9.012888073921203613e-01
1.958568215370178223e+00
-1.041962027549743652e+00
6.612480163574218750e+00
2.972340822219848633e+00
9.525966644287109375e+00
1.721323847770690918e+00
-1.481900215148925781e+00
-7.605656623840332031e+00
1.453420400619506836e+00
6.581303596496582031e+00
2.918734312057495117e+00
1.364185452461242676e+00
1.729850471019744873e-01
1.079497694969177246e+00
3.208355665206909180e+00
-1.189660072326660156e+00
7.318890094757080078e+00
-7.278071045875549316e-01
4.121872901916503906e+00
4.281687736511230469e+00
-9.442358016967773438e+00
-2.697748422622680664e+00
-1.011394119262695312e+01
4.571127891540527344e+00
1.661284327507019043e+00
8.669527053833007812e+00
9.254695892333984375e+00
2.166452884674072266e+00
-3.452244281768798828e+00
5.222122669219970703e+00
-4.181363582611083984e+00
1.004511594772338867e+00
4.263640403747558594e+00
1.658645749092102051e+00
4.825280189514160156e+00
6.821495532989501953e+00
2.377810716629028320e+00
2.398956775665283203e+00
7.489617347717285156e+00
1.275601959228515625e+01
1.912741541862487793e+00
4.574637889862060547e+00
8.104071617126464844e+00
2.034660339355468750e+00
1.700312423706054688e+01
1.198747515678405762e+00
4.731563091278076172e+00
1.943744182586669922e+00
3.241289377212524414e+00
1.068655729293823242e+00
6.855876445770263672e+00
1.536069035530090332e+00
1.092858433723449707e+00
-5.359772205352783203e+00
2.640631675720214844e+00
1.899946928024291992e+00
3.172437667846679688e+00
2.105005979537963867e+00
