5.061569064855575562e-02
2.445148676633834839e-02
1.907457783818244934e-02
7.939759641885757446e-02
-3.117078915238380432e-02
-3.381024813279509544e-03
1.417643483728170395e-02
5.513496696949005127e-02
-6.719981878995895386e-02
1.880937255918979645e-02
-4.189650993794202805e-03
4.414075985550880432e-03
1.488514523953199387e-02
-7.907005026936531067e-03
4.833782557398080826e-03
-1.641721348278224468e-03
2.263906598091125488e-02
2.704397961497306824e-02
3.583970293402671814e-02
5.049105733633041382e-03
-5.617823079228401184e-02
-3.540745005011558533e-02
5.912429466843605042e-02
1.334415376186370850e-02
-2.462854608893394470e-02
-4.038844257593154907e-02
-2.259282395243644714e-02
-1.471578795462846756e-02
4.787483438849449158e-02
4.409038275480270386e-02
5.474016070365905762e-02
2.964098006486892700e-02
1.883910223841667175e-02
-2.042776346206665039e-02
2.868508733808994293e-02
-1.541154738515615463e-02
-2.330947900190949440e-03
-1.129946392029523849e-02
-1.733084209263324738e-02
-4.018463194370269775e-02
-2.466467022895812988e-02
2.179670147597789764e-02
5.345209687948226929e-02
9.511502832174301147e-02
5.984066519886255264e-03
4.848641529679298401e-02
8.809501677751541138e-02
1.933095231652259827e-02
4.019151628017425537e-02
5.287440493702888489e-02
3.003807924687862396e-02
8.488708175718784332e-03
1.293057855218648911e-02
5.718718096613883972e-02
-7.240874320268630981e-02
-7.898592390120029449e-03
-4.125060047954320908e-03
3.026510030031204224e-02
2.252846956253051758e-02
2.528966031968593597e-02
2.776831202208995819e-02
3.090038895606994629e-02
-2.305427752435207367e-02
-2.465324848890304565e-02
3.533296287059783936e-02
3.197755431756377220e-03
5.496407300233840942e-02
-4.013878758996725082e-03
5.637209489941596985e-02
7.484899833798408508e-03
-2.007821388542652130e-02
2.482388541102409363e-02
-1.798772020265460014e-03
4.823918920010328293e-03
8.376309275627136230e-02
6.357840448617935181e-02
-3.531708614900708199e-03
7.405285537242889404e-02
3.092237189412117004e-02
-2.248579077422618866e-02
6.321739405393600464e-02
8.816699683666229248e-02
7.206122577190399170e-02
4.735235590487718582e-03
8.466818369925022125e-03
-6.983752548694610596e-02
2.535230852663516998e-02
-4.383458569645881653e-02
-1.385572925209999084e-02
4.047222435474395752e-02
-1.323443371802568436e-02
6.245315074920654297e-02
2.955071628093719482e-02
2.132684737443923950e-02
-4.308782145380973816e-02
-2.292261086404323578e-02
2.284432761371135712e-02
1.879870705306529999e-02
-9.568485431373119354e-03
1.721782796084880829e-02
6.238353624939918518e-02
4.549528006464242935e-03
3.313136100769042969e-02
1.262601185590028763e-02
3.353455662727355957e-02
3.201853949576616287e-03
5.189841985702514648e-02
-4.251722618937492371e-02
-5.531835835427045822e-03
1.833703368902206421e-02
5.439713131636381149e-03
4.385092481970787048e-02
9.450174123048782349e-02
1.078393030911684036e-02
8.843194693326950073e-02
9.688853472471237183e-02
-1.146030612289905548e-02
-1.190733071416616440e-02
1.024668384343385696e-02
-1.102425623685121536e-02
-2.258768118917942047e-02
7.894698530435562134e-02
8.643641322851181030e-02
5.599151179194450378e-02
4.340342059731483459e-02
3.446026705205440521e-03
4.534722119569778442e-02
6.578968465328216553e-02
