1.004993677139282227e+00
1.024675250053405762e+00
9.864525198936462402e-01
9.993199706077575684e-01
1.016474962234497070e+00
9.935751557350158691e-01
1.006921410560607910e+00
9.758219122886657715e-01
9.807563424110412598e-01
1.013737440109252930e+00
1.000169873237609863e+00
9.936098456382751465e-01
1.005997180938720703e+00
1.000800967216491699e+00
9.910742044448852539e-01
1.013074398040771484e+00
9.874901771545410156e-01
9.715098142623901367e-01
1.001821875572204590e+00
9.889103770256042480e-01
9.883708953857421875e-01
1.018976211547851562e+00
1.007894515991210938e+00
1.023785591125488281e+00
9.757512211799621582e-01
1.015231251716613770e+00
1.039672613143920898e+00
1.021930575370788574e+00
9.844990968704223633e-01
9.908413887023925781e-01
1.022385954856872559e+00
9.924949407577514648e-01
9.817481040954589844e-01
9.819368124008178711e-01
1.018112421035766602e+00
9.884384870529174805e-01
1.015618324279785156e+00
9.712882637977600098e-01
1.018815517425537109e+00
1.010787129402160645e+00
1.050164818763732910e+00
9.968904852867126465e-01
9.943214654922485352e-01
1.005243659019470215e+00
9.849423766136169434e-01
1.003581881523132324e+00
9.912284612655639648e-01
1.014005184173583984e+00
9.891199469566345215e-01
9.776977300643920898e-01
9.971148371696472168e-01
9.807908535003662109e-01
1.031015515327453613e+00
9.979780316352844238e-01
1.017876863479614258e+00
9.796167612075805664e-01
1.033239364624023438e+00
9.963212013244628906e-01
9.946765899658203125e-01
1.008767962455749512e+00
9.933066368103027344e-01
9.774893522262573242e-01
1.009060382843017578e+00
1.043915987014770508e+00
1.026401877403259277e+00
9.816754460334777832e-01
1.021011114120483398e+00
1.023630738258361816e+00
1.017775416374206543e+00
9.981684684753417969e-01
9.844133853912353516e-01
9.950373172760009766e-01
9.964799880981445312e-01
9.934405684471130371e-01
9.901635646820068359e-01
9.939287304878234863e-01
9.782369732856750488e-01
1.005651831626892090e+00
9.952554702758789062e-01
9.718666076660156250e-01
9.780937433242797852e-01
9.883807301521301270e-01
9.974370002746582031e-01
1.006063461303710938e+00
1.007449507713317871e+00
1.005668401718139648e+00
9.959970116615295410e-01
9.905927181243896484e-01
9.791409373283386230e-01
9.899593591690063477e-01
9.951667785644531250e-01
9.805003404617309570e-01
9.919626116752624512e-01
9.914718866348266602e-01
9.894873499870300293e-01
9.770700931549072266e-01
1.036710023880004883e+00
9.993372559547424316e-01
1.006103396415710449e+00
9.982810020446777344e-01
9.879820942878723145e-01
1.035489916801452637e+00
1.002864122390747070e+00
9.877844452857971191e-01
9.891710281372070312e-01
9.776687622070312500e-01
9.949067831039428711e-01
9.924253821372985840e-01
1.035061240196228027e+00
9.904640316963195801e-01
1.011094331741333008e+00
1.016028761863708496e+00
9.989203810691833496e-01
9.957550764083862305e-01
1.051370859146118164e+00
1.007472515106201172e+00
9.931519031524658203e-01
9.931053519248962402e-01
9.810140132904052734e-01
9.957714080810546875e-01
1.004115939140319824e+00
9.862033128738403320e-01
9.836283922195434570e-01
1.008978366851806641e+00
1.009507179260253906e+00
1.002691030502319336e+00
9.977701306343078613e-01
1.015448689460754395e+00
9.768980145454406738e-01
9.869984984397888184e-01
9.952688813209533691e-01
9.957445859909057617e-01
1.001402974128723145e+00
9.932214021682739258e-01
9.858466982841491699e-01
9.972603917121887207e-01
9.827858805656433105e-01
9.713023900985717773e-01
9.899464249610900879e-01
9.927407503128051758e-01
9.917131066322326660e-01
9.918099045753479004e-01
9.848247766494750977e-01
1.021318078041076660e+00
1.035479426383972168e+00
1.003111124038696289e+00
1.023724198341369629e+00
9.760299921035766602e-01
1.014775156974792480e+00
1.017954826354980469e+00
1.053491473197937012e+00
9.802309870719909668e-01
9.901638627052307129e-01
1.003008127212524414e+00
9.844172596931457520e-01
1.004114270210266113e+00
1.006382226943969727e+00
9.993667006492614746e-01
1.002516031265258789e+00
1.017471313476562500e+00
9.955775141716003418e-01
1.005258202552795410e+00
9.910362362861633301e-01
9.913787841796875000e-01
1.007151603698730469e+00
1.008247852325439453e+00
9.748753905296325684e-01
9.875069260597229004e-01
9.866170287132263184e-01
1.030398845672607422e+00
9.997456073760986328e-01
9.928383231163024902e-01
9.813559651374816895e-01
9.960795640945434570e-01
9.933074116706848145e-01
1.053982734680175781e+00
9.884344935417175293e-01
1.009175658226013184e+00
1.003968119621276855e+00
9.989406466484069824e-01
9.795793294906616211e-01
1.041433691978454590e+00
1.002328634262084961e+00
9.872127771377563477e-01
1.006267666816711426e+00
1.002420186996459961e+00
9.966896176338195801e-01
9.771746397018432617e-01
1.003030776977539062e+00
1.008230209350585938e+00
1.003206491470336914e+00
9.984238147735595703e-01
9.984928369522094727e-01
1.004905462265014648e+00
9.942053556442260742e-01
9.962342381477355957e-01
9.989532828330993652e-01
1.022428274154663086e+00
9.957805871963500977e-01
9.842656850814819336e-01
9.769800901412963867e-01
9.952095746994018555e-01
1.008253216743469238e+00
9.891889691352844238e-01
9.965345859527587891e-01
1.012954592704772949e+00
9.767585992813110352e-01
1.000439763069152832e+00
1.023506760597229004e+00
9.834940433502197266e-01
1.011141657829284668e+00
1.005075097084045410e+00
9.887170195579528809e-01
1.003499388694763184e+00
1.009513020515441895e+00
1.003762245178222656e+00
9.711394309997558594e-01
9.869002699851989746e-01
9.859627485275268555e-01
9.890492558479309082e-01
9.934046864509582520e-01
1.015397548675537109e+00
9.885600805282592773e-01
9.928472638130187988e-01
1.007704615592956543e+00
1.001314043998718262e+00
9.982572793960571289e-01
1.002146482467651367e+00
9.869647622108459473e-01
9.905016422271728516e-01
1.020185112953186035e+00
1.003996849060058594e+00
9.992668628692626953e-01
9.892000555992126465e-01
9.856193065643310547e-01
1.004212617874145508e+00
1.011822700500488281e+00
1.004877805709838867e+00
9.963489174842834473e-01
9.996339678764343262e-01
9.901987314224243164e-01
1.001506328582763672e+00
9.901990294456481934e-01
9.814606308937072754e-01
9.984405040740966797e-01
1.004408836364746094e+00
9.917159676551818848e-01
9.926112294197082520e-01
9.803125858306884766e-01
1.004225134849548340e+00
9.894847273826599121e-01
1.044743657112121582e+00
9.897548556327819824e-01
1.006534576416015625e+00
9.814761281013488770e-01
9.949375987052917480e-01
9.790610671043395996e-01
1.048033833503723145e+00
1.004034399986267090e+00
9.915311336517333984e-01
9.995530843734741211e-01
1.004655957221984863e+00
9.850854873657226562e-01
9.800500273704528809e-01
1.014905810356140137e+00
9.934315085411071777e-01
9.950821399688720703e-01
1.000112891197204590e+00
1.013691306114196777e+00
9.932092428207397461e-01
1.015159249305725098e+00
1.016567349433898926e+00
1.023940086364746094e+00
9.737902283668518066e-01
1.012477278709411621e+00
1.000697255134582520e+00
1.022135138511657715e+00
9.793025255203247070e-01
9.883004426956176758e-01
1.010938644409179688e+00
1.001824736595153809e+00
9.864673018455505371e-01
9.864114522933959961e-01
9.978303313255310059e-01
1.007437944412231445e+00
9.768000245094299316e-01
9.959318041801452637e-01
1.066371679306030273e+00
9.814761281013488770e-01
9.999089241027832031e-01
1.006763696670532227e+00
9.852368235588073730e-01
9.920274615287780762e-01
9.991794228553771973e-01
1.009807348251342773e+00
1.004313826560974121e+00
9.964423775672912598e-01
1.031284093856811523e+00
9.943851232528686523e-01
1.006977558135986328e+00
1.023488521575927734e+00
1.002398848533630371e+00
9.993215799331665039e-01
9.942384362220764160e-01
1.048251032829284668e+00
9.979699254035949707e-01
1.009654283523559570e+00
9.764819145202636719e-01
1.003993153572082520e+00
1.070930361747741699e+00
9.740768074989318848e-01
9.811851978302001953e-01
9.841264486312866211e-01
9.909434318542480469e-01
9.985411167144775391e-01
1.022356033325195312e+00
9.810405969619750977e-01
9.981625676155090332e-01
9.711627364158630371e-01
9.858691096305847168e-01
9.933491945266723633e-01
9.805603623390197754e-01
9.865815639495849609e-01
9.893924593925476074e-01
9.839273095130920410e-01
9.989401698112487793e-01
9.818693399429321289e-01
1.024143815040588379e+00
1.010239124298095703e+00
1.001951098442077637e+00
9.977371692657470703e-01
9.830840826034545898e-01
9.946602582931518555e-01
9.887419939041137695e-01
1.016122221946716309e+00
1.014635086059570312e+00
1.000736474990844727e+00
9.804048538208007812e-01
9.923127889633178711e-01
9.851371645927429199e-01
9.815031290054321289e-01
9.794328808784484863e-01
9.778675436973571777e-01
9.973034262657165527e-01
9.915568232536315918e-01
9.967665672302246094e-01
9.954983592033386230e-01
9.948253631591796875e-01
1.014102220535278320e+00
9.864819049835205078e-01
9.928079843521118164e-01
9.998075962066650391e-01
9.963753819465637207e-01
1.004308700561523438e+00
9.898686408996582031e-01
9.996763467788696289e-01
9.950230717658996582e-01
1.041858553886413574e+00
9.894653558731079102e-01
9.934940934181213379e-01
1.027625083923339844e+00
1.003079295158386230e+00
9.869329333305358887e-01
9.808392524719238281e-01
1.023999929428100586e+00
9.989365339279174805e-01
9.796631932258605957e-01
1.013636589050292969e+00
9.872291088104248047e-01
1.003750681877136230e+00
1.018555283546447754e+00
1.001374125480651855e+00
1.045908212661743164e+00
9.945647716522216797e-01
9.889493584632873535e-01
9.753370285034179688e-01
9.851152300834655762e-01
1.006430983543395996e+00
9.883174300193786621e-01
1.003232002258300781e+00
1.019583344459533691e+00
1.043780922889709473e+00
9.906164407730102539e-01
1.009428262710571289e+00
9.825608134269714355e-01
1.011579036712646484e+00
9.944197535514831543e-01
9.916481971740722656e-01
1.028274178504943848e+00
9.987390637397766113e-01
1.006603360176086426e+00
9.805649518966674805e-01
9.898831844329833984e-01
9.839211702346801758e-01
9.961028099060058594e-01
9.953434467315673828e-01
9.970685839653015137e-01
1.003319501876831055e+00
1.004824161529541016e+00
1.007296919822692871e+00
1.020627975463867188e+00
1.006987452507019043e+00
9.885111451148986816e-01
1.011578679084777832e+00
1.032862305641174316e+00
1.014698624610900879e+00
1.023524999618530273e+00
1.011522531509399414e+00
1.002343654632568359e+00
1.009405851364135742e+00
9.924359321594238281e-01
9.862647652626037598e-01
9.743192195892333984e-01
9.845771193504333496e-01
9.986284971237182617e-01
9.976961612701416016e-01
1.001521110534667969e+00
9.897027015686035156e-01
9.941973090171813965e-01
9.949339628219604492e-01
1.036013722419738770e+00
1.001452326774597168e+00
9.904159307479858398e-01
9.926024675369262695e-01
1.002730250358581543e+00
1.000235557556152344e+00
9.866342544555664062e-01
9.881286025047302246e-01
9.905393719673156738e-01
1.026837348937988281e+00
1.036746501922607422e+00
1.053282499313354492e+00
9.908881783485412598e-01
9.973450303077697754e-01
9.885708093643188477e-01
1.001234412193298340e+00
9.873827099800109863e-01
9.790775179862976074e-01
1.017985582351684570e+00
9.941928386688232422e-01
1.006846427917480469e+00
9.652397036552429199e-01
9.953050017356872559e-01
9.930395483970642090e-01
9.872487187385559082e-01
1.000935435295104980e+00
9.935693144798278809e-01
9.850806593894958496e-01
9.948332309722900391e-01
1.014768719673156738e+00
9.830747246742248535e-01
1.025511384010314941e+00
1.004456400871276855e+00
9.905152916908264160e-01
1.000128865242004395e+00
9.746689200401306152e-01
9.944007992744445801e-01
1.000400185585021973e+00
1.010664224624633789e+00
9.951191544532775879e-01
1.017439126968383789e+00
9.951133131980895996e-01
1.003118634223937988e+00
1.001722335815429688e+00
9.966078996658325195e-01
9.883036017417907715e-01
9.820786714553833008e-01
9.735060334205627441e-01
9.878855347633361816e-01
1.041980504989624023e+00
1.004161000251770020e+00
9.986978173255920410e-01
9.940860271453857422e-01
1.000811815261840820e+00
1.019448041915893555e+00
1.008114576339721680e+00
1.007186889648437500e+00
1.034102797508239746e+00
1.001199364662170410e+00
1.003508090972900391e+00
1.013017416000366211e+00
1.003908634185791016e+00
9.941784143447875977e-01
9.849261641502380371e-01
1.003093481063842773e+00
1.004015088081359863e+00
9.989308118820190430e-01
9.957496523857116699e-01
9.956895709037780762e-01
9.949447512626647949e-01
1.004011869430541992e+00
1.013340473175048828e+00
9.815757274627685547e-01
9.767374992370605469e-01
9.853544235229492188e-01
1.031165838241577148e+00
1.029593229293823242e+00
9.919358491897583008e-01
9.933827519416809082e-01
9.941213726997375488e-01
9.919586181640625000e-01
1.037678480148315430e+00
1.014472723007202148e+00
9.929332137107849121e-01
9.948159456253051758e-01
1.003684520721435547e+00
9.935075640678405762e-01
1.021132469177246094e+00
1.012140393257141113e+00
1.013241171836853027e+00
9.923827648162841797e-01
1.009217619895935059e+00
