1.226000022143125534e-03
-4.991997964680194855e-03
-1.839519664645195007e-02
5.097565427422523499e-02
-1.624870114028453827e-02
1.259120879694819450e-03
-8.845914900302886963e-02
1.573313027620315552e-02
-2.709301933646202087e-02
-9.952954947948455811e-02
4.452283680438995361e-02
-1.849439740180969238e-02
-2.687007561326026917e-02
7.736238650977611542e-03
6.579185836017131805e-03
4.397441446781158447e-02
1.473749056458473206e-02
7.780359126627445221e-03
-2.610662020742893219e-02
-8.466683328151702881e-02
1.206914521753787994e-02
-1.293569989502429962e-02
-1.252994388341903687e-01
-1.037179753184318542e-01
6.576327979564666748e-02
-2.171010896563529968e-02
3.453866764903068542e-02
-3.849143907427787781e-02
1.659357175230979919e-02
-7.217799127101898193e-02
4.989712312817573547e-02
-3.728435141965746880e-03
-3.008262440562248230e-02
-3.386993706226348877e-02
-1.170896887779235840e-01
-3.496037051081657410e-02
3.705613315105438232e-02
8.238382637500762939e-02
-5.020695924758911133e-02
-4.566992819309234619e-02
-3.094266355037689209e-02
3.959857567679136992e-04
1.027116458863019943e-02
-5.046090483665466309e-02
8.919532597064971924e-02
5.666418746113777161e-02
-2.375660260440781713e-04
3.500180691480636597e-02
-1.057722643017768860e-01
3.401704877614974976e-02
-4.606483131647109985e-02
-7.737746089696884155e-02
-6.053407117724418640e-02
-2.509989961981773376e-02
5.835532769560813904e-02
-3.675934299826622009e-02
8.153611794114112854e-03
3.031674958765506744e-02
4.972140863537788391e-02
6.401607394218444824e-02
-5.630813911557197571e-02
5.174487363547086716e-03
-3.536520525813102722e-02
-1.693888753652572632e-02
-2.288291230797767639e-02
-1.998354122042655945e-02
3.796618059277534485e-02
2.972865104675292969e-02
-8.345786482095718384e-03
-7.764042913913726807e-02
-3.394855186343193054e-02
-2.148547954857349396e-02
1.096089631319046021e-01
-1.105560269206762314e-02
8.295932412147521973e-02
-7.233977317810058594e-02
1.061277650296688080e-02
-4.248883575201034546e-02
-3.174381330609321594e-02
3.407298028469085693e-02
3.042651899158954620e-02
1.160827837884426117e-02
-1.607972662895917892e-03
-9.825314581394195557e-02
4.736576974391937256e-02
-8.527126163244247437e-02
-1.290951669216156006e-01
3.205876564607024193e-04
-3.318885341286659241e-02
4.467212781310081482e-02
-2.199247479438781738e-02
-2.027450874447822571e-02
-4.656161367893218994e-02
-1.425248943269252777e-02
-7.084523141384124756e-02
-1.164686828851699829e-01
-6.426791846752166748e-02
2.666288055479526520e-03
-1.774632744491100311e-02
2.098814398050308228e-02
-2.226915583014488220e-02
-3.394018858671188354e-02
-4.540443420410156250e-02
5.703943967819213867e-02
-7.344963401556015015e-02
-4.598212987184524536e-02
-3.309451974928379059e-03
-6.239145994186401367e-02
2.800773270428180695e-02
-2.522636391222476959e-02
-2.687752619385719299e-02
4.281254112720489502e-02
1.029311269521713257e-01
-1.070381794124841690e-02
1.010387763381004333e-02
-7.340535521507263184e-02
-2.063249982893466949e-02
-3.218850120902061462e-02
-6.650175899267196655e-02
-2.363622933626174927e-02
-3.356765210628509521e-02
5.507056415081024170e-02
-8.156125247478485107e-02
-8.734046481549739838e-03
-2.213122555986046791e-03
-9.015946835279464722e-02
-4.054798558354377747e-02
-2.544604055583477020e-02
