6.548109650611877441e-02
9.085340052843093872e-02
1.464179158210754395e-01
-6.622207909822463989e-02
-9.144880808889865875e-03
-4.164551198482513428e-02
2.525475993752479553e-02
4.388293251395225525e-02
-5.420707538723945618e-02
-9.366660565137863159e-02
2.247024923563003540e-01
-1.667679548263549805e-01
1.391134131699800491e-02
4.597860854119062424e-03
1.707184463739395142e-01
-1.321276575326919556e-01
5.903671681880950928e-02
-9.802364557981491089e-02
-3.289999961853027344e-01
1.133313030004501343e-01
3.887600451707839966e-02
6.989109516143798828e-02
-2.700449340045452118e-02
-6.059671565890312195e-02
-6.372540723532438278e-03
-1.606958061456680298e-01
1.457854732871055603e-02
1.825121641159057617e-01
1.136167943477630615e-01
5.213014036417007446e-02
-3.858784213662147522e-02
-1.192129328846931458e-01
-4.116229712963104248e-02
-2.293042689561843872e-01
1.755705848336219788e-02
3.151284530758857727e-02
-1.380841284990310669e-01
-8.613691478967666626e-02
-2.153943181037902832e-01
-6.531968712806701660e-02
1.517990697175264359e-02
-1.148115918040275574e-01
-1.162651702761650085e-01
5.303972959518432617e-02
2.926690690219402313e-02
1.793680153787136078e-02
3.254593908786773682e-02
9.400568902492523193e-02
-1.531232595443725586e-01
2.604095339775085449e-01
1.345957070589065552e-01
-6.969265639781951904e-03
-4.445989802479743958e-02
-6.139105185866355896e-02
-1.109146028757095337e-01
-7.945188321173191071e-03
-1.664597727358341217e-02
2.926057949662208557e-02
-1.936250776052474976e-01
3.107640743255615234e-01
-4.527051374316215515e-02
-3.002848662436008453e-02
3.267666557803750038e-03
-2.709805667400360107e-01
