9.878377914428710938e-01
9.844210743904113770e-01
9.998368024826049805e-01
9.854386448860168457e-01
9.719530940055847168e-01
9.895281791687011719e-01
9.764062762260437012e-01
1.002414345741271973e+00
9.886632561683654785e-01
9.783166050910949707e-01
9.648378491401672363e-01
9.776117801666259766e-01
9.342379570007324219e-01
9.591318964958190918e-01
9.991584420204162598e-01
9.546410441398620605e-01
9.708108901977539062e-01
9.722821116447448730e-01
9.837520122528076172e-01
9.826881885528564453e-01
9.627645015716552734e-01
9.973562955856323242e-01
9.549861550331115723e-01
9.646868109703063965e-01
1.015240073204040527e+00
9.776557087898254395e-01
9.875296950340270996e-01
9.802592396736145020e-01
1.011079192161560059e+00
9.774896502494812012e-01
9.580476284027099609e-01
9.707281589508056641e-01
1.007742166519165039e+00
9.602198600769042969e-01
9.789613485336303711e-01
9.581764340400695801e-01
9.572941660881042480e-01
1.006351232528686523e+00
9.704138636589050293e-01
9.595997333526611328e-01
9.676777124404907227e-01
9.942265748977661133e-01
9.872564673423767090e-01
9.866686463356018066e-01
9.648684263229370117e-01
9.786536693572998047e-01
9.739082455635070801e-01
9.712671041488647461e-01
9.969198703765869141e-01
9.837347269058227539e-01
9.924958348274230957e-01
9.855321049690246582e-01
9.970056414604187012e-01
9.676770567893981934e-01
9.944263100624084473e-01
9.981920719146728516e-01
9.805858135223388672e-01
9.643330574035644531e-01
9.946250915527343750e-01
9.657722115516662598e-01
1.016116380691528320e+00
9.800872802734375000e-01
9.720429182052612305e-01
1.001650691032409668e+00
9.739954471588134766e-01
9.971014261245727539e-01
9.699730873107910156e-01
1.003894329071044922e+00
9.614360928535461426e-01
9.898297786712646484e-01
9.974390864372253418e-01
9.808763861656188965e-01
9.992273449897766113e-01
9.552573561668395996e-01
1.004160881042480469e+00
9.806229472160339355e-01
9.623449444770812988e-01
9.658128619194030762e-01
9.803924560546875000e-01
9.842414259910583496e-01
9.858871698379516602e-01
9.962829351425170898e-01
9.589638113975524902e-01
9.919887781143188477e-01
9.710718393325805664e-01
9.893999695777893066e-01
9.795665144920349121e-01
9.627429842948913574e-01
9.933925271034240723e-01
9.919244647026062012e-01
9.563131928443908691e-01
9.956607818603515625e-01
9.797534942626953125e-01
9.603812098503112793e-01
1.013915657997131348e+00
9.628304243087768555e-01
9.762996435165405273e-01
9.752583503723144531e-01
9.799105525016784668e-01
9.711148142814636230e-01
9.801291823387145996e-01
9.930478334426879883e-01
9.731780886650085449e-01
9.851157069206237793e-01
9.681893587112426758e-01
9.930238127708435059e-01
9.654062390327453613e-01
9.918510913848876953e-01
9.713439345359802246e-01
1.004743933677673340e+00
9.781822562217712402e-01
9.952675104141235352e-01
1.004076480865478516e+00
9.892906546592712402e-01
1.008472800254821777e+00
9.544665813446044922e-01
1.000550508499145508e+00
9.702177047729492188e-01
9.769334197044372559e-01
9.797927737236022949e-01
9.758111238479614258e-01
9.881657958030700684e-01
1.001659989356994629e+00
1.015863060951232910e+00
9.370213150978088379e-01
9.733757376670837402e-01
9.679676294326782227e-01
9.840638041496276855e-01
1.000451683998107910e+00
9.796013832092285156e-01
9.745571017265319824e-01
9.696958065032958984e-01
9.680058360099792480e-01
1.019062161445617676e+00
1.001731514930725098e+00
9.635176658630371094e-01
9.795812368392944336e-01
9.683211445808410645e-01
9.598581790924072266e-01
9.666797518730163574e-01
9.735840559005737305e-01
9.836987853050231934e-01
1.000267982482910156e+00
1.009107112884521484e+00
9.792885780334472656e-01
9.631965160369873047e-01
9.618046283721923828e-01
9.775155782699584961e-01
9.614702463150024414e-01
9.695146679878234863e-01
9.669560194015502930e-01
1.067170977592468262e+00
9.758238792419433594e-01
9.741525650024414062e-01
1.021295189857482910e+00
9.940876364707946777e-01
9.782868027687072754e-01
9.969455599784851074e-01
9.806588292121887207e-01
9.697737693786621094e-01
9.945116639137268066e-01
9.758498072624206543e-01
9.566313624382019043e-01
9.935673475265502930e-01
9.914013147354125977e-01
9.546079039573669434e-01
9.819851517677307129e-01
9.750546216964721680e-01
9.777680039405822754e-01
9.939674139022827148e-01
9.857621788978576660e-01
9.806201457977294922e-01
9.819793105125427246e-01
9.838727712631225586e-01
9.687301516532897949e-01
9.776394963264465332e-01
9.709764719009399414e-01
9.772797226905822754e-01
1.012948989868164062e+00
9.704121947288513184e-01
1.002295613288879395e+00
9.723792672157287598e-01
9.587890505790710449e-01
9.690644145011901855e-01
9.745775461196899414e-01
9.690343141555786133e-01
9.733617305755615234e-01
9.895188808441162109e-01
1.010342717170715332e+00
9.643030762672424316e-01
9.873677492141723633e-01
9.548856019973754883e-01
9.801071286201477051e-01
9.775323867797851562e-01
1.034988522529602051e+00
9.749293327331542969e-01
9.880834817886352539e-01
9.934713244438171387e-01
9.920760393142700195e-01
9.832292199134826660e-01
9.889076948165893555e-01
9.524729847908020020e-01
9.668148159980773926e-01
9.874622225761413574e-01
9.749899506568908691e-01
9.831844568252563477e-01
1.004878878593444824e+00
9.834298491477966309e-01
9.877297282218933105e-01
9.746867418289184570e-01
1.010521173477172852e+00
1.018706083297729492e+00
9.883140325546264648e-01
9.335670471191406250e-01
9.525691866874694824e-01
9.740542769432067871e-01
9.611448049545288086e-01
9.672501087188720703e-01
9.820495247840881348e-01
9.730875492095947266e-01
9.905098080635070801e-01
1.029635190963745117e+00
9.859457612037658691e-01
9.831176400184631348e-01
9.609944224357604980e-01
9.911863207817077637e-01
9.942606687545776367e-01
9.837145209312438965e-01
9.865465164184570312e-01
9.893564581871032715e-01
9.682007431983947754e-01
9.838432073593139648e-01
9.577656388282775879e-01
9.679315686225891113e-01
9.467871785163879395e-01
9.748591184616088867e-01
9.801002740859985352e-01
1.018000602722167969e+00
9.992349147796630859e-01
9.560509324073791504e-01
1.006745219230651855e+00
1.033547639846801758e+00
9.665245413780212402e-01
1.009898781776428223e+00
1.001675367355346680e+00
9.732602834701538086e-01
9.454448819160461426e-01
9.778571128845214844e-01
9.937372803688049316e-01
9.673402905464172363e-01
9.617438912391662598e-01
9.750118255615234375e-01
9.816320538520812988e-01
9.924117922782897949e-01
9.784950017929077148e-01
9.855843782424926758e-01
