2.419778555631637573e-01
2.169258594512939453e-01
1.799055188894271851e-01
2.458088696002960205e-01
2.124931663274765015e-01
3.448468148708343506e-01
2.191460430622100830e-01
1.953419148921966553e-01
2.419306188821792603e-01
3.639009594917297363e-01
2.393059879541397095e-01
3.184139728546142578e-01
3.083409368991851807e-01
9.893639385700225830e-02
2.109375894069671631e-01
1.530476808547973633e-01
7.084701955318450928e-02
3.677140772342681885e-01
9.713220596313476562e-02
1.169256120920181274e-01
7.312516123056411743e-02
3.135351240634918213e-01
1.135263070464134216e-01
2.319209091365337372e-02
2.125454396009445190e-01
2.275683283805847168e-01
1.445623487234115601e-01
1.146830767393112183e-01
2.593536972999572754e-01
3.295918703079223633e-01
1.807302385568618774e-01
2.924238443374633789e-01
2.221542969346046448e-02
1.706752479076385498e-01
1.104920655488967896e-01
1.378185003995895386e-01
1.933210492134094238e-01
1.344624459743499756e-01
8.716215938329696655e-02
3.800639212131500244e-01
2.228288799524307251e-01
2.256796807050704956e-01
3.616694509983062744e-01
2.592269778251647949e-01
2.441981732845306396e-01
2.871423065662384033e-01
2.161854207515716553e-01
1.421399265527725220e-01
2.032830864191055298e-01
2.028433382511138916e-01
1.448905467987060547e-01
1.557108908891677856e-01
4.271598756313323975e-01
1.314289867877960205e-01
2.336461842060089111e-01
1.503680199384689331e-01
2.951107919216156006e-01
1.133553087711334229e-01
3.173502087593078613e-01
1.296422332525253296e-01
3.641213476657867432e-01
5.839670822024345398e-02
4.567821025848388672e-01
2.647207081317901611e-01
2.884643375873565674e-01
5.254767537117004395e-01
1.319064646959304810e-01
1.097036153078079224e-01
3.721420764923095703e-01
3.024892508983612061e-01
1.206818893551826477e-01
4.341846331954002380e-02
1.047879531979560852e-01
3.500763773918151855e-01
3.190000057220458984e-01
3.479274511337280273e-01
1.950592100620269775e-01
6.272158771753311157e-02
8.090291172266006470e-02
1.086257025599479675e-01
2.206248193979263306e-01
2.492964267730712891e-01
3.326897025108337402e-01
2.828108668327331543e-01
1.573989540338516235e-01
3.393726050853729248e-01
6.850370168685913086e-01
1.916479617357254028e-01
3.579320609569549561e-01
9.164194762706756592e-02
3.459060490131378174e-01
1.431700438261032104e-01
3.154685795307159424e-01
3.627800941467285156e-01
3.677351772785186768e-01
3.250251710414886475e-01
4.019649028778076172e-01
1.378617137670516968e-01
1.332457363605499268e-01
3.147056698799133301e-01
4.639518558979034424e-01
9.908466786146163940e-02
2.603329718112945557e-01
1.798992156982421875e-01
7.588514685630798340e-02
5.057531595230102539e-01
9.732314199209213257e-02
5.462850257754325867e-02
3.454041182994842529e-01
1.813941895961761475e-01
2.796103656291961670e-01
3.245130777359008789e-01
1.610804498195648193e-01
4.192036092281341553e-01
3.086325824260711670e-01
2.931122183799743652e-01
1.749043464660644531e-01
2.563402652740478516e-01
3.322157859802246094e-01
3.060738742351531982e-01
3.494947552680969238e-01
2.027350664138793945e-01
2.421964108943939209e-01
3.909967467188835144e-02
1.005634814500808716e-01
9.872380644083023071e-02
1.366409659385681152e-01
1.634815037250518799e-01
1.291895508766174316e-01
5.851468071341514587e-02
4.837333783507347107e-02
2.793056964874267578e-01
2.260563671588897705e-01
1.746984124183654785e-01
4.105162248015403748e-02
6.004810705780982971e-02
3.508687019348144531e-01
1.890372484922409058e-01
1.195451393723487854e-01
1.709048748016357422e-01
1.764046102762222290e-01
2.464368194341659546e-01
1.143716573715209961e-01
2.613292038440704346e-01
4.464267194271087646e-01
2.261351794004440308e-01
1.899947226047515869e-01
1.778393536806106567e-01
1.057616621255874634e-01
4.147768318653106689e-01
2.723385989665985107e-01
2.493564188480377197e-01
2.128448933362960815e-01
9.435041248798370361e-02
5.424238368868827820e-02
2.780856788158416748e-01
1.311401724815368652e-01
8.116348087787628174e-02
1.803882569074630737e-01
2.165537476539611816e-01
2.237143218517303467e-01
2.794318199157714844e-01
1.154228821396827698e-01
3.481993675231933594e-01
1.839656531810760498e-01
4.512412250041961670e-01
2.305060178041458130e-01
5.929835140705108643e-02
1.477159261703491211e-01
2.147816717624664307e-01
3.992522656917572021e-01
1.974066346883773804e-01
7.808192074298858643e-02
1.363994032144546509e-01
3.812462687492370605e-01
2.794774994254112244e-02
4.090550243854522705e-01
3.075667917728424072e-01
2.704424858093261719e-01
2.627825736999511719e-01
2.328381687402725220e-01
3.321043550968170166e-01
3.758281767368316650e-01
1.859209388494491577e-01
2.119645923376083374e-01
8.167055994272232056e-02
2.439313679933547974e-01
2.806015014648437500e-01
2.378455251455307007e-01
2.042228132486343384e-01
1.945185959339141846e-01
4.830278158187866211e-01
9.378083050251007080e-02
1.236261054873466492e-01
3.207486867904663086e-01
2.609407603740692139e-01
2.322701066732406616e-01
1.852254569530487061e-01
7.373423874378204346e-02
2.737818658351898193e-01
2.204943001270294189e-01
3.241929411888122559e-01
1.255773305892944336e-01
3.086553812026977539e-01
3.192582726478576660e-01
1.242880299687385559e-01
3.611584901809692383e-01
1.659468859434127808e-01
2.820430994033813477e-01
1.695640534162521362e-01
2.163958847522735596e-01
3.451261222362518311e-01
7.489695399999618530e-02
4.434469342231750488e-02
1.440863758325576782e-01
3.327440023422241211e-01
1.103944256901741028e-01
2.931963801383972168e-01
1.657727807760238647e-01
1.186109259724617004e-01
2.730799615383148193e-01
5.511672422289848328e-02
1.029165238142013550e-01
1.085203066468238831e-01
1.287476420402526855e-01
1.015231832861900330e-01
3.020610809326171875e-01
1.066778674721717834e-01
3.547742664813995361e-01
2.233255356550216675e-01
2.077411562204360962e-01
2.586270868778228760e-01
3.080365359783172607e-01
2.232867032289505005e-01
2.121133506298065186e-01
2.796847522258758545e-01
1.966951787471771240e-01
1.744241118431091309e-01
2.250314503908157349e-01
2.754381299018859863e-01
2.816734313964843750e-01
2.040030807256698608e-01
4.093852639198303223e-01
1.148351058363914490e-01
4.817999526858329773e-02
1.183552369475364685e-01
4.212161153554916382e-02
2.941470444202423096e-01
2.759282886981964111e-01
9.283284842967987061e-02
3.595972955226898193e-01
1.961697340011596680e-01
2.215458601713180542e-01
1.102299615740776062e-01
1.281634569168090820e-01
1.638538092374801636e-01
1.756594181060791016e-01
2.110467106103897095e-01
2.237799316644668579e-01
1.754200607538223267e-01
2.451218515634536743e-01
2.893069088459014893e-01
1.296599209308624268e-01
1.501701921224594116e-01
2.741217017173767090e-01
3.509579896926879883e-01
4.910073056817054749e-02
1.832513213157653809e-01
4.900691211223602295e-01
2.966575324535369873e-01
2.284966856241226196e-01
1.705844551324844360e-01
3.982416391372680664e-01
2.271919697523117065e-01
1.194589510560035706e-01
4.948644340038299561e-01
1.207568794488906860e-01
1.283419281244277954e-01
2.406667321920394897e-01
7.617861032485961914e-02
9.952866286039352417e-02
3.990151584148406982e-01
3.087510764598846436e-01
2.228849977254867554e-01
1.189520657062530518e-01
2.325160503387451172e-01
3.408142328262329102e-01
2.581855654716491699e-01
3.499613702297210693e-01
1.469273418188095093e-01
2.775366306304931641e-01
2.831186056137084961e-01
1.358562558889389038e-01
1.651779711246490479e-01
1.761369705200195312e-01
3.086923956871032715e-01
2.084618508815765381e-01
2.528869509696960449e-01
4.898557960987091064e-01
4.496941268444061279e-01
3.564658164978027344e-01
2.706698477268218994e-01
1.146522387862205505e-01
1.222847625613212585e-01
1.857835799455642700e-01
5.309944748878479004e-01
3.153542876243591309e-01
9.220225363969802856e-02
1.327816396951675415e-01
3.780036568641662598e-01
2.027415633201599121e-01
1.173338368535041809e-01
3.218077719211578369e-01
1.312700510025024414e-01
1.980018764734268188e-01
2.377715110778808594e-01
2.644560337066650391e-01
1.969952136278152466e-01
2.263083867728710175e-02
1.833476275205612183e-01
2.033443748950958252e-01
4.403001070022583008e-02
1.295560747385025024e-01
2.223593182861804962e-02
2.181171476840972900e-01
8.192785084247589111e-02
1.356371790170669556e-01
2.423224151134490967e-01
2.905730307102203369e-01
8.572196960449218750e-02
2.904934585094451904e-01
1.099011972546577454e-01
1.791591346263885498e-01
2.258910536766052246e-01
1.697243005037307739e-01
3.563114404678344727e-01
2.430106997489929199e-01
2.440077066421508789e-01
3.364861905574798584e-01
1.865437030792236328e-01
1.264997124671936035e-01
1.260456591844558716e-01
3.929763436317443848e-01
2.228039354085922241e-01
1.506628543138504028e-01
5.306875333189964294e-02
5.135706439614295959e-02
1.451352834701538086e-01
1.080857142806053162e-01
3.042791187763214111e-01
3.694764077663421631e-01
1.354369521141052246e-01
1.480048596858978271e-01
2.277754396200180054e-01
3.256271183490753174e-01
1.701642572879791260e-01
2.919214069843292236e-01
2.263158112764358521e-01
4.186267256736755371e-01
1.312480568885803223e-01
2.114134281873703003e-01
1.151791438460350037e-01
1.340201050043106079e-01
9.242269396781921387e-02
6.342614442110061646e-02
2.514526844024658203e-01
1.220082715153694153e-01
2.010113149881362915e-01
4.412365853786468506e-01
2.522340714931488037e-01
1.067819744348526001e-01
1.505727618932723999e-01
2.367287725210189819e-01
1.207207962870597839e-01
3.999251723289489746e-01
3.026144802570343018e-01
1.622262746095657349e-01
2.379204183816909790e-01
4.639557003974914551e-01
3.124006688594818115e-01
2.749787569046020508e-01
3.770117461681365967e-01
2.459246367216110229e-01
1.553941518068313599e-01
2.293668985366821289e-01
1.681356728076934814e-01
3.585037291049957275e-01
1.538336575031280518e-01
1.526438742876052856e-01
2.899792194366455078e-01
1.029793471097946167e-01
6.193552166223526001e-02
1.181983947753906250e-01
1.598230451345443726e-01
2.975274324417114258e-01
2.243523001670837402e-01
1.209278479218482971e-01
1.531410068273544312e-01
4.422458261251449585e-02
8.456455171108245850e-02
2.042909711599349976e-01
2.460988461971282959e-01
2.499271035194396973e-01
1.246247440576553345e-01
7.539098709821701050e-02
3.131157755851745605e-01
9.865773469209671021e-02
2.902218997478485107e-01
1.700867712497711182e-01
2.909821867942810059e-01
1.429385095834732056e-01
1.648527532815933228e-01
4.228694364428520203e-02
1.996589452028274536e-01
2.813251018524169922e-01
8.892440795898437500e-02
5.929650738835334778e-02
7.410646975040435791e-02
8.342991769313812256e-02
3.646689653396606445e-01
1.262301355600357056e-01
8.790306001901626587e-02
1.576800495386123657e-01
1.469207853078842163e-01
2.909516990184783936e-01
1.857181340456008911e-01
8.084951341152191162e-02
3.323186561465263367e-02
2.668394744396209717e-01
3.579483330249786377e-01
3.356320858001708984e-01
2.119287997484207153e-01
2.913598716259002686e-01
1.500958204269409180e-01
1.519820839166641235e-01
1.217085123062133789e-01
1.097967401146888733e-01
3.153358697891235352e-01
2.266859561204910278e-01
1.323256939649581909e-01
1.221101656556129456e-01
1.309612542390823364e-01
1.307208985090255737e-01
1.194073110818862915e-01
3.525053262710571289e-01
1.477431654930114746e-01
3.429412543773651123e-01
8.157336711883544922e-02
1.582719683647155762e-01
1.881601214408874512e-01
2.996960878372192383e-01
1.083867922425270081e-01
1.531564295291900635e-01
3.445372283458709717e-01
1.333498507738113403e-01
2.353906184434890747e-01
1.266451925039291382e-01
3.621696829795837402e-01
3.376850485801696777e-01
1.959144324064254761e-01
1.242953389883041382e-01
2.681047022342681885e-01
9.984384477138519287e-02
2.196129113435745239e-01
3.040466308593750000e-01
2.022611647844314575e-01
8.913189917802810669e-02
3.653469979763031006e-01
3.309571444988250732e-01
2.058373838663101196e-01
1.404275894165039062e-01
1.595522016286849976e-01
2.687271535396575928e-01
6.198945268988609314e-02
1.398500502109527588e-01
3.690115809440612793e-01
2.856732010841369629e-01
4.714768230915069580e-01
1.236892417073249817e-01
1.587848514318466187e-01
1.969489902257919312e-01
2.778592109680175781e-01
8.155105262994766235e-02
2.716112434864044189e-01
1.438106596469879150e-01
4.641101658344268799e-01
3.100884854793548584e-01
1.491825729608535767e-01
7.932420074939727783e-02
1.673871874809265137e-01
1.544871628284454346e-01
1.755418032407760620e-01
3.551764190196990967e-01
3.210684359073638916e-01
8.694891631603240967e-02
1.551733314990997314e-01
2.549311816692352295e-01
1.643378436565399170e-01
8.720822632312774658e-02
2.307882606983184814e-01
5.258235707879066467e-02
3.127060532569885254e-01
3.118375241756439209e-01
2.654794156551361084e-01
5.151193141937255859e-01
2.750083506107330322e-01
5.011401772499084473e-01
1.917362213134765625e-01
2.832735180854797363e-01
1.346572935581207275e-01
3.157839179039001465e-01
9.881707280874252319e-02
1.430179476737976074e-01
1.428253203630447388e-01
8.410075306892395020e-02
2.477224916219711304e-01
3.575495481491088867e-01
3.001607060432434082e-01
3.294243812561035156e-01
3.472222983837127686e-01
4.664209485054016113e-01
4.112750589847564697e-01
5.336944386363029480e-02
2.505366504192352295e-01
4.645630121231079102e-01
7.333508878946304321e-02
3.056608438491821289e-01
9.897051006555557251e-02
1.994763165712356567e-01
1.438172310590744019e-01
1.904485821723937988e-01
1.790147125720977783e-01
3.207878768444061279e-01
2.420919388532638550e-01
3.218945860862731934e-01
1.418849974870681763e-01
1.295777261257171631e-01
4.586129188537597656e-01
1.777880936861038208e-01
1.302113682031631470e-01
2.069157361984252930e-01
2.299785166978836060e-01
3.174285888671875000e-01
9.913594275712966919e-02
1.742268651723861694e-01
3.293036222457885742e-01
6.948339194059371948e-02
1.474568992853164673e-01
1.121972724795341492e-01
4.265330731868743896e-01
9.104702621698379517e-02
3.110283911228179932e-01
1.882086992263793945e-01
4.730711579322814941e-01
4.552536606788635254e-01
2.084919810295104980e-01
3.773966729640960693e-01
1.803072988986968994e-01
2.644236385822296143e-01
2.694378793239593506e-01
2.343622595071792603e-01
2.825333774089813232e-01
1.427610516548156738e-01
2.967106103897094727e-01
2.138127684593200684e-01
4.169097244739532471e-01
3.176656663417816162e-01
3.626304268836975098e-01
1.953386813402175903e-01
5.941175818443298340e-01
3.275669217109680176e-01
1.027892604470252991e-01
2.492135576903820038e-02
2.975822389125823975e-01
2.975967824459075928e-01
2.496943175792694092e-01
2.746191918849945068e-01
1.448060572147369385e-01
3.614875674247741699e-01
2.313271313905715942e-01
3.701539337635040283e-01
1.995922029018402100e-01
1.257572025060653687e-01
2.778204977512359619e-01
9.604174643754959106e-02
2.828739881515502930e-01
1.929421424865722656e-01
3.042998611927032471e-01
2.947466075420379639e-01
3.886885941028594971e-01
3.103760778903961182e-01
3.184311091899871826e-01
5.416107922792434692e-02
1.730351299047470093e-01
1.466702818870544434e-01
3.426053225994110107e-01
2.428396046161651611e-01
3.223200738430023193e-01
1.277722120285034180e-01
1.162522137165069580e-01
5.376383289694786072e-02
3.721929788589477539e-01
1.428052932024002075e-01
1.181578040122985840e-01
3.165094256401062012e-01
2.836156189441680908e-01
1.721124798059463501e-01
2.373487055301666260e-01
1.912387162446975708e-01
1.261527836322784424e-01
1.429204940795898438e-01
1.863633990287780762e-01
2.575756013393402100e-01
1.395600587129592896e-01
7.096154093742370605e-01
8.108330518007278442e-02
1.881418973207473755e-01
2.321393340826034546e-01
1.302834302186965942e-01
2.377945780754089355e-01
2.187459617853164673e-01
3.143687546253204346e-01
1.725495159626007080e-01
1.153357699513435364e-01
2.347679734230041504e-01
3.966521918773651123e-01
3.177703619003295898e-01
1.566327512264251709e-01
4.801180958747863770e-01
2.616138458251953125e-01
1.647322475910186768e-01
2.386825531721115112e-01
3.541207909584045410e-01
3.757945597171783447e-01
3.459024727344512939e-01
8.250411599874496460e-02
1.866292953491210938e-01
3.413752615451812744e-01
9.964389353990554810e-02
3.058644831180572510e-01
3.499354720115661621e-01
6.537567079067230225e-02
2.551189959049224854e-01
3.597111999988555908e-01
7.432393729686737061e-02
2.513194382190704346e-01
6.697864085435867310e-02
1.051559150218963623e-01
1.288371831178665161e-01
1.116272509098052979e-01
1.487067192792892456e-01
1.757721602916717529e-01
1.164482310414314270e-01
3.711708784103393555e-01
2.421938627958297729e-01
1.004161983728408813e-01
1.164028272032737732e-01
2.188693881034851074e-01
2.600756585597991943e-01
1.876194179058074951e-01
3.680477738380432129e-01
1.457272768020629883e-01
4.443181753158569336e-01
2.003001421689987183e-01
7.953350991010665894e-02
1.165028214454650879e-01
2.693435549736022949e-01
1.313028335571289062e-01
5.048475414514541626e-02
2.098580300807952881e-01
1.981033533811569214e-01
1.644320487976074219e-01
2.022044658660888672e-01
3.721016645431518555e-02
8.826585859060287476e-02
4.341045022010803223e-01
1.556881964206695557e-01
2.987160682678222656e-01
1.970226466655731201e-01
1.463307291269302368e-01
2.460153847932815552e-01
5.952906608581542969e-02
8.940711617469787598e-02
9.905987977981567383e-02
2.765161097049713135e-01
5.705512166023254395e-01
4.887569695711135864e-02
1.229987069964408875e-01
7.646516710519790649e-02
2.848313748836517334e-01
3.301132321357727051e-01
1.352000236511230469e-01
1.926574707031250000e-01
1.428606510162353516e-01
1.658464372158050537e-01
1.286701411008834839e-01
3.080262839794158936e-01
1.276488602161407471e-01
2.025875300168991089e-01
2.237621247768402100e-01
3.490487933158874512e-01
2.291526496410369873e-01
8.172059059143066406e-02
1.747050583362579346e-01
1.763669699430465698e-01
1.154075115919113159e-01
8.829601109027862549e-02
1.408014446496963501e-01
6.351868808269500732e-02
3.656713366508483887e-01
3.094823360443115234e-01
3.236837387084960938e-01
5.674473196268081665e-02
2.136657983064651489e-01
2.361262440681457520e-01
2.861458361148834229e-01
1.020243838429450989e-01
4.095792174339294434e-01
9.550555050373077393e-02
8.517662435770034790e-02
3.904719054698944092e-01
2.703368663787841797e-01
3.925240933895111084e-01
1.382888853549957275e-01
4.537456631660461426e-01
4.209232628345489502e-01
2.563831806182861328e-01
5.120766758918762207e-01
3.055522143840789795e-01
3.349072933197021484e-01
2.100312709808349609e-01
2.318791151046752930e-01
2.847455739974975586e-01
1.661814898252487183e-01
7.603018730878829956e-02
2.780956774950027466e-02
1.754573583602905273e-01
9.029912948608398438e-02
1.084763780236244202e-01
1.293034255504608154e-01
1.737223267555236816e-01
1.228809282183647156e-01
2.776060700416564941e-01
1.077832505106925964e-01
2.701037526130676270e-01
1.978162378072738647e-01
1.210348904132843018e-01
6.049095466732978821e-02
4.849496483802795410e-02
9.426566213369369507e-02
1.035960838198661804e-01
2.221389561891555786e-01
3.013108074665069580e-01
3.647275567054748535e-01
3.505146205425262451e-01
9.969357401132583618e-02
2.324963808059692383e-01
3.895097374916076660e-01
4.867115020751953125e-01
3.858414590358734131e-01
4.500771164894104004e-01
1.052159592509269714e-01
2.850393056869506836e-01
2.277685105800628662e-01
1.099162250757217407e-01
1.490476429462432861e-01
2.279093861579895020e-01
3.492286503314971924e-01
2.409067600965499878e-01
5.298491120338439941e-01
1.320890933275222778e-01
1.380622386932373047e-01
1.491624265909194946e-01
2.319201231002807617e-01
1.054196879267692566e-01
2.060739248991012573e-01
2.595484256744384766e-01
6.048100441694259644e-02
1.007613241672515869e-01
1.355413198471069336e-01
4.112401306629180908e-01
1.628145724534988403e-01
1.050778329372406006e-01
2.186347991228103638e-01
3.177407383918762207e-01
1.275653690099716187e-01
1.996232271194458008e-01
3.024212121963500977e-01
2.437882870435714722e-01
4.440337419509887695e-01
3.366649150848388672e-01
4.086821377277374268e-01
3.517407178878784180e-01
3.073973357677459717e-01
3.430494070053100586e-01
3.343079388141632080e-01
4.965831935405731201e-01
3.565476834774017334e-01
1.529850512742996216e-01
3.406878709793090820e-01
1.052763685584068298e-01
2.883917689323425293e-01
7.497552782297134399e-02
3.728889226913452148e-01
1.207423806190490723e-01
2.128471732139587402e-01
1.154175177216529846e-01
9.606751799583435059e-02
2.039773911237716675e-01
1.936869025230407715e-01
6.143289431929588318e-02
1.140397563576698303e-01
2.209026813507080078e-01
2.837780714035034180e-01
2.664291858673095703e-01
1.790651082992553711e-01
3.936978280544281006e-01
2.198000848293304443e-01
3.866384327411651611e-01
1.309067606925964355e-01
3.027693033218383789e-01
1.366352140903472900e-01
1.363376528024673462e-01
2.813339829444885254e-01
2.172691076993942261e-01
2.454355657100677490e-01
7.954020053148269653e-02
1.686181277036666870e-01
9.933523833751678467e-02
9.886413067579269409e-02
1.713067740201950073e-01
3.589160442352294922e-01
4.533113241195678711e-01
2.911339104175567627e-01
2.463204860687255859e-01
3.929247260093688965e-01
1.323367059230804443e-01
1.992007642984390259e-01
1.787058860063552856e-01
8.834829926490783691e-02
1.765489876270294189e-01
1.177665442228317261e-01
5.404472723603248596e-02
1.442678868770599365e-01
2.520463764667510986e-01
2.700577974319458008e-01
1.308923214673995972e-01
2.768709659576416016e-01
9.310376644134521484e-02
1.181830987334251404e-01
3.084568977355957031e-01
5.661391839385032654e-02
1.059107407927513123e-01
3.839996159076690674e-01
5.879995822906494141e-01
7.365782558917999268e-02
1.879834979772567749e-01
1.278374791145324707e-01
3.042256236076354980e-01
9.373743832111358643e-02
1.732428967952728271e-01
1.321856379508972168e-01
3.435597419738769531e-01
1.818191558122634888e-01
1.415323019027709961e-01
3.512536883354187012e-01
1.109674274921417236e-01
8.452732115983963013e-02
1.401183605194091797e-01
2.300831824541091919e-01
1.743260473012924194e-01
1.092067882418632507e-01
3.848211467266082764e-02
1.095244362950325012e-01
1.343460679054260254e-01
2.430097460746765137e-01
1.698943525552749634e-01
1.459698081016540527e-01
1.442262828350067139e-01
1.494337469339370728e-01
4.043446779251098633e-01
5.165217071771621704e-02
2.045110166072845459e-01
3.176431953907012939e-01
4.057437181472778320e-01
4.196223914623260498e-01
5.252579450607299805e-01
1.468166708946228027e-01
4.303129315376281738e-01
2.966889142990112305e-01
1.978803724050521851e-01
2.387764751911163330e-01
3.385808765888214111e-01
8.825784921646118164e-02
2.539548873901367188e-01
1.148390024900436401e-01
2.409353256225585938e-01
1.013972908258438110e-01
4.107724428176879883e-01
7.402009516954421997e-02
1.327536553144454956e-01
1.277250647544860840e-01
2.692095041275024414e-01
9.032749384641647339e-02
3.563426434993743896e-02
2.274205386638641357e-01
9.518513828516006470e-02
3.517754971981048584e-01
8.898317813873291016e-02
7.633261382579803467e-02
4.537450149655342102e-02
3.766662478446960449e-01
3.390987813472747803e-01
6.963181495666503906e-02
1.270689368247985840e-01
1.667046248912811279e-01
2.064328789710998535e-01
2.294066399335861206e-01
1.470791995525360107e-01
2.095036506652832031e-01
2.770648710429668427e-02
7.655644416809082031e-02
3.222499191761016846e-01
9.235597401857376099e-02
2.511901557445526123e-01
2.899838685989379883e-01
1.460059583187103271e-01
4.306523203849792480e-01
1.217078119516372681e-01
4.320551156997680664e-01
3.973301947116851807e-01
1.558350622653961182e-01
1.637561321258544922e-01
3.939296603202819824e-01
1.257386505603790283e-01
8.489970117807388306e-02
1.237404197454452515e-01
2.407913208007812500e-01
2.295517921447753906e-01
2.134087383747100830e-01
2.956489622592926025e-01
2.842255532741546631e-01
1.052407622337341309e-01
3.444018065929412842e-01
1.210358217358589172e-01
3.627817332744598389e-01
8.929187059402465820e-02
1.612369567155838013e-01
3.004117310047149658e-01
7.979509234428405762e-02
2.091413140296936035e-01
1.246711313724517822e-01
8.094368875026702881e-02
2.728130519390106201e-01
2.115034908056259155e-01
1.920733153820037842e-01
7.109490036964416504e-02
3.606018424034118652e-01
2.901832461357116699e-01
1.468109190464019775e-01
1.163573041558265686e-01
6.757923215627670288e-02
1.540182232856750488e-01
1.149666085839271545e-01
1.441690027713775635e-01
2.686293423175811768e-01
9.986884146928787231e-02
3.250364363193511963e-01
3.561384677886962891e-01
2.958958446979522705e-01
1.956440359354019165e-01
3.970144093036651611e-01
2.706041932106018066e-01
2.165830582380294800e-01
2.056069076061248779e-01
2.249638885259628296e-01
4.669741541147232056e-02
1.834858953952789307e-01
2.271236926317214966e-01
2.057660222053527832e-01
1.233826428651809692e-01
2.257229685783386230e-01
2.476381361484527588e-01
2.557047307491302490e-01
2.677613198757171631e-01
1.681722104549407959e-01
3.906748890876770020e-01
9.386397153139114380e-02
1.098187193274497986e-01
1.613202244043350220e-01
1.202509775757789612e-01
5.057592988014221191e-01
1.739158332347869873e-01
2.252438515424728394e-01
3.160231113433837891e-01
1.583091914653778076e-01
2.247543036937713623e-01
1.106140688061714172e-01
3.064750730991363525e-01
1.494059264659881592e-01
3.228299617767333984e-01
4.869785904884338379e-02
2.837913632392883301e-01
5.352542549371719360e-02
1.008512750267982483e-01
3.595958054065704346e-01
1.490046232938766479e-01
2.268344461917877197e-01
3.222965002059936523e-01
1.318312585353851318e-01
7.286030054092407227e-02
2.182179242372512817e-01
7.900588214397430420e-02
3.262406885623931885e-01
6.276768445968627930e-01
2.385349869728088379e-01
1.935459375381469727e-01
1.685754954814910889e-01
3.583376109600067139e-01
9.651985764503479004e-02
1.848044693470001221e-01
2.133654803037643433e-01
2.767481803894042969e-01
1.807365864515304565e-01
