9.989963769912719727e-01
9.568885564804077148e-01
9.115690588951110840e-01
1.053906917572021484e+00
9.963262677192687988e-01
1.010987520217895508e+00
9.887443184852600098e-01
1.025322079658508301e+00
1.138960003852844238e+00
1.151446104049682617e+00
1.058488965034484863e+00
9.472488760948181152e-01
9.974361062049865723e-01
1.006018042564392090e+00
1.058075904846191406e+00
9.509353637695312500e-01
9.962000250816345215e-01
1.056220889091491699e+00
1.079841136932373047e+00
1.010788083076477051e+00
9.895446300506591797e-01
1.018449902534484863e+00
9.891173839569091797e-01
1.031480669975280762e+00
1.014755249023437500e+00
1.051070332527160645e+00
9.814242124557495117e-01
9.709833860397338867e-01
9.691215753555297852e-01
8.828247189521789551e-01
1.061499595642089844e+00
8.400909304618835449e-01
9.871647357940673828e-01
1.023491859436035156e+00
1.186727881431579590e+00
1.012625336647033691e+00
1.011552214622497559e+00
1.107220411300659180e+00
9.701598882675170898e-01
9.824198484420776367e-01
1.074687480926513672e+00
9.787222146987915039e-01
9.700326919555664062e-01
9.924814701080322266e-01
9.627625346183776855e-01
1.051743149757385254e+00
9.035685062408447266e-01
1.030822157859802246e+00
9.005787968635559082e-01
1.046191334724426270e+00
8.745843768119812012e-01
8.467723131179809570e-01
9.199092388153076172e-01
9.988547563552856445e-01
1.004528045654296875e+00
8.389754295349121094e-01
9.189511537551879883e-01
1.021518945693969727e+00
1.030256867408752441e+00
9.481890201568603516e-01
9.111596941947937012e-01
1.017971277236938477e+00
1.044378280639648438e+00
9.707152247428894043e-01
1.009998917579650879e+00
1.016712903976440430e+00
1.026716709136962891e+00
9.910960793495178223e-01
9.961091876029968262e-01
8.717824220657348633e-01
9.538350105285644531e-01
1.008205652236938477e+00
1.061005949974060059e+00
9.644223451614379883e-01
1.045104742050170898e+00
9.024237990379333496e-01
9.657738208770751953e-01
1.083369016647338867e+00
1.046344518661499023e+00
1.030331373214721680e+00
1.003403663635253906e+00
1.013357162475585938e+00
9.971631765365600586e-01
1.006028294563293457e+00
1.019219040870666504e+00
1.049971222877502441e+00
9.790709614753723145e-01
1.057273268699645996e+00
9.855719804763793945e-01
1.014285564422607422e+00
9.735676646232604980e-01
1.006532788276672363e+00
1.026936411857604980e+00
1.162937879562377930e+00
7.925099134445190430e-01
9.044041037559509277e-01
9.797995090484619141e-01
1.054769992828369141e+00
1.051957964897155762e+00
8.793460726737976074e-01
9.339088797569274902e-01
9.488350749015808105e-01
1.013013720512390137e+00
1.011244535446166992e+00
9.593740105628967285e-01
9.858053922653198242e-01
1.031957149505615234e+00
8.615204691886901855e-01
1.075765252113342285e+00
1.002865433692932129e+00
9.465508460998535156e-01
1.020396947860717773e+00
1.048286557197570801e+00
9.738857746124267578e-01
9.841094613075256348e-01
1.219745993614196777e+00
1.025946736335754395e+00
9.716770052909851074e-01
9.798863530158996582e-01
9.912154674530029297e-01
1.061619639396667480e+00
1.045569539070129395e+00
1.020567893981933594e+00
1.233541011810302734e+00
9.671915173530578613e-01
9.566033482551574707e-01
9.400926828384399414e-01
9.787111878395080566e-01
