7.390484333038330078e+00
1.705580115318298340e+00
-2.315840721130371094e+00
-2.884336113929748535e-01
1.262881994247436523e+00
7.089384555816650391e+00
-5.365066528320312500e+00
8.561646461486816406e+00
-2.422189712524414062e-01
-3.849198341369628906e+00
2.099351167678833008e+00
-7.967460155487060547e+00
2.040669441223144531e+00
1.281364411115646362e-01
3.730289697647094727e+00
-4.136547073721885681e-02
-6.831362247467041016e+00
2.068718910217285156e+01
3.589012622833251953e+00
-4.567917823791503906e+00
-8.960924744606018066e-01
-4.109684944152832031e+00
-2.459183931350708008e+00
-2.423684835433959961e+00
7.477522373199462891e+00
-2.738762497901916504e-01
-8.457170486450195312e+00
4.431461334228515625e+00
1.428418397903442383e+00
5.919362545013427734e+00
-4.394780158996582031e+00
-1.033467197418212891e+01
-3.871732950210571289e+00
-5.555899620056152344e+00
-2.570578336715698242e+00
-9.397255897521972656e+00
-1.503106832504272461e+00
1.121473407745361328e+01
-4.253085136413574219e+00
-4.144481718540191650e-01
1.035912513732910156e+01
-3.208535909652709961e+00
5.650322914123535156e+00
4.879543781280517578e+00
8.857423663139343262e-01
-6.641115188598632812e+00
-2.996966361999511719e+00
7.080422401428222656e+00
-2.097968339920043945e+00
-1.366047382354736328e+00
9.425013542175292969e+00
-4.485043585300445557e-01
-1.892941355705261230e+00
-1.141020774841308594e+00
2.660684585571289062e+00
-1.252315807342529297e+01
-1.207989811897277832e+00
4.129139900207519531e+00
-4.774203300476074219e+00
2.353158950805664062e+00
9.456933736801147461e-01
-7.629929065704345703e+00
-1.151894450187683105e+00
4.416891098022460938e+00
1.656020522117614746e+00
7.282194614410400391e+00
-3.993803977966308594e+00
4.673380374908447266e+00
-2.198038101196289062e-01
1.721847534179687500e+00
-2.989222295582294464e-02
-4.261196136474609375e+00
-3.582313776016235352e+00
-4.260470867156982422e+00
6.433440685272216797e+00
2.064239978790283203e+00
-1.171587181091308594e+01
4.415049076080322266e+00
-2.203918695449829102e-01
1.523099040985107422e+01
-8.910697937011718750e+00
-3.780320167541503906e+00
2.790622234344482422e+00
-1.727577924728393555e+00
-8.545410156250000000e+00
2.446694374084472656e+00
2.487201690673828125e+00
2.048105239868164062e+00
-3.890708088874816895e-01
-2.332191467285156250e+00
-3.994358777999877930e+00
-4.383729457855224609e+00
-9.937372803688049316e-01
3.062335550785064697e-01
-3.450391292572021484e+00
8.340893745422363281e+00
3.181292295455932617e+00
3.809564113616943359e+00
-4.117105960845947266e+00
2.567340850830078125e+00
5.284070491790771484e+00
-3.119465589523315430e+00
-1.363951563835144043e+00
6.335165977478027344e+00
1.233041381835937500e+01
-7.996122837066650391e+00
1.381667733192443848e+00
-2.923314332962036133e+00
2.903394460678100586e+00
-6.945590496063232422e+00
4.191964626312255859e+00
5.163319408893585205e-02
2.085666894912719727e+00
5.918395519256591797e-01
-1.082173347473144531e+00
-3.959487974643707275e-01
6.692684173583984375e+00
-1.749661207199096680e+00
1.305776119232177734e+01
-1.503934860229492188e+01
-3.112734556198120117e+00
-1.012225818634033203e+01
5.386587142944335938e+00
7.701063632965087891e+00
2.386328935623168945e+00
-1.861986041069030762e+00
2.071774959564208984e+00
-3.998121023178100586e-01
-1.115065002441406250e+01
-3.922568082809448242e+00
-5.369706630706787109e+00
-8.694229722023010254e-01
-2.892604351043701172e+00
-3.649412870407104492e+00
1.133247756958007812e+01
-5.518236160278320312e+00
1.949863314628601074e+00
-5.155116081237792969e+00
1.115906524658203125e+01
-8.846200942993164062e+00
-6.192877292633056641e+00
-1.360927224159240723e-01
5.337219834327697754e-01
-2.491854429244995117e+00
-1.930058717727661133e+00
-2.407644748687744141e+00
5.145578384399414062e+00
-8.135010719299316406e+00
1.540344476699829102e+00
-3.144250512123107910e-01
7.868987560272216797e+00
-3.398357152938842773e+00
6.840823650360107422e+00
-4.070124626159667969e+00
-4.642477512359619141e+00
-4.586618423461914062e+00
-4.768863677978515625e+00
1.851523518562316895e+00
-3.243922948837280273e+00
1.551023840904235840e+00
3.318301439285278320e+00
-2.703851699829101562e+00
5.344426155090332031e+00
8.729428648948669434e-01
-4.412390232086181641e+00
7.768356323242187500e+00
1.260765266418457031e+01
1.005253410339355469e+01
-9.497871398925781250e+00
-5.537087917327880859e+00
-2.673782348632812500e+00
-7.405179977416992188e+00
-8.483962059020996094e+00
-5.630964756011962891e+00
3.391078948974609375e+00
-1.675830602645874023e+00
1.282571434974670410e+00
-1.612853705883026123e-01
-3.139303207397460938e+00
-1.884602546691894531e+00
7.884060144424438477e-01
6.398150920867919922e+00
-7.427670001983642578e+00
3.342682600021362305e+00
-2.397728204727172852e+00
-2.301187753677368164e+00
-5.613641813397407532e-02
1.168640708923339844e+01
4.344039440155029297e+00
1.825831234455108643e-01
-2.856745481491088867e+00
-3.719403028488159180e+00
-1.024268627166748047e+01
-2.533228397369384766e+00
-5.731181055307388306e-02
-5.351708889007568359e+00
-2.759618282318115234e+00
-8.983413577079772949e-01
1.087497520446777344e+01
3.675140738487243652e-01
1.205310344696044922e+01
2.560006380081176758e-01
-3.669802188873291016e+00
-8.617841720581054688e+00
8.254051804542541504e-01
1.501025676727294922e+00
-4.014219284057617188e+00
-2.446110963821411133e+00
-3.482104539871215820e+00
-6.631787300109863281e+00
5.364998340606689453e+00
-1.272933006286621094e+00
2.022763490676879883e-01
-1.011557459831237793e+00
6.453816294670104980e-01
-2.112064599990844727e+00
-4.244468688964843750e+00
3.810701608657836914e+00
1.043792724609375000e+01
2.885963201522827148e+00
1.035095119476318359e+01
1.377941370010375977e+00
-3.472910642623901367e+00
-9.700481414794921875e+00
2.537608385086059570e+00
-1.643510580062866211e+00
-1.329435348510742188e+00
-4.436388492584228516e+00
5.684750556945800781e+00
1.475887489318847656e+01
4.021699905395507812e+00
4.051739215850830078e+00
-8.377714157104492188e-01
-7.804908275604248047e+00
-4.744785785675048828e+00
2.710057497024536133e+00
2.254668951034545898e+00
-3.753234624862670898e+00
-4.642445564270019531e+00
1.032253074645996094e+01
-2.213238477706909180e+00
-2.145971775054931641e+00
-4.682520925998687744e-01
-2.068971872329711914e+00
-1.840351104736328125e+00
-2.748848199844360352e+00
8.207859992980957031e+00
1.137843012809753418e+00
-1.406395316123962402e+00
-1.191749334335327148e+00
-4.123826503753662109e+00
1.915855765342712402e+00
-7.719527721405029297e+00
-1.095935249328613281e+01
2.758182525634765625e+00
8.369751930236816406e+00
-5.839564323425292969e+00
7.216895222663879395e-01
-2.326003074645996094e+00
-3.429275035858154297e+00
-1.454490280151367188e+01
-1.181235551834106445e+00
-6.304386258125305176e-01
1.055684757232666016e+01
2.243833303451538086e+00
-3.661798685789108276e-02
6.551623940467834473e-01
3.800857067108154297e+00
1.513787746429443359e+00
3.474290072917938232e-01
8.142535209655761719e+00
-4.373577594757080078e+00
1.080600023269653320e+00
1.485988378524780273e+00
-7.020724773406982422e+00
5.196388721466064453e+00
-3.403175115585327148e+00
1.255687046051025391e+01
-3.795498609542846680e+00
-2.657800197601318359e+00
2.289426773786544800e-01
-4.901370525360107422e+00
6.601339817047119141e+00
-1.729610323905944824e+00
2.578780174255371094e+00
-7.949673652648925781e+00
3.207247972488403320e+00
8.684184074401855469e+00
-5.491371631622314453e+00
-3.306329727172851562e+00
-2.632325410842895508e+00
6.999807357788085938e-01
-4.935775279998779297e+00
-8.724999427795410156e-01
1.252907633781433105e+00
2.219813823699951172e+00
-1.012294578552246094e+01
-3.194554805755615234e+00
4.337264060974121094e+00
1.319988608360290527e+00
-3.953345775604248047e+00
-5.563165187835693359e+00
-3.668942928314208984e+00
-3.520244598388671875e+00
-5.319886684417724609e+00
-1.038729786872863770e+00
-9.108349680900573730e-02
3.720035552978515625e+00
9.768456459045410156e+00
5.731675028800964355e-01
4.340315341949462891e+00
-5.463921546936035156e+00
-5.116528511047363281e+00
-9.966515541076660156e+00
-2.971222877502441406e+00
1.054575204849243164e+00
2.824158191680908203e+00
-2.831490516662597656e+00
-3.711958169937133789e+00
9.858575463294982910e-01
-4.137727260589599609e+00
-3.253085851669311523e+00
-4.451719760894775391e+00
-3.415124893188476562e+00
-7.530339241027832031e+00
-7.521155476570129395e-01
1.517130279541015625e+01
4.660482406616210938e+00
1.682011604309082031e+00
-9.972250938415527344e+00
2.039915800094604492e+00
-4.072492122650146484e+00
-1.086434572935104370e-01
-1.450768566131591797e+01
-3.422877788543701172e+00
-1.116682529449462891e+01
-6.470935821533203125e+00
9.456922531127929688e+00
1.927139639854431152e+00
5.016135215759277344e+00
-1.240219593048095703e+01
-8.243150711059570312e-01
-1.413827776908874512e+00
-1.543667912483215332e+00
-1.934579759836196899e-01
-4.237134933471679688e+00
1.631474018096923828e+00
4.481621742248535156e+00
-1.435495376586914062e+00
3.852652788162231445e+00
3.042383432388305664e+00
1.103678798675537109e+01
5.090038776397705078e-01
-6.984366416931152344e+00
-1.412135839462280273e+00
-1.276723861694335938e+00
4.053385734558105469e+00
6.935395240783691406e+00
1.115168333053588867e+00
1.897245526313781738e+00
8.335621953010559082e-01
-4.451945304870605469e+00
3.262810409069061279e-01
5.804505825042724609e+00
-1.922992706298828125e+00
5.525055408477783203e+00
9.885109901428222656e+00
-5.950555324554443359e+00
-1.766569375991821289e+00
-1.718940019607543945e+00
1.585909008979797363e+00
-9.696578234434127808e-02
1.889425754547119141e+00
6.383322477340698242e-01
2.846743106842041016e+00
-1.452118206024169922e+01
-1.205619716644287109e+01
2.594021558761596680e+00
-3.866399526596069336e+00
3.442172765731811523e+00
-4.371854782104492188e+00
1.812033414840698242e+00
8.681305050849914551e-01
-5.804148197174072266e+00
-1.006188488006591797e+01
1.609093785285949707e+00
-9.260583877563476562e+00
-1.182727432250976562e+01
7.862369418144226074e-01
-5.195328593254089355e-01
4.100714683532714844e+00
-8.763959884643554688e+00
-8.502488136291503906e-01
9.203252196311950684e-01
3.526610136032104492e+00
8.732657432556152344e+00
8.355625271797180176e-01
-1.212389469146728516e+01
1.316201806068420410e+00
-1.635067820549011230e+00
7.422977685928344727e-01
8.842172622680664062e-01
-6.098101735115051270e-01
-3.430513381958007812e+00
1.622028708457946777e+00
-3.129108905792236328e+00
-7.571739673614501953e+00
1.711513876914978027e+00
-3.692595243453979492e+00
1.158342242240905762e+00
-7.785822868347167969e+00
3.006363153457641602e+00
-9.655385971069335938e+00
-9.832571029663085938e+00
-7.601706027984619141e+00
9.260786771774291992e-01
-3.860414922237396240e-01
-5.721156120300292969e+00
2.157846212387084961e+00
-3.444701910018920898e+00
-6.097469806671142578e+00
-1.932336926460266113e+00
-7.056657671928405762e-01
-1.114612445235252380e-01
-2.107537746429443359e+00
2.101014375686645508e+00
4.015807509422302246e-01
6.388397812843322754e-01
4.827819347381591797e+00
-1.801682591438293457e+00
1.099806666374206543e+00
-4.447183132171630859e+00
-8.879426002502441406e+00
-2.923457384109497070e+00
1.951303243637084961e+00
-2.140895605087280273e+00
-3.539275169372558594e+00
7.333147525787353516e+00
-4.124204635620117188e+00
-3.983248233795166016e+00
-3.051126956939697266e+00
-1.179749107360839844e+01
2.069602966308593750e+00
-1.223353981971740723e+00
3.601877689361572266e+00
1.680453658103942871e+00
-3.207572460174560547e+00
-1.275053787231445312e+01
1.944453120231628418e+00
1.419875502586364746e+00
-2.240969657897949219e+00
1.380260467529296875e+00
5.636370778083801270e-01
3.137474060058593750e+00
9.766882061958312988e-01
1.168699073791503906e+01
3.111608028411865234e+00
-3.852003812789916992e+00
-1.182906270027160645e+00
2.047097235918045044e-01
-5.084980130195617676e-01
-8.668146133422851562e-01
1.855059504508972168e+00
6.524387598037719727e-01
8.091669678688049316e-01
-4.526185512542724609e+00
-3.121326684951782227e+00
9.835659027099609375e+00
5.578890800476074219e+00
-1.859152793884277344e+00
3.784909248352050781e+00
1.900278329849243164e+00
-1.188281551003456116e-02
-2.831364870071411133e-01
2.102844238281250000e+00
-3.100972414016723633e+00
2.012887716293334961e+00
-4.031243324279785156e+00
-1.214567348361015320e-01
-8.474307060241699219e+00
1.453187227249145508e+00
-4.249551296234130859e+00
-9.461453437805175781e+00
-1.838388824462890625e+01
-4.959002017974853516e+00
-2.724671125411987305e+00
-3.496752023696899414e+00
8.026631355285644531e+00
9.737818717956542969e+00
-1.620102405548095703e+00
-6.273276805877685547e+00
-7.163861751556396484e+00
-3.516459941864013672e+00
-6.199285507202148438e+00
-5.264900207519531250e+00
-4.289412021636962891e+00
-5.904682159423828125e+00
5.632595419883728027e-01
2.105740070343017578e+00
-1.759537220001220703e+00
9.823722839355468750e+00
2.363177061080932617e+00
1.386347711086273193e-01
3.505184888839721680e+00
-2.973222017288208008e+00
6.947498798370361328e+00
-9.535717964172363281e+00
1.074819326400756836e+00
3.749597311019897461e+00
-5.716814517974853516e+00
2.865213871002197266e+00
1.910928726196289062e+00
