-3.263387680053710938e+00
-7.476851940155029297e-01
-5.005207538604736328e+00
-4.113853454589843750e+00
4.347226142883300781e+00
2.396713018417358398e+00
1.130798935890197754e+00
-5.506952285766601562e+00
4.077283382415771484e+00
-1.052152872085571289e+00
1.448620319366455078e+00
-3.841670274734497070e+00
4.998378276824951172e+00
-2.256052017211914062e+00
-1.325830258429050446e-02
9.177206754684448242e-01
-1.074505567550659180e+00
8.460804224014282227e-01
6.811382174491882324e-01
1.318686962127685547e+00
2.802033185958862305e+00
4.428389072418212891e+00
7.010632753372192383e-01
4.169367790222167969e+00
5.067383766174316406e+00
-2.445950269699096680e+00
-4.621852397918701172e+00
4.090906143188476562e+00
-2.873962163925170898e+00
9.374911189079284668e-01
4.365311622619628906e+00
3.805335521697998047e+00
-1.861800789833068848e+00
-1.059975028038024902e+00
-1.230329871177673340e+00
-3.480342388153076172e+00
-1.266160368919372559e+00
1.738250732421875000e+00
-4.920756816864013672e-01
-4.305229187011718750e+00
-6.880923509597778320e-01
-5.391674518585205078e+00
-3.779714345932006836e+00
2.819362401962280273e+00
-4.029893875122070312e+00
-3.353035211563110352e+00
-1.930393218994140625e+00
-1.840116858482360840e+00
-4.479054927825927734e+00
-3.449886322021484375e+00
-3.673172950744628906e+00
-4.448705673217773438e+00
-4.546979904174804688e+00
-4.007254123687744141e+00
-3.215015411376953125e+00
3.716120481491088867e+00
-2.666472911834716797e+00
-3.996476173400878906e+00
2.069707870483398438e+00
-4.368935585021972656e+00
-6.547100543975830078e-01
3.892487764358520508e+00
-1.070791721343994141e+00
1.720549941062927246e+00
