4.299161024391651154e-03
-3.676652908325195312e-02
-8.493452332913875580e-03
4.920917376875877380e-02
5.819915328174829483e-03
6.363335996866226196e-02
8.213488757610321045e-02
-7.360273599624633789e-02
-7.703530043363571167e-02
3.900402039289474487e-02
2.044431678950786591e-02
-3.181729093194007874e-02
-5.688395723700523376e-02
3.553482517600059509e-02
-2.982804737985134125e-02
4.297279566526412964e-02
1.109937205910682678e-02
-8.021667599678039551e-02
6.332559138536453247e-02
3.953617066144943237e-02
4.780603945255279541e-02
7.673940807580947876e-02
5.103540048003196716e-02
-1.422298233956098557e-02
2.767519280314445496e-02
-3.703573718667030334e-02
1.284664310514926910e-02
-5.803232640027999878e-02
-1.063525825738906860e-01
-2.880627848207950592e-02
8.316907100379467010e-03
-1.975031197071075439e-02
-1.562155503779649734e-02
1.371858455240726471e-02
3.354158997535705566e-02
-2.661212533712387085e-02
-1.087622251361608505e-02
1.220324821770191193e-02
6.302950903773307800e-03
-6.281646341085433960e-02
-1.792960427701473236e-02
4.444331675767898560e-02
6.328687071800231934e-03
1.906025037169456482e-02
-4.180258885025978088e-02
3.538274019956588745e-02
-3.023660741746425629e-03
5.326279439032077789e-03
-2.119552157819271088e-02
-4.388869181275367737e-02
3.178039798513054848e-03
4.280278086662292480e-02
6.479594390839338303e-03
4.229750111699104309e-02
-5.248183384537696838e-02
4.003096371889114380e-02
2.674040012061595917e-02
-9.283176809549331665e-02
1.678961329162120819e-02
3.785543888807296753e-02
6.502086669206619263e-02
-8.056318038143217564e-04
3.329107072204351425e-03
-1.850501075387001038e-02
5.446911230683326721e-02
9.703458100557327271e-02
-4.098226875066757202e-02
5.512751638889312744e-02
-3.572787716984748840e-02
-4.944075644016265869e-02
-3.070162050426006317e-02
-2.341019362211227417e-02
-1.213417667895555496e-02
-6.915197521448135376e-02
-5.151145532727241516e-02
3.650752082467079163e-02
-1.457372959703207016e-02
5.674105882644653320e-02
8.637987077236175537e-03
-4.846725240349769592e-02
5.564995110034942627e-02
5.456877127289772034e-02
-3.938598558306694031e-02
-9.190240874886512756e-03
-4.344389587640762329e-02
-1.831182511523365974e-03
6.697584688663482666e-02
2.926171384751796722e-02
4.108069837093353271e-02
-3.039379417896270752e-02
2.830405486747622490e-03
2.834687381982803345e-02
-8.606565743684768677e-02
9.019162505865097046e-02
1.423083432018756866e-02
-4.480895400047302246e-02
2.348922938108444214e-02
7.573188841342926025e-02
6.873131543397903442e-02
5.298069491982460022e-02
-6.519563496112823486e-02
-2.793373307213187218e-03
-1.112221404910087585e-01
-4.083251208066940308e-02
5.419580638408660889e-02
6.148394197225570679e-02
7.855033874511718750e-02
-6.568833440542221069e-02
5.368819460272789001e-02
-2.785697393119335175e-02
5.028871819376945496e-02
2.841320447623729706e-02
-1.368171814829111099e-02
-7.909727096557617188e-02
1.238397136330604553e-01
-3.830447420477867126e-02
-1.247345656156539917e-02
-6.669364124536514282e-02
-7.904884405434131622e-03
4.142548516392707825e-02
-1.882119290530681610e-02
-4.482290893793106079e-02
6.449138373136520386e-02
1.116983741521835327e-01
-3.387650847434997559e-02
-1.099090091884136200e-03
-9.449939243495464325e-03
3.616935014724731445e-02
-2.670753747224807739e-02
-7.550858706235885620e-02
2.614458277821540833e-02
-4.303906485438346863e-02
-6.283804774284362793e-03
-1.209041010588407516e-02
-3.998500853776931763e-02
4.224783554673194885e-02
-2.238952182233333588e-02
1.023763790726661682e-02
-5.933526158332824707e-02
5.364919453859329224e-02
-3.920942544937133789e-02
3.060576878488063812e-02
2.006417699158191681e-02
-6.926169153302907944e-04
-6.554800271987915039e-02
7.169368118047714233e-02
5.254879966378211975e-02
-4.611517651937901974e-04
-4.270396661013364792e-03
-8.696046471595764160e-02
8.106125891208648682e-02
-5.857241898775100708e-02
9.368017315864562988e-03
-2.268571592867374420e-02
4.423644766211509705e-02
-2.598244138062000275e-02
4.915963858366012573e-02
-2.923385985195636749e-02
2.689805626869201660e-02
3.673429787158966064e-02
5.045057460665702820e-02
8.993909694254398346e-03
-1.983883418142795563e-02
-1.103801839053630829e-02
-9.907886385917663574e-02
7.151399552822113037e-02
-4.574386030435562134e-02
2.463036403059959412e-02
4.411665350198745728e-02
4.028126224875450134e-02
-8.206222206354141235e-03
1.226957794278860092e-02
2.109196595847606659e-02
6.193501502275466919e-02
5.020116921514272690e-03
4.153421614319086075e-03
6.446520984172821045e-02
1.625544019043445587e-02
-7.124459370970726013e-03
1.019773334264755249e-01
2.590785361826419830e-02
-4.026855900883674622e-02
-5.463001504540443420e-02
-3.544627502560615540e-02
-6.258489936590194702e-02
-9.524944238364696503e-03
4.876556247472763062e-02
6.667979061603546143e-02
2.174635790288448334e-02
4.282383993268013000e-02
3.999270498752593994e-02
4.397382959723472595e-02
1.666932832449674606e-03
-7.817626744508743286e-02
-4.451875761151313782e-02
3.657485917210578918e-02
1.125061791390180588e-02
-3.287118626758456230e-03
-4.318876937031745911e-02
-1.167238280177116394e-01
1.344279013574123383e-02
2.518946304917335510e-02
2.873050048947334290e-02
-4.977889731526374817e-02
1.086258366703987122e-01
2.182359434664249420e-02
-1.242827717214822769e-02
1.002046186476945877e-02
1.360656227916479111e-02
2.930737473070621490e-02
9.940663725137710571e-02
-5.641567707061767578e-02
3.756209835410118103e-02
-1.668754406273365021e-02
-4.132227972149848938e-02
-3.477295115590095520e-02
2.516681142151355743e-02
1.882513798773288727e-02
8.580053225159645081e-03
-1.690443977713584900e-02
-3.243641182780265808e-02
6.800638977438211441e-03
-2.965315943583846092e-03
4.071756079792976379e-02
1.898865331895649433e-03
-7.065859436988830566e-02
3.262874111533164978e-02
1.811669953167438507e-02
3.687649965286254883e-02
7.926682382822036743e-02
7.803318649530410767e-02
3.521009907126426697e-02
-3.306660056114196777e-02
5.619359388947486877e-02
-1.503031514585018158e-02
1.703520491719245911e-02
-5.408355593681335449e-02
-4.977146908640861511e-02
3.926841169595718384e-02
-2.642258070409297943e-02
-1.846063509583473206e-02
4.127675294876098633e-02
4.832498356699943542e-02
-1.147246453911066055e-02
7.879818789660930634e-03
8.291120640933513641e-03
6.956072896718978882e-02
2.443090640008449554e-02
-8.865902572870254517e-02
-1.340504735708236694e-02
-5.184271372854709625e-03
2.014198154211044312e-02
2.061762288212776184e-02
8.158542960882186890e-02
-4.346770048141479492e-02
1.118706539273262024e-02
6.126034073531627655e-03
-3.196123242378234863e-02
4.523462150245904922e-03
1.943534798920154572e-02
9.078577160835266113e-03
2.679371507838368416e-03
6.574458908289670944e-03
1.869649626314640045e-02
-3.663503378629684448e-02
-8.475268632173538208e-02
3.089386154897511005e-05
-3.543759230524301529e-03
-4.394410923123359680e-02
-7.106214761734008789e-02
-1.651471853256225586e-02
-5.024171900004148483e-03
-7.269814610481262207e-03
-2.608163096010684967e-02
3.941272571682929993e-02
3.027423471212387085e-02
-4.781848564743995667e-02
-6.567092239856719971e-02
-3.478569164872169495e-02
7.321844995021820068e-02
-3.541503846645355225e-02
9.991984814405441284e-02
-8.702891878783702850e-03
1.512674242258071899e-02
9.734756313264369965e-03
3.614462167024612427e-02
3.037887066602706909e-02
-4.883217066526412964e-02
2.376493997871875763e-02
2.200144343078136444e-03
-8.808287978172302246e-02
2.256426960229873657e-02
2.789781615138053894e-02
-6.995856761932373047e-02
1.562847383320331573e-02
1.889177039265632629e-02
1.067906059324741364e-02
8.054544217884540558e-03
-1.628915593028068542e-02
-4.549018666148185730e-02
6.730500608682632446e-02
-7.325577549636363983e-03
-5.497254803776741028e-02
-5.368021875619888306e-02
8.709295094013214111e-02
2.226588316261768341e-02
8.297331514768302441e-04
-2.608435228466987610e-02
-3.463330492377281189e-02
-3.303867578506469727e-02
-4.623227193951606750e-02
6.476912647485733032e-02
-4.408543929457664490e-02
-6.728843599557876587e-02
3.527466207742691040e-02
-3.776460653170943260e-03
-6.964119966141879559e-04
4.873550962656736374e-03
9.157012391369789839e-05
-2.354671806097030640e-02
-1.350758224725723267e-02
7.004519551992416382e-02
-3.050014609470963478e-03
-1.118412334471940994e-02
5.515211261808872223e-03
3.555723465979099274e-03
-1.126835821196436882e-03
-1.993828266859054565e-02
-4.313064273446798325e-03
8.942230790853500366e-02
4.226954281330108643e-02
-6.794086098670959473e-02
4.328043013811111450e-02
1.268009562045335770e-02
1.004981063306331635e-02
2.664547786116600037e-02
-4.643655195832252502e-02
-1.058423668146133423e-01
7.887297309935092926e-03
-1.285476237535476685e-02
-7.508152723312377930e-02
-1.527607142925262451e-01
-1.998694054782390594e-02
-3.604302555322647095e-02
6.436107307672500610e-02
-2.616967447102069855e-02
-2.174018882215023041e-02
-7.882922142744064331e-02
3.047931380569934845e-02
3.556132782250642776e-03
-9.045962989330291748e-02
-5.103761330246925354e-02
-7.417676039040088654e-03
1.173880323767662048e-02
-3.152153268456459045e-02
-3.364429995417594910e-02
1.054522115737199783e-02
6.174618005752563477e-02
4.942324757575988770e-02
2.970738708972930908e-02
1.503588166087865829e-02
2.149138972163200378e-02
2.465512976050376892e-02
1.483991295099258423e-01
2.733133733272552490e-02
-4.477140307426452637e-02
-2.649369463324546814e-02
-3.109234385192394257e-02
-2.391161955893039703e-02
-3.615412488579750061e-02
-8.032396435737609863e-02
2.625889703631401062e-02
-3.399374336004257202e-02
1.139260828495025635e-02
6.355724297463893890e-03
-9.580634534358978271e-02
-8.004008792340755463e-03
1.967953285202383995e-03
-6.768248230218887329e-02
-3.756266087293624878e-02
-6.369897723197937012e-02
3.791863471269607544e-02
4.995437338948249817e-02
4.554173350334167480e-02
-5.294444039463996887e-02
1.907343044877052307e-02
-4.405829682946205139e-02
-1.157655939459800720e-02
-7.703761802986264229e-04
-5.851439759135246277e-02
-1.946662738919258118e-02
3.452372737228870392e-03
5.618906579911708832e-03
-4.288725182414054871e-02
-4.417540878057479858e-02
-3.385954722762107849e-02
8.497425168752670288e-02
-7.463285326957702637e-02
3.376900777220726013e-02
3.527874825522303581e-03
5.372254550457000732e-02
2.420003339648246765e-02
-7.888335734605789185e-02
-7.044667750597000122e-02
-1.950016245245933533e-02
-4.099578782916069031e-02
-2.933302707970142365e-02
2.870533429086208344e-02
-2.683644369244575500e-02
-4.250842146575450897e-03
-6.223800010047852993e-04
5.187495611608028412e-03
-1.913997903466224670e-02
-3.690905123949050903e-02
2.306676935404539108e-03
-8.639231324195861816e-02
3.763751313090324402e-02
4.180293902754783630e-02
-2.255385555326938629e-02
5.378214176744222641e-03
-2.613425254821777344e-02
-1.029321700334548950e-01
2.456758543848991394e-02
-3.913318738341331482e-02
-2.441116422414779663e-02
-6.536932289600372314e-02
2.770477719604969025e-02
-3.989482671022415161e-02
3.711004927754402161e-02
-3.563980013132095337e-02
-2.284297533333301544e-02
-5.180049920454621315e-04
-5.155493691563606262e-02
1.020305752754211426e-01
-2.811019681394100189e-02
4.767625033855438232e-02
4.056689888238906860e-02
3.062016889452934265e-02
3.941076993942260742e-02
-4.165729507803916931e-02
-1.435549370944499969e-02
-3.516299650073051453e-02
-4.973529279232025146e-02
8.983971178531646729e-02
-1.474370062351226807e-01
2.108726836740970612e-02
-5.116605386137962341e-02
2.703071571886539459e-02
-2.941884472966194153e-02
-1.872741430997848511e-02
7.820320874452590942e-02
-3.088231198489665985e-02
-3.395601734519004822e-02
-5.218727514147758484e-02
-1.436650753021240234e-02
5.474554002285003662e-02
-1.197376754134893417e-02
1.754692755639553070e-02
-3.182436339557170868e-03
-6.399131380021572113e-04
-1.818938180804252625e-02
9.222515672445297241e-02
1.625556498765945435e-02
-1.069366037845611572e-01
2.653762884438037872e-02
-6.608961522579193115e-02
-3.491862863302230835e-02
-1.207342837005853653e-02
1.057154126465320587e-02
-2.511878497898578644e-03
-1.442815177142620087e-02
-7.432445883750915527e-02
-4.898880794644355774e-02
4.440905526280403137e-03
2.064876072108745575e-02
1.626801677048206329e-02
4.428965598344802856e-02
-1.755464449524879456e-02
2.178553864359855652e-02
5.911625176668167114e-02
1.314623933285474777e-02
5.440808460116386414e-02
-3.826470300555229187e-02
2.122965641319751740e-02
-4.289187118411064148e-02
6.070210039615631104e-02
3.068744204938411713e-02
3.629112383350729942e-03
5.806254222989082336e-02
5.117204040288925171e-02
6.196491047739982605e-02
5.593529716134071350e-02
3.870110586285591125e-02
-1.483194679021835327e-01
-1.212403923273086548e-02
-2.523402497172355652e-02
3.599485754966735840e-02
-4.347340017557144165e-02
-6.613148842006921768e-03
2.421314828097820282e-02
-6.607016548514366150e-03
7.613959256559610367e-03
-7.009278237819671631e-02
-1.217567361891269684e-03
4.432098940014839172e-02
3.455184027552604675e-02
1.244774907827377319e-01
-2.650468377396464348e-03
7.572271674871444702e-02
-1.202121004462242126e-01
5.026459228247404099e-03
1.709924452006816864e-02
-4.505986720323562622e-02
4.693717230111360550e-03
1.737867109477519989e-02
-3.525571525096893311e-02
7.641395926475524902e-02
-2.683208149392157793e-04
3.628130629658699036e-02
-1.118052192032337189e-02
-3.512587770819664001e-02
-1.660198159515857697e-02
-4.548317566514015198e-02
6.403273344039916992e-02
1.481357379816472530e-03
-7.478867471218109131e-02
-5.728875473141670227e-02
-8.622664958238601685e-02
-9.632055461406707764e-02
7.756913546472787857e-03
-4.706789553165435791e-02
-1.457744743674993515e-02
8.127933368086814880e-03
-6.547123193740844727e-02
-9.816952049732208252e-02
-1.977787166833877563e-02
-1.112143788486719131e-02
1.612256653606891632e-02
-4.929151013493537903e-02
4.405688494443893433e-02
-1.618812419474124908e-02
1.993123069405555725e-02
-2.472520805895328522e-02
-1.000470295548439026e-02
-2.635231427848339081e-02
4.714312031865119934e-02
6.072065234184265137e-02
-1.177586428821086884e-02
3.116972558200359344e-02
-4.607983306050300598e-02
-2.250612899661064148e-02
6.227188557386398315e-02
-4.312954843044281006e-02
-5.144586414098739624e-02
-1.874160580337047577e-02
-2.226172387599945068e-02
-4.399918019771575928e-02
1.401371695101261139e-02
2.005233801901340485e-02
3.227150812745094299e-02
-3.878048062324523926e-02
3.165889158844947815e-02
-3.907203674316406250e-02
-5.319987609982490540e-02
-1.892153406515717506e-03
-1.660437509417533875e-02
2.388716675341129303e-03
-1.783154532313346863e-02
2.976725110784173012e-03
-1.860061101615428925e-02
5.510303378105163574e-02
7.693710736930370331e-03
-3.114098869264125824e-02
-2.580610802397131920e-03
-2.892455644905567169e-02
-4.792039841413497925e-02
-1.652771793305873871e-02
-4.397121444344520569e-02
5.975330993533134460e-02
4.957964643836021423e-02
-1.295904722064733505e-02
1.254853699356317520e-02
-2.779702097177505493e-02
1.920095272362232208e-02
-2.006006054580211639e-02
1.806447096168994904e-02
-2.029429376125335693e-02
-3.881262242794036865e-02
9.535326622426509857e-03
-1.823713630437850952e-02
-5.338114500045776367e-02
5.085688084363937378e-02
5.165949836373329163e-02
-1.026220247149467468e-01
-4.048857837915420532e-02
-4.557377472519874573e-02
5.654275044798851013e-02
2.239374909549951553e-03
2.954822033643722534e-03
-3.682192414999008179e-02
-1.643118076026439667e-02
1.204691920429468155e-02
-4.654767736792564392e-02
-2.521963603794574738e-02
1.383285317569971085e-02
-3.120826557278633118e-02
-8.798442035913467407e-02
-2.718739956617355347e-02
1.202120818197727203e-02
-4.560469835996627808e-02
-7.912990450859069824e-02
-5.659092590212821960e-02
-2.824131026864051819e-02
-9.960581362247467041e-02
9.762478619813919067e-02
1.908903010189533234e-02
-7.081610709428787231e-02
-2.361878752708435059e-02
-5.886084909434430301e-05
2.957797609269618988e-02
-7.519573718309402466e-02
2.347164228558540344e-02
-5.044851824641227722e-02
-4.625749960541725159e-02
-8.955903351306915283e-02
2.702709101140499115e-02
-1.038435660302639008e-02
2.830239944159984589e-02
-4.396335035562515259e-02
3.459973668213933706e-04
2.825422771275043488e-02
-8.602593094110488892e-02
2.987052686512470245e-02
-1.485777553170919418e-02
-6.995637714862823486e-02
-1.078770458698272705e-01
-1.727011054754257202e-03
-2.739434130489826202e-02
2.477512508630752563e-02
-4.054975509643554688e-02
1.243231445550918579e-02
8.432395011186599731e-02
-7.123400270938873291e-02
5.137339234352111816e-02
5.799610167741775513e-03
-3.317823261022567749e-02
-4.350632801651954651e-02
-1.760599389672279358e-02
2.532124519348144531e-02
4.757024720311164856e-02
4.320843890309333801e-02
-8.723226934671401978e-02
-7.769679278135299683e-02
-2.434059977531433105e-02
-6.590531766414642334e-02
-3.374350070953369141e-02
5.036551505327224731e-03
1.733253337442874908e-02
-5.158223211765289307e-02
-4.038121551275253296e-02
5.247557535767555237e-02
-4.964817315340042114e-03
-4.025242850184440613e-02
1.684825681149959564e-02
1.260970905423164368e-02
-2.236746251583099365e-02
-8.040414750576019287e-02
2.284502051770687103e-02
2.831349382176995277e-03
2.973983064293861389e-03
-2.469723671674728394e-02
5.543982144445180893e-03
-2.158108353614807129e-02
-3.066819719970226288e-02
-7.171115372329950333e-03
2.222811058163642883e-02
-5.912281922064721584e-04
-6.627897918224334717e-02
2.719426713883876801e-02
-5.453672260046005249e-02
2.608212409541010857e-03
8.568462915718555450e-03
-3.864897787570953369e-02
-3.024473413825035095e-02
-7.032831758260726929e-02
-3.083507716655731201e-02
1.621394604444503784e-02
5.376131739467382431e-04
-1.452811714261770248e-02
-3.713539987802505493e-02
1.918738707900047302e-02
2.808413840830326080e-02
3.274786472320556641e-02
2.341538434848189354e-03
2.695977129042148590e-02
-7.117184344679117203e-03
5.639146268367767334e-02
-3.696781024336814880e-02
-1.655427180230617523e-02
-2.667225897312164307e-02
-1.094806045293807983e-01
-5.434109643101692200e-02
-4.962056502699851990e-02
1.731537282466888428e-02
1.759853027760982513e-02
4.611437674611806870e-03
4.458466544747352600e-02
1.725760474801063538e-02
-7.212457805871963501e-02
-6.154956296086311340e-02
4.664033651351928711e-03
-4.846310615539550781e-02
-5.682822316884994507e-02
-8.198870718479156494e-02
-2.279496751725673676e-02
-4.829799383878707886e-02
-9.723652154207229614e-02
-6.662627309560775757e-02
-3.710073232650756836e-02
-9.921243414282798767e-03
-1.333898399025201797e-02
8.515711873769760132e-03
-7.049798220396041870e-02
5.160656943917274475e-02
3.896615467965602875e-03
1.025159098207950592e-02
4.852091148495674133e-02
8.514685556292533875e-03
-7.242029905319213867e-02
-4.833441972732543945e-02
3.996857628226280212e-02
-2.731119096279144287e-02
5.685181915760040283e-02
6.921145319938659668e-02
-1.170142367482185364e-02
-2.697489410638809204e-02
1.448530121706426144e-03
1.981029473245143890e-02
-3.779546543955802917e-02
9.212432196363806725e-04
-1.196381170302629471e-02
-4.985098168253898621e-02
2.849179552868008614e-03
9.213048033416271210e-03
-2.693796716630458832e-02
2.410460030660033226e-03
4.243659321218729019e-03
8.930243551731109619e-02
3.234470263123512268e-02
-6.462928652763366699e-02
-9.993233717978000641e-03
1.517556328326463699e-02
2.287996932864189148e-02
-1.232949644327163696e-01
-3.530481085181236267e-02
1.655860245227813721e-02
2.143726870417594910e-02
-6.142351310700178146e-03
-1.038830131292343140e-01
-5.314875766634941101e-02
5.868820939213037491e-03
-2.979361452162265778e-02
1.380588393658399582e-02
-2.732041291892528534e-02
-6.405055522918701172e-02
-6.921487301588058472e-02
5.261412588879466057e-04
-6.563544273376464844e-02
1.014451235532760620e-01
1.552637517452239990e-01
6.374482810497283936e-02
1.498970985412597656e-01
9.542711824178695679e-02
1.654207855463027954e-01
-4.998731985688209534e-02
4.386187717318534851e-02
1.375953555107116699e-01
1.770776957273483276e-01
1.825584471225738525e-01
2.122610658407211304e-01
9.838716685771942139e-02
8.039976656436920166e-02
1.503193378448486328e-01
1.666673719882965088e-01
1.482597589492797852e-01
8.287571370601654053e-02
1.315844357013702393e-01
1.663037389516830444e-01
1.951374113559722900e-01
2.771447598934173584e-01
-5.410332232713699341e-02
9.263357520103454590e-02
5.014510825276374817e-02
6.521473079919815063e-02
1.484470516443252563e-01
1.486876904964447021e-01
1.977005004882812500e-01
1.263399124145507812e-01
6.632264703512191772e-02
1.820487827062606812e-01
1.602767407894134521e-01
6.178822368383407593e-02
1.245107725262641907e-01
1.228415817022323608e-01
1.666791737079620361e-01
2.340069562196731567e-01
1.007540374994277954e-01
2.113531343638896942e-02
1.169580072164535522e-01
1.746826469898223877e-01
1.121615841984748840e-01
1.677975207567214966e-01
-6.090205907821655273e-02
1.933158040046691895e-01
1.702497452497482300e-01
-5.670940503478050232e-02
-9.715728461742401123e-02
1.341289430856704712e-01
6.299408525228500366e-02
2.019821405410766602e-01
4.772280156612396240e-02
1.145145371556282043e-01
2.004421502351760864e-01
-4.312562197446823120e-02
8.665675669908523560e-02
9.239692986011505127e-02
2.118041962385177612e-01
9.925055503845214844e-02
2.758755981922149658e-01
4.180354252457618713e-02
1.294041723012924194e-01
1.138914749026298523e-02
1.574149280786514282e-01
4.644481465220451355e-02
7.004899531602859497e-02
-1.199735328555107117e-02
2.118853926658630371e-01
1.437134295701980591e-01
1.203005462884902954e-01
1.037712991237640381e-01
-2.568304166197776794e-02
5.203863605856895447e-02
-6.030152551829814911e-03
4.576516523957252502e-02
3.432488534599542618e-03
4.206144809722900391e-02
6.092337891459465027e-02
1.287659257650375366e-02
2.587152719497680664e-01
6.516890972852706909e-02
1.313855648040771484e-01
-7.551057264208793640e-03
6.977907568216323853e-02
1.199278160929679871e-01
7.753002643585205078e-02
1.270436197519302368e-01
-9.464058093726634979e-03
1.088221222162246704e-01
6.194202601909637451e-02
1.605244278907775879e-01
1.443371772766113281e-01
1.419767588376998901e-01
9.087357670068740845e-02
1.236610785126686096e-01
8.520466834306716919e-02
8.183328807353973389e-02
6.566246598958969116e-02
-1.625241339206695557e-02
4.414355754852294922e-02
1.721900850534439087e-01
-3.749375417828559875e-02
6.049392372369766235e-02
1.947272270917892456e-01
9.345386922359466553e-02
1.586737036705017090e-01
5.011707544326782227e-02
-2.704949863255023956e-02
-3.534224629402160645e-02
1.237922608852386475e-01
2.567312717437744141e-01
2.246373593807220459e-01
1.537522375583648682e-01
1.957311853766441345e-02
3.819619864225387573e-02
8.548147231340408325e-02
1.414360851049423218e-01
2.344119101762771606e-01
1.525243222713470459e-01
1.623683422803878784e-01
2.144985646009445190e-01
1.080666258931159973e-01
2.838168106973171234e-02
8.774653077125549316e-02
1.418199688196182251e-01
9.316729754209518433e-02
-4.786382615566253662e-02
9.657681733369827271e-02
1.030472069978713989e-01
2.589809298515319824e-01
6.199271976947784424e-02
1.274959743022918701e-01
2.123700976371765137e-01
1.769108772277832031e-01
1.594020575284957886e-01
8.561165630817413330e-02
1.659498214721679688e-01
-8.628348261117935181e-02
1.423912346363067627e-01
-1.774904876947402954e-02
1.511867195367813110e-01
2.020656913518905640e-01
2.162275612354278564e-01
8.595071732997894287e-02
5.244537070393562317e-02
8.424407243728637695e-02
1.057284697890281677e-01
5.892634764313697815e-02
5.943716317415237427e-02
1.217711791396141052e-01
1.314049661159515381e-01
5.434958636760711670e-02
1.865621805191040039e-01
3.401247411966323853e-02
2.138419151306152344e-01
8.093620091676712036e-02
8.156533539295196533e-02
2.209858745336532593e-01
1.843155771493911743e-01
9.592522680759429932e-02
-7.074368000030517578e-02
8.457820117473602295e-02
1.908720284700393677e-01
-5.552360415458679199e-02
9.865336120128631592e-02
6.894690543413162231e-02
8.909648656845092773e-02
8.110705018043518066e-02
2.059504836797714233e-01
7.557468116283416748e-02
1.387453079223632812e-01
6.737641990184783936e-02
2.303420454263687134e-01
2.159661352634429932e-01
4.488171637058258057e-02
1.147637218236923218e-01
1.297193765640258789e-01
-3.438083222135901451e-03
1.470734365284442902e-02
4.740964248776435852e-02
9.952233731746673584e-02
1.552922576665878296e-01
7.268704473972320557e-02
1.095134392380714417e-01
9.777148813009262085e-02
1.313965916633605957e-01
3.124702163040637970e-02
9.280472993850708008e-02
1.024263873696327209e-01
1.224036365747451782e-01
1.491863578557968140e-01
3.342467918992042542e-02
2.382446778938174248e-03
-2.982318634167313576e-03
-4.353785887360572815e-02
3.115577399730682373e-01
1.650846749544143677e-01
1.211855933070182800e-01
5.973356217145919800e-02
2.102026641368865967e-01
-6.275394558906555176e-02
2.235530316829681396e-01
7.782782614231109619e-02
2.331790626049041748e-01
3.814255446195602417e-02
2.315577566623687744e-01
1.705498397350311279e-01
4.096873104572296143e-02
1.106245666742324829e-01
1.424007564783096313e-01
8.844231069087982178e-02
3.368826210498809814e-02
1.071480512619018555e-01
2.047115117311477661e-01
9.517174214124679565e-02
1.620308905839920044e-01
1.557211726903915405e-01
5.378751456737518311e-02
2.194545716047286987e-01
1.637438833713531494e-01
1.628571897745132446e-01
8.312669582664966583e-03
7.654760032892227173e-03
1.191215515136718750e-01
7.503066956996917725e-02
1.982135325670242310e-01
1.705440878868103027e-01
3.834762796759605408e-02
3.720482066273689270e-02
-5.187866836786270142e-02
6.204571574926376343e-02
-2.474421076476573944e-02
9.720936417579650879e-03
1.202659085392951965e-01
4.185133427381515503e-02
1.404485851526260376e-01
1.384768784046173096e-01
1.071008741855621338e-01
5.311221629381179810e-02
1.151480823755264282e-01
3.129680752754211426e-01
2.570511698722839355e-01
1.404272317886352539e-01
-1.112926304340362549e-01
-3.913733176887035370e-03
9.747467935085296631e-02
7.485934346914291382e-02
7.706638425588607788e-03
3.373707458376884460e-02
5.373713746666908264e-02
1.478281468152999878e-01
1.597185619175434113e-02
1.745919585227966309e-01
8.251021802425384521e-02
7.945834100246429443e-02
1.084000393748283386e-01
1.074557974934577942e-01
7.330095022916793823e-02
1.530009657144546509e-01
2.878837585449218750e-01
2.251452058553695679e-01
7.993378490209579468e-02
2.710642516613006592e-01
3.595969974994659424e-01
2.326531857252120972e-01
7.900109887123107910e-02
1.758881509304046631e-01
1.430427003651857376e-02
-5.496371164917945862e-02
2.898589968681335449e-01
5.510139465332031250e-02
-2.948637492954730988e-02
1.446650028228759766e-01
1.889831721782684326e-01
1.597854495048522949e-01
1.310100257396697998e-01
1.793478876352310181e-01
5.140286311507225037e-02
1.393598914146423340e-01
1.196402385830879211e-01
9.067418053746223450e-03
-2.669472433626651764e-02
2.267591506242752075e-01
3.336210548877716064e-01
2.316845059394836426e-01
1.214310899376869202e-01
1.262573450803756714e-01
7.459632307291030884e-02
6.188164278864860535e-02
1.086311265826225281e-01
6.837234646081924438e-02
-1.640835963189601898e-02
2.805623412132263184e-01
6.422901153564453125e-02
1.461733728647232056e-01
9.125644713640213013e-02
2.073926627635955811e-01
1.382202208042144775e-01
7.013600319623947144e-02
-3.089054301381111145e-02
1.415327936410903931e-01
8.171743154525756836e-02
1.455966979265213013e-01
4.797643050551414490e-02
1.255389600992202759e-01
1.129517704248428345e-01
-7.434737682342529297e-02
8.298660814762115479e-02
1.534881740808486938e-01
1.621241271495819092e-01
1.516856700181961060e-01
3.304785788059234619e-01
2.122565209865570068e-01
-8.954209834337234497e-02
1.809785962104797363e-01
1.601643413305282593e-01
2.216335386037826538e-01
1.456110645085573196e-02
1.374991089105606079e-01
1.664389818906784058e-01
5.850293487310409546e-02
2.696866393089294434e-01
-2.298699021339416504e-01
1.861763373017311096e-02
2.623226642608642578e-01
2.369212955236434937e-01
1.506120562553405762e-01
1.529495269060134888e-01
-3.491681441664695740e-02
2.735506296157836914e-01
2.399156689643859863e-01
9.147956222295761108e-02
-1.606598049402236938e-01
1.419368982315063477e-01
5.452925339341163635e-02
1.462823748588562012e-01
2.648339867591857910e-01
1.064136549830436707e-01
2.175930589437484741e-01
8.257421106100082397e-02
2.064878344535827637e-01
1.774750947952270508e-01
1.889913678169250488e-01
2.575701288878917694e-02
1.189518943428993225e-01
6.521116942167282104e-02
2.700525224208831787e-01
8.562008291482925415e-02
7.284037768840789795e-02
3.584004640579223633e-01
4.250226914882659912e-02
1.540682911872863770e-01
1.497241258621215820e-01
7.792506366968154907e-02
2.167899012565612793e-01
2.168145626783370972e-01
1.352967172861099243e-01
6.097028031945228577e-02
1.139181628823280334e-01
-1.500686164945363998e-02
9.495323896408081055e-02
8.656721562147140503e-02
6.659072637557983398e-02
1.640880107879638672e-01
1.505618691444396973e-01
1.794100105762481689e-01
1.008167639374732971e-01
1.624904870986938477e-01
1.855901330709457397e-01
4.484414309263229370e-02
1.214015409350395203e-01
3.401820063591003418e-01
1.557012945413589478e-01
3.065753877162933350e-01
1.778794378042221069e-01
8.789919316768646240e-02
1.980632245540618896e-01
1.409227848052978516e-01
3.228365257382392883e-02
1.602453589439392090e-01
1.671096235513687134e-01
1.556507796049118042e-01
-5.082042515277862549e-02
1.663116812705993652e-01
2.211925238370895386e-01
1.928424686193466187e-01
1.007706075906753540e-01
9.726593643426895142e-02
5.961501225829124451e-02
1.219976916909217834e-01
1.839525401592254639e-01
9.304665774106979370e-02
1.723217815160751343e-01
8.607444912195205688e-02
5.287390574812889099e-02
1.897862553596496582e-02
2.525802254676818848e-01
2.202128171920776367e-01
1.557217985391616821e-01
1.829979717731475830e-01
9.259193204343318939e-03
3.073835931718349457e-02
9.811741113662719727e-02
6.558956950902938843e-02
-1.011432707309722900e-01
1.897904276847839355e-01
1.032286360859870911e-01
3.177893757820129395e-01
4.789169132709503174e-02
-8.111638575792312622e-02
2.020928263664245605e-01
8.759164810180664062e-02
1.404628306627273560e-01
7.809447497129440308e-02
1.103289276361465454e-01
1.654354035854339600e-01
-2.206449508666992188e-01
1.745249629020690918e-01
1.552997529506683350e-01
1.962726563215255737e-01
4.533737152814865112e-02
2.118008024990558624e-02
1.350598782300949097e-01
-4.901999142020940781e-03
7.024231553077697754e-02
8.895546197891235352e-02
6.262078136205673218e-02
2.308565676212310791e-01
1.896171420812606812e-01
6.393300741910934448e-02
1.569790393114089966e-01
1.356531977653503418e-01
9.565986692905426025e-02
1.517434269189834595e-01
-4.778303951025009155e-02
-3.894169256091117859e-02
2.642510235309600830e-01
3.213778138160705566e-02
1.920354068279266357e-01
9.386029094457626343e-02
1.383948773145675659e-01
5.222773924469947815e-02
-2.202362054958939552e-03
2.575820982456207275e-01
3.374776244163513184e-02
-1.818747445940971375e-02
5.865311995148658752e-02
1.560166478157043457e-01
4.682341217994689941e-02
1.236421167850494385e-01
3.689634054899215698e-02
2.276176512241363525e-01
2.879536151885986328e-01
2.787725627422332764e-01
1.216350868344306946e-01
1.368086040019989014e-01
-4.071287810802459717e-02
1.212136372923851013e-01
1.902863830327987671e-01
-2.527493983507156372e-03
7.839611917734146118e-02
1.913580298423767090e-01
1.881693154573440552e-01
1.853695064783096313e-01
1.909188926219940186e-01
2.805039584636688232e-01
2.567261755466461182e-01
-5.001081153750419617e-02
1.365350186824798584e-01
6.379912793636322021e-02
1.247102320194244385e-01
2.563896477222442627e-01
2.702235281467437744e-01
3.549473285675048828e-01
1.269626617431640625e-01
1.206030175089836121e-01
4.157446697354316711e-02
1.418795287609100342e-01
1.179063543677330017e-01
1.903981864452362061e-01
3.640957474708557129e-01
5.997382476925849915e-02
1.463609337806701660e-01
8.944183588027954102e-03
-4.986429214477539062e-02
-4.427442327141761780e-02
1.437528580427169800e-01
-3.565320745110511780e-02
5.700614303350448608e-02
1.443305909633636475e-01
7.437093183398246765e-03
1.103537753224372864e-01
3.341403305530548096e-01
2.556260228157043457e-01
1.014865413308143616e-01
2.158775478601455688e-01
1.595151275396347046e-01
2.029535919427871704e-01
-2.299357391893863678e-02
1.404640451073646545e-02
1.559097170829772949e-01
-6.563463062047958374e-02
2.210302948951721191e-01
9.018758684396743774e-02
4.204918444156646729e-02
5.284347757697105408e-02
1.913927942514419556e-01
6.868560332804918289e-03
1.298265308141708374e-01
2.282048612833023071e-01
9.979841858148574829e-02
1.768525876104831696e-02
-3.043710626661777496e-02
-8.208594471216201782e-02
-2.133624441921710968e-02
-3.049951978027820587e-02
-5.050762370228767395e-02
-6.020104885101318359e-02
-4.755393415689468384e-02
2.791079878807067871e-02
6.219225004315376282e-03
3.979060053825378418e-02
-1.529088360257446766e-03
-2.023691684007644653e-02
-6.591835618019104004e-02
-6.014599278569221497e-02
8.829802274703979492e-03
4.034927487373352051e-02
-9.872492402791976929e-02
-1.057511079125106335e-03
-5.622377246618270874e-02
7.314599584788084030e-03
2.613433264195919037e-02
6.341468542814254761e-02
-1.313097774982452393e-01
-5.411690473556518555e-02
-9.816874563694000244e-02
-1.338471192866563797e-02
-1.467618625611066818e-02
-8.392056077718734741e-02
6.376618146896362305e-02
-7.828187197446823120e-02
-1.129220649600028992e-01
-7.642666995525360107e-02
-1.146741211414337158e-01
-1.366868913173675537e-01
1.007604971528053284e-02
-9.527067840099334717e-02
-1.071217730641365051e-01
-1.931546330451965332e-01
-1.106959879398345947e-01
-1.062385365366935730e-01
-7.271097600460052490e-02
-8.676257729530334473e-02
-1.227542236447334290e-01
-3.702995181083679199e-02
2.128340303897857666e-02
-1.833402551710605621e-02
-6.630003452301025391e-02
-6.555726379156112671e-02
-7.773448247462511063e-03
4.653783515095710754e-02
-5.560301989316940308e-02
-3.294818848371505737e-02
3.100337088108062744e-02
-2.237013727426528931e-01
5.402759835124015808e-02
-4.864486306905746460e-02
-4.919540509581565857e-02
-1.423496901988983154e-01
-1.901839822530746460e-01
-4.218324646353721619e-02
-2.038713358342647552e-02
-1.079273670911788940e-01
4.993857815861701965e-02
-2.420869283378124237e-02
-3.533478453755378723e-02
5.018066614866256714e-02
-1.092718541622161865e-01
-2.743963524699211121e-02
-2.713014371693134308e-02
-8.431861549615859985e-02
2.160847745835781097e-02
-1.128692626953125000e-01
-5.384328216314315796e-02
-1.877379864454269409e-01
1.827463135123252869e-02
-9.252551943063735962e-02
-2.621408551931381226e-02
-3.790933638811111450e-02
-1.205535978078842163e-02
-1.306735724210739136e-01
6.089079380035400391e-02
-5.526978522539138794e-02
-1.791115403175354004e-01
-8.277956396341323853e-02
-3.501128777861595154e-02
2.354948222637176514e-02
-6.398802250623703003e-02
-8.143506199121475220e-02
-1.211713925004005432e-01
-8.031206578016281128e-02
-6.453389674425125122e-02
-8.067830651998519897e-02
5.542830005288124084e-02
3.908073902130126953e-02
-1.186640933156013489e-01
-7.846770435571670532e-02
-1.032944545149803162e-01
-2.127528786659240723e-01
-4.664975032210350037e-02
-1.424914747476577759e-01
-3.609292954206466675e-02
-1.013540029525756836e-01
-1.193958222866058350e-01
-7.394620031118392944e-02
-1.557765156030654907e-01
-1.646695286035537720e-02
3.782886639237403870e-02
1.099131256341934204e-02
-1.381746381521224976e-01
-1.294069290161132812e-01
2.781756781041622162e-02
-4.742410406470298767e-02
-6.885063648223876953e-02
-9.719642996788024902e-02
1.410559751093387604e-02
2.617844752967357635e-02
-8.083431422710418701e-02
1.329747736454010010e-01
1.025289744138717651e-01
-1.834215670824050903e-01
-9.132611751556396484e-02
1.304373145103454590e-02
-4.799717292189598083e-02
4.649482667446136475e-02
-5.022018775343894958e-02
-5.059300363063812256e-02
-5.583684891462326050e-02
-1.353189535439014435e-02
5.012160539627075195e-02
1.719099935144186020e-03
-8.951105177402496338e-02
-3.868943080306053162e-02
1.936019510030746460e-01
-8.415964990854263306e-02
9.745199978351593018e-02
-5.065034329891204834e-02
-2.472954615950584412e-02
-7.244419306516647339e-02
-8.011802285909652710e-02
-1.408764421939849854e-01
-4.000436142086982727e-02
1.359204854816198349e-02
-4.870469123125076294e-02
-9.251217544078826904e-02
-8.616460859775543213e-02
3.637715708464384079e-03
-5.018489062786102295e-02
1.293731760233640671e-02
1.755714230239391327e-02
-2.656640717759728432e-03
-1.220798585563898087e-02
-1.034632772207260132e-01
-3.259178996086120605e-02
-3.950404375791549683e-02
-5.948697403073310852e-02
-2.582121789455413818e-01
-1.250375807285308838e-01
-2.813779562711715698e-02
-1.364407013170421124e-03
-2.251530252397060394e-02
9.925372153520584106e-02
-3.492387756705284119e-02
-5.797193571925163269e-02
-5.890275910496711731e-02
2.936155907809734344e-02
-1.481099724769592285e-01
1.594330742955207825e-02
4.830345511436462402e-03
-1.986893825232982635e-02
-2.114950716495513916e-01
-3.581824153661727905e-02
-4.177199304103851318e-02
-1.113537978380918503e-02
2.815298922359943390e-02
-2.207517996430397034e-02
-7.750458270311355591e-02
-6.049348413944244385e-02
-4.171257093548774719e-02
-6.791972555220127106e-03
-1.080614700913429260e-01
-1.614298671483993530e-01
-6.292606145143508911e-02
1.864152774214744568e-02
-7.366763800382614136e-02
-6.157112494111061096e-02
1.532582566142082214e-02
-9.798540920019149780e-02
-2.306600101292133331e-02
-3.236703947186470032e-02
-1.876362562179565430e-01
1.153594627976417542e-02
-7.999441027641296387e-02
-4.607398435473442078e-02
-1.211120635271072388e-01
-6.699836999177932739e-02
-4.832976311445236206e-02
5.821643024682998657e-02
1.105795353651046753e-01
-3.132532909512519836e-02
-1.284343451261520386e-01
5.525602772831916809e-02
-9.545642882585525513e-03
1.706022955477237701e-02
4.231974855065345764e-02
-5.275350436568260193e-02
-2.880960404872894287e-01
2.020994015038013458e-02
-3.414731845259666443e-02
2.646621316671371460e-03
-1.248958855867385864e-01
1.080903708934783936e-01
-3.201088681817054749e-02
-7.027436047792434692e-02
-7.406441867351531982e-02
-2.883720770478248596e-02
-3.721727430820465088e-02
-8.980450779199600220e-02
5.250964686274528503e-02
-9.234196692705154419e-02
-4.455034434795379639e-02
-3.726827353239059448e-02
-1.544536799192428589e-01
-2.064225263893604279e-02
-1.008154675364494324e-01
8.059730380773544312e-02
-8.729149401187896729e-02
-1.261365413665771484e-01
-1.247160136699676514e-02
1.223896164447069168e-02
3.441711515188217163e-02
-1.230298308655619621e-03
-6.525540351867675781e-02
6.915950775146484375e-02
-6.902547553181648254e-03
-1.673051714897155762e-01
-1.308681666851043701e-01
-1.859969832003116608e-02
2.659544348716735840e-02
-6.203881651163101196e-02
5.662956088781356812e-02
4.395817965269088745e-02
1.980384811758995056e-02
3.091659210622310638e-02
5.446421355009078979e-02
-7.882612198591232300e-02
-8.709048852324485779e-03
-8.414404874201864004e-05
-1.254006661474704742e-02
1.780577003955841064e-02
8.284439146518707275e-02
2.213936299085617065e-02
-5.371391028165817261e-02
2.676594443619251251e-02
3.387408703565597534e-02
-4.780435934662818909e-02
2.515239119529724121e-01
1.646487861871719360e-01
2.253032177686691284e-01
-3.568448871374130249e-02
1.219968572258949280e-01
-6.581249833106994629e-02
1.406123042106628418e-01
7.991389185190200806e-02
-1.935034058988094330e-02
9.925635904073715210e-02
-3.909201920032501221e-02
1.509346514940261841e-01
-4.008683934807777405e-02
5.390731245279312134e-02
-1.060738414525985718e-01
-3.255516756325960159e-03
-1.096726283431053162e-01
3.233861923217773438e-01
-1.178519278764724731e-01
-3.681715950369834900e-02
-2.165190316736698151e-02
2.571928780525922775e-03
-9.056752920150756836e-02
1.542876511812210083e-01
6.252263486385345459e-02
-8.087483793497085571e-02
1.163236945867538452e-01
5.982294306159019470e-02
8.559449017047882080e-02
-3.615124896168708801e-02
1.349426954984664917e-01
1.314249336719512939e-01
-5.319941323250532150e-03
2.692396044731140137e-01
1.916513964533805847e-02
-7.782947272062301636e-02
1.373160332441329956e-01
4.025330767035484314e-02
7.860694080591201782e-02
7.163826376199722290e-02
2.506617307662963867e-01
2.078211605548858643e-01
1.807221025228500366e-01
2.089030593633651733e-01
1.334647685289382935e-01
-2.261129021644592285e-02
1.134320199489593506e-01
2.464284449815750122e-01
1.354099363088607788e-01
1.969356387853622437e-01
5.949862673878669739e-02
2.084355056285858154e-01
2.232076972723007202e-01
3.616687655448913574e-02
3.050126433372497559e-01
-1.330173313617706299e-01
7.387998700141906738e-02
1.074383035302162170e-01
1.610079109668731689e-01
6.785920262336730957e-02
4.465439170598983765e-02
3.370275720953941345e-02
1.068090349435806274e-01
-1.551576703786849976e-01
6.057408824563026428e-02
-1.969331316649913788e-02
1.620509102940559387e-02
-3.696854691952466965e-03
2.046850025653839111e-01
-6.495902687311172485e-02
3.369043394923210144e-02
7.062843441963195801e-02
2.125232815742492676e-01
-6.219572201371192932e-02
5.000272765755653381e-02
1.896443068981170654e-01
1.707298755645751953e-01
-6.606602668762207031e-02
1.688904315233230591e-01
2.338019311428070068e-01
6.763520091772079468e-02
-5.047882348299026489e-02
3.472968190908432007e-02
1.596830785274505615e-01
-1.023612171411514282e-01
-1.049241572618484497e-01
7.671118527650833130e-02
6.102010607719421387e-02
2.287734597921371460e-01
8.914850652217864990e-02
1.713106185197830200e-01
-2.019830420613288879e-02
3.345066905021667480e-01
-1.402070373296737671e-01
-1.483979076147079468e-02
1.540942043066024780e-01
-6.540494412183761597e-02
-6.937817484140396118e-02
2.496688440442085266e-02
1.020418033003807068e-01
9.606209583580493927e-03
7.054913043975830078e-02
2.637055814266204834e-01
2.475025504827499390e-01
-3.401419892907142639e-02
-1.103981137275695801e-01
-1.080296747386455536e-02
1.630853861570358276e-01
-7.663024216890335083e-02
2.082583159208297729e-01
7.224216125905513763e-03
3.546980768442153931e-02
-1.297903507947921753e-01
2.750569283962249756e-01
3.153535425662994385e-01
-6.594735383987426758e-02
7.561788707971572876e-02
6.489469856023788452e-02
-6.466746795922517776e-03
-6.087987497448921204e-02
2.436741888523101807e-01
2.506903409957885742e-01
-1.712251305580139160e-01
-1.951497644186019897e-01
-3.266752138733863831e-02
1.030513644218444824e-01
1.100805327296257019e-01
-1.816788166761398315e-01
6.675854325294494629e-02
2.182648926973342896e-01
1.570893675088882446e-01
2.261748611927032471e-01
7.628359645605087280e-02
1.990901678800582886e-01
-3.685041517019271851e-02
-2.221197076141834259e-02
1.211969703435897827e-01
1.503297239542007446e-01
1.402933988720178604e-02
3.861876204609870911e-02
7.374710589647293091e-02
1.717018783092498779e-01
-5.684283748269081116e-02
8.889678865671157837e-02
1.368053406476974487e-01
8.163171261548995972e-02
6.162344291806221008e-02
1.033599376678466797e-01
1.087467297911643982e-01
9.000781923532485962e-02
-8.523824810981750488e-02
3.064217269420623779e-01
1.725246757268905640e-02
-5.728843808174133301e-02
-1.609223932027816772e-01
-4.735543951392173767e-02
2.107541710138320923e-01
3.417734801769256592e-01
8.518157899379730225e-02
-8.653439581394195557e-02
-2.246147766709327698e-02
-1.007762327790260315e-01
4.908592998981475830e-02
-8.446905761957168579e-03
1.289567500352859497e-01
6.789776682853698730e-02
8.025170303881168365e-03
-3.029098734259605408e-02
1.678604483604431152e-01
2.743127346038818359e-01
2.257670611143112183e-01
2.503080368041992188e-01
4.417876526713371277e-02
7.976081222295761108e-02
5.926525220274925232e-02
3.604624792933464050e-02
-1.244377344846725464e-03
1.214208826422691345e-01
8.942051976919174194e-02
-1.356589198112487793e-01
1.740181297063827515e-01
2.698853611946105957e-01
2.490695714950561523e-01
8.532855659723281860e-02
2.846379205584526062e-02
-2.103343233466148376e-02
1.399367302656173706e-01
-1.914851367473602295e-01
-2.013624608516693115e-01
1.744910329580307007e-02
1.756514161825180054e-01
1.593723148107528687e-01
3.576070442795753479e-02
-2.295504510402679443e-02
2.959069311618804932e-01
3.139342367649078369e-01
1.217182576656341553e-01
4.801093414425849915e-02
-3.959674388170242310e-02
7.698304951190948486e-03
1.004675403237342834e-01
-2.419338375329971313e-02
8.206898719072341919e-02
2.287192195653915405e-01
3.978829085826873779e-02
-3.206884860992431641e-02
1.630081534385681152e-01
2.382744848728179932e-02
1.721645705401897430e-02
-1.277292729355394840e-03
1.164197921752929688e-01
1.099809110164642334e-01
3.773686289787292480e-01
1.133403927087783813e-01
1.974196732044219971e-01
9.684877842664718628e-02
2.356005646288394928e-02
-1.202170737087726593e-02
1.492064446210861206e-03
6.603197008371353149e-02
-3.497040271759033203e-02
2.509811222553253174e-01
3.525600135326385498e-01
-1.799982786178588867e-01
1.119307205080986023e-01
-1.231769397854804993e-01
2.161755859851837158e-01
1.986467093229293823e-01
1.033495441079139709e-01
-1.695715934038162231e-01
3.174552321434020996e-02
-7.563091069459915161e-02
4.815721511840820312e-02
-9.315344691276550293e-02
4.356424137949943542e-02
1.804011762142181396e-01
2.465177029371261597e-01
-3.074564598500728607e-02
1.427067629992961884e-02
3.042562007904052734e-01
1.913245953619480133e-02
1.823156327009201050e-02
8.432063274085521698e-03
-2.911619655787944794e-02
3.240083456039428711e-01
4.605721682310104370e-02
1.007340848445892334e-01
7.372826337814331055e-02
1.058590859174728394e-01
-3.090728633105754852e-02
1.063950657844543457e-01
1.186269298195838928e-01
-1.957443654537200928e-01
-1.821091473102569580e-01
-1.282791327685117722e-02
6.728484481573104858e-02
-2.249358445405960083e-01
-2.532243430614471436e-01
-1.884783953428268433e-01
1.087045818567276001e-01
-1.702224090695381165e-02
4.303484037518501282e-02
-5.955791100859642029e-02
-3.199119269847869873e-01
-5.159395188093185425e-02
1.394616160541772842e-02
-1.417433917522430420e-01
-2.402657829225063324e-02
-6.737880408763885498e-02
-4.374719038605690002e-02
3.495856747031211853e-02
-6.996355950832366943e-02
-1.729031791910529137e-03
8.566893637180328369e-02
9.937663376331329346e-02
-3.251966834068298340e-02
-4.529532790184020996e-02
7.088426500558853149e-02
-1.398627310991287231e-01
4.136510938405990601e-02
-3.215533792972564697e-01
2.042871527373790741e-02
-1.752345710992813110e-01
1.622330248355865479e-01
7.814705371856689453e-02
-2.100322395563125610e-01
3.672702610492706299e-02
-6.847038120031356812e-02
3.559924662113189697e-01
8.187238126993179321e-02
4.189161211252212524e-02
5.019454658031463623e-02
6.978476792573928833e-02
-9.089367091655731201e-02
8.308660238981246948e-02
-7.476826012134552002e-02
-1.222529783844947815e-01
2.007466703653335571e-01
1.728989034891128540e-01
5.783427134156227112e-02
1.155289709568023682e-01
-1.293204873800277710e-01
-1.613362133502960205e-01
-1.017307117581367493e-01
-3.040270209312438965e-01
1.620640903711318970e-01
-2.626346349716186523e-01
5.335649475455284119e-02
-2.675999402999877930e-01
-1.881309300661087036e-01
-1.148381680250167847e-01
1.968647688627243042e-01
-5.099685117602348328e-02
-1.639118492603302002e-01
-1.121730580925941467e-01
2.364531904458999634e-02
2.583273649215698242e-01
-3.833792731165885925e-02
4.439093917608261108e-02
1.188615933060646057e-01
-2.634070217609405518e-01
2.183139771223068237e-01
3.703660145401954651e-02
9.686436504125595093e-02
1.336585357785224915e-02
6.472337990999221802e-02
-1.065815761685371399e-01
-1.917632073163986206e-01
8.646682649850845337e-02
-9.012692421674728394e-02
2.797163464128971100e-02
-1.325451582670211792e-01
-1.381632089614868164e-01
1.108045130968093872e-01
-4.603388253599405289e-03
-6.501296162605285645e-02
4.927601665258407593e-02
-1.038058102130889893e-01
-4.102714359760284424e-02
-1.430903673171997070e-01
-1.056343540549278259e-01
2.326956093311309814e-01
-8.770652115345001221e-02
2.898933552205562592e-02
-1.098664179444313049e-01
-5.083419755101203918e-02
-7.579654455184936523e-02
-2.330940067768096924e-01
7.713051885366439819e-02
-7.270783931016921997e-02
-2.148712277412414551e-01
-1.018399968743324280e-01
8.937230706214904785e-02
1.236387491226196289e-01
-7.332018576562404633e-04
-1.710945069789886475e-01
3.921524435281753540e-02
-1.938106715679168701e-01
-8.601038716733455658e-03
-9.490500390529632568e-02
1.411100104451179504e-02
1.575227528810501099e-01
-2.893709391355514526e-02
-1.214348897337913513e-01
-1.438499428331851959e-02
-1.361516565084457397e-01
-4.549742210656404495e-03
8.508943766355514526e-02
8.198292553424835205e-02
9.500883519649505615e-02
-2.417039722204208374e-01
-5.170540884137153625e-02
-5.562638863921165466e-02
-1.358089316636323929e-02
-7.768878340721130371e-02
-1.312040239572525024e-01
-4.006404802203178406e-02
5.956130102276802063e-02
1.336727589368820190e-01
2.450774312019348145e-01
6.246455386281013489e-02
-6.835039705038070679e-02
5.103228986263275146e-02
3.539734333753585815e-02
-3.125523030757904053e-01
-1.305092722177505493e-01
-7.959550246596336365e-03
-4.618316888809204102e-02
-1.111183017492294312e-01
-8.348949998617172241e-02
1.453170329332351685e-01
-3.191713243722915649e-02
1.265846006572246552e-02
-1.124342232942581177e-01
2.368738688528537750e-02
2.291138656437397003e-02
9.302628040313720703e-02
-1.307867914438247681e-01
5.108731612563133240e-02
7.476862519979476929e-03
3.157048299908638000e-02
4.601471871137619019e-02
-7.361161708831787109e-02
-3.058947063982486725e-02
-6.518157571554183960e-02
-1.639652103185653687e-01
-9.449151158332824707e-02
-1.436400413513183594e-01
8.221117779612541199e-03
-4.569737240672111511e-03
4.242851734161376953e-01
1.793147623538970947e-02
-7.373431324958801270e-02
1.122075039893388748e-02
-9.792888164520263672e-02
-1.360793411731719971e-01
1.177000477910041809e-01
3.668067976832389832e-02
-1.006275862455368042e-01
-1.803730428218841553e-02
-1.983861774206161499e-01
2.959326142445206642e-03
1.446977406740188599e-01
2.212859690189361572e-01
-1.363216191530227661e-01
-1.732555925846099854e-01
4.385470226407051086e-02
3.530473634600639343e-02
6.568033993244171143e-02
9.488464146852493286e-02
-4.328937269747257233e-03
-1.573223471641540527e-01
-4.097590222954750061e-02
-4.438676685094833374e-02
-4.446840882301330566e-01
6.453949213027954102e-02
-1.556039899587631226e-01
-1.970276236534118652e-02
7.927761971950531006e-02
-1.479025185108184814e-01
-1.873794198036193848e-01
5.685829743742942810e-02
-9.630170464515686035e-02
7.175087183713912964e-02
-1.828365027904510498e-01
1.572530567646026611e-01
3.103907965123653412e-02
4.715412482619285583e-02
-1.691251844167709351e-01
8.139156550168991089e-02
5.709903780370950699e-03
-5.370627716183662415e-02
-1.352073103189468384e-01
-1.569515168666839600e-01
-2.515967190265655518e-01
5.139862000942230225e-02
-1.271969079971313477e-01
2.343972027301788330e-02
1.664839237928390503e-01
3.493628278374671936e-02
-1.608986705541610718e-01
2.538991868495941162e-01
4.638566821813583374e-02
9.586533159017562866e-02
-8.664628118276596069e-02
1.103545948863029480e-01
-1.340607255697250366e-01
-2.595702409744262695e-01
-5.847155302762985229e-02
2.274744398891925812e-02
-8.850982785224914551e-02
-2.007774710655212402e-01
-8.518693596124649048e-02
3.011179156601428986e-02
-1.542642414569854736e-01
8.255837857723236084e-02
-1.972584426403045654e-01
-1.248243078589439392e-01
5.624853447079658508e-02
9.455625712871551514e-02
-3.234203439205884933e-03
-5.020260810852050781e-02
1.061825305223464966e-01
-9.643279761075973511e-02
-1.414601057767868042e-01
1.700354665517807007e-01
4.262643679976463318e-02
-3.289696276187896729e-01
3.395570814609527588e-02
9.198066592216491699e-02
7.151840720325708389e-03
-1.241073943674564362e-02
-1.301367282867431641e-01
-6.562892347574234009e-02
-1.742460131645202637e-01
4.659553989768028259e-02
-2.490405552089214325e-02
1.070737913250923157e-01
-1.468430459499359131e-02
-2.791637480258941650e-01
-1.301635354757308960e-01
-2.520399540662765503e-02
-7.054055482149124146e-02
-1.640556603670120239e-01
-2.147306501865386963e-01
3.400936722755432129e-02
3.884886205196380615e-02
8.498706668615341187e-02
-1.507610920816659927e-02
7.222940772771835327e-02
3.799280896782875061e-02
-7.559177279472351074e-02
1.819153428077697754e-01
2.064614146947860718e-01
2.639064192771911621e-01
1.589218527078628540e-01
2.872133851051330566e-01
1.225824505090713501e-01
1.410408467054367065e-01
2.314858436584472656e-01
2.287683933973312378e-01
1.285530477762222290e-01
1.172636896371841431e-01
2.935581803321838379e-01
6.271383911371231079e-02
1.347889155149459839e-01
1.374170631170272827e-01
1.393550485372543335e-01
1.280941814184188843e-01
9.317272156476974487e-02
8.087804913520812988e-02
4.857015609741210938e-02
1.656794995069503784e-01
1.969832181930541992e-01
3.629707172513008118e-02
1.442667841911315918e-01
3.765130937099456787e-01
1.718502789735794067e-01
2.099471241235733032e-01
2.301861345767974854e-01
2.112036198377609253e-01
2.039487659931182861e-01
1.350522339344024658e-01
2.197097390890121460e-01
1.819239258766174316e-01
2.262519439682364464e-03
1.334231644868850708e-01
1.427238732576370239e-01
6.984105706214904785e-02
1.718423515558242798e-01
9.725119173526763916e-02
1.485757231712341309e-01
1.260693669319152832e-01
2.193324565887451172e-01
2.224772125482559204e-01
2.638195455074310303e-01
1.245594955980777740e-02
1.568754017353057861e-01
2.330982536077499390e-01
1.268325746059417725e-01
1.367902010679244995e-01
2.422843277454376221e-01
2.109526842832565308e-01
1.227937638759613037e-01
1.220187023282051086e-01
8.629599958658218384e-02
1.120449006557464600e-01
1.896712630987167358e-01
2.897796034812927246e-01
1.881890743970870972e-01
1.659749597311019897e-01
1.640898436307907104e-01
1.620045751333236694e-01
1.761891096830368042e-01
1.295655369758605957e-01
3.062065839767456055e-01
2.530813217163085938e-01
2.026621401309967041e-01
2.059926539659500122e-01
-2.395876199007034302e-01
1.734829843044281006e-01
7.640744000673294067e-02
3.195506036281585693e-01
2.175619602203369141e-01
2.656676173210144043e-01
5.630788207054138184e-02
2.600353360176086426e-01
1.039076820015907288e-01
1.087319850921630859e-01
1.675080321729183197e-02
1.854671388864517212e-01
1.773223280906677246e-01
9.996195137500762939e-02
1.565159261226654053e-01
1.203198060393333435e-01
-1.633407734334468842e-02
1.213623285293579102e-01
1.767829805612564087e-01
2.668607234954833984e-01
1.281753778457641602e-01
2.409680485725402832e-01
3.840027451515197754e-01
1.797655075788497925e-01
1.685414016246795654e-01
-3.789062425494194031e-02
1.223513707518577576e-01
-3.748590499162673950e-02
1.964032053947448730e-01
1.252855956554412842e-01
9.503617882728576660e-02
-1.672950014472007751e-02
7.594840228557586670e-02
1.550663560628890991e-01
2.060783952474594116e-01
9.654558263719081879e-03
1.599007844924926758e-01
5.550361797213554382e-02
1.237488761544227600e-01
2.522021904587745667e-02
2.987066209316253662e-01
1.325157135725021362e-01
2.298323214054107666e-01
2.056768536567687988e-01
2.061273306608200073e-01
1.826398819684982300e-01
2.187403589487075806e-01
-5.127551779150962830e-02
1.138664036989212036e-01
1.386248767375946045e-01
2.045275568962097168e-01
2.170568555593490601e-01
3.419861570000648499e-02
3.266938328742980957e-01
1.090239137411117554e-01
1.505909115076065063e-01
1.503988355398178101e-01
2.444768697023391724e-01
2.407996207475662231e-01
2.220390290021896362e-01
1.601422131061553955e-01
3.016771674156188965e-01
2.125513851642608643e-01
2.582967579364776611e-01
1.626349687576293945e-01
1.944417357444763184e-01
2.570269405841827393e-01
2.854582965373992920e-01
1.948822885751724243e-01
3.111896216869354248e-01
2.052937746047973633e-01
1.519851833581924438e-01
1.497377902269363403e-01
1.186742335557937622e-01
3.017403483390808105e-01
1.868257969617843628e-01
4.276831448078155518e-01
2.077922075986862183e-01
1.508248746395111084e-01
1.617870479822158813e-01
2.215010970830917358e-01
1.505778431892395020e-01
3.207595050334930420e-01
5.680134147405624390e-02
4.699037969112396240e-01
1.585217565298080444e-01
2.153239250183105469e-01
9.289953112602233887e-02
1.623424589633941650e-01
2.238941043615341187e-01
2.295454293489456177e-01
1.818179786205291748e-01
1.026053056120872498e-01
2.524859309196472168e-01
5.190888047218322754e-02
1.480296105146408081e-01
3.059678077697753906e-01
8.365648239850997925e-02
9.667403995990753174e-02
2.302085906267166138e-01
1.391088366508483887e-01
1.813846677541732788e-01
1.661281883716583252e-01
1.709923744201660156e-01
1.707596629858016968e-01
2.671127319335937500e-01
3.484754860401153564e-01
2.490819245576858521e-01
1.744382232427597046e-01
8.015096932649612427e-02
2.650085687637329102e-01
1.384922862052917480e-01
9.912713430821895599e-03
2.547057569026947021e-01
3.809240162372589111e-01
1.911688894033432007e-01
1.486717164516448975e-01
2.219618856906890869e-01
1.996981799602508545e-01
2.556994259357452393e-01
1.071619093418121338e-01
7.645552605390548706e-02
1.666667014360427856e-01
1.825230419635772705e-01
1.114654839038848877e-01
1.965519487857818604e-01
2.264931499958038330e-01
4.253223538398742676e-01
-4.982849117368459702e-03
1.618741601705551147e-01
1.960035860538482666e-01
1.624094843864440918e-01
2.674184739589691162e-01
-2.092448435723781586e-02
8.974957466125488281e-02
1.959035247564315796e-01
2.688558697700500488e-01
1.018651947379112244e-01
1.417033076286315918e-01
2.677535079419612885e-02
1.048258990049362183e-01
2.642329037189483643e-01
2.243880331516265869e-01
2.193939127027988434e-02
2.320716828107833862e-01
1.282279938459396362e-01
2.081700712442398071e-01
7.139237225055694580e-02
1.589501798152923584e-01
1.779512166976928711e-01
2.069809138774871826e-01
2.205902487039566040e-01
2.353812456130981445e-01
2.637757956981658936e-01
3.938664793968200684e-01
1.630741208791732788e-01
1.535911113023757935e-01
2.280742377042770386e-01
2.679484188556671143e-01
1.910792142152786255e-01
3.286438286304473877e-01
2.017847448587417603e-01
1.320679187774658203e-01
1.771073788404464722e-01
1.654884517192840576e-01
7.063592970371246338e-02
1.591718643903732300e-01
1.804816275835037231e-01
1.702116131782531738e-01
2.174552232027053833e-01
1.994226723909378052e-01
2.323788851499557495e-01
1.030571013689041138e-01
3.180665075778961182e-01
2.788687646389007568e-01
1.902496814727783203e-01
2.922535836696624756e-01
1.902772635221481323e-01
1.732948869466781616e-01
1.600151658058166504e-01
1.066271960735321045e-01
2.642845213413238525e-01
1.587483137845993042e-01
1.642527878284454346e-01
2.004765272140502930e-01
1.258548945188522339e-01
6.223645806312561035e-02
1.283730119466781616e-01
2.759174704551696777e-01
