-4.724026322364807129e-01
3.148466646671295166e-01
-8.607733249664306641e-02
-4.311574157327413559e-03
2.101350128650665283e-01
4.634852707386016846e-01
-3.850374221801757812e-01
-6.794548593461513519e-03
3.100505471229553223e-01
-3.322974741458892822e-01
-4.298301637172698975e-01
3.880566954612731934e-01
3.944778144359588623e-01
1.631600260734558105e-01
2.847747206687927246e-01
7.800693809986114502e-02
-2.496417462825775146e-01
3.507361114025115967e-01
1.075120717287063599e-01
3.674058020114898682e-01
-2.828997559845447540e-02
8.800090849399566650e-02
2.460015714168548584e-01
-2.704682648181915283e-01
-3.682466447353363037e-01
-8.687653392553329468e-02
2.252521067857742310e-01
2.259606570005416870e-01
4.806211963295936584e-02
3.475603163242340088e-01
-7.018351554870605469e-02
-2.123765349388122559e-01
2.459044605493545532e-01
-2.494303882122039795e-01
2.197289764881134033e-01
3.232460003346204758e-03
-2.363448962569236755e-02
-2.997468113899230957e-01
-2.002071887254714966e-01
1.360704600811004639e-01
1.613105088472366333e-02
1.103976592421531677e-01
2.376237362623214722e-01
-2.772021889686584473e-01
1.390925794839859009e-01
5.815312266349792480e-02
-1.997273713350296021e-01
2.561905682086944580e-01
1.354283392429351807e-01
-3.845444619655609131e-01
-3.009227514266967773e-01
1.389479339122772217e-01
7.731468975543975830e-02
1.190129220485687256e-01
1.425590664148330688e-01
9.333878755569458008e-02
5.388094484806060791e-02
2.175980955362319946e-01
2.959072291851043701e-01
4.938656464219093323e-02
-4.438142776489257812e-01
-9.690049337223172188e-04
5.110331177711486816e-01
4.537172019481658936e-01
-1.224898844957351685e-01
2.178759574890136719e-01
-7.022464275360107422e-02
3.136244416236877441e-02
-1.618670523166656494e-01
1.627644151449203491e-01
2.019424438476562500e-01
3.041459918022155762e-01
2.570073008537292480e-01
-1.138584092259407043e-01
-2.884258627891540527e-01
1.323570907115936279e-01
2.218767441809177399e-02
2.297568023204803467e-01
1.890019029378890991e-01
-1.981870681047439575e-01
-1.734363734722137451e-01
-3.510507754981517792e-03
-2.831742167472839355e-03
3.359841108322143555e-01
2.050566971302032471e-01
-4.539578258991241455e-01
3.117207884788513184e-01
-8.909593522548675537e-02
5.026830732822418213e-02
4.214532673358917236e-01
2.586687207221984863e-01
3.822264969348907471e-01
-9.503866732120513916e-02
4.387082457542419434e-01
-3.554728329181671143e-01
-2.724945247173309326e-01
-1.275432407855987549e-01
3.656457178294658661e-03
-2.011215388774871826e-01
3.164864704012870789e-02
9.971484541893005371e-02
8.773507177829742432e-02
4.296335279941558838e-01
7.513151317834854126e-02
1.717476099729537964e-01
3.175880610942840576e-01
9.486450254917144775e-02
-3.122373856604099274e-02
1.001470610499382019e-01
3.634006381034851074e-01
-2.885066866874694824e-01
7.533886283636093140e-02
-1.250788569450378418e-01
5.500656962394714355e-01
-1.767722517251968384e-01
-9.429509937763214111e-02
1.154426708817481995e-01
-8.806610107421875000e-02
3.039056360721588135e-01
4.445105195045471191e-01
1.251179277896881104e-01
2.350654602050781250e-01
1.069610007107257843e-02
1.012048497796058655e-01
4.934283718466758728e-02
3.587203323841094971e-01
1.119793727993965149e-01
-1.621604338288307190e-02
