-8.281350880861282349e-02
-7.231425493955612183e-02
5.811437219381332397e-02
7.941991835832595825e-02
1.013237610459327698e-02
1.242539100348949432e-02
-5.970109254121780396e-02
-6.675590574741363525e-02
-6.754419952630996704e-02
7.401187717914581299e-02
1.303455512970685959e-02
-2.014018781483173370e-02
1.692169532179832458e-02
-9.869971312582492828e-03
-4.518502578139305115e-02
-6.785032805055379868e-03
-2.457768097519874573e-02
-7.877066731452941895e-02
1.815979182720184326e-02
6.857593357563018799e-02
-6.982503831386566162e-02
7.158768177032470703e-02
6.063323002308607101e-03
7.745137810707092285e-02
-1.080192509107291698e-03
-1.955686509609222412e-02
-5.125151574611663818e-02
-4.270571470260620117e-02
-6.036730855703353882e-02
-3.605935722589492798e-02
-7.880386710166931152e-02
3.452766686677932739e-02
-1.913786120712757111e-02
6.033340096473693848e-02
-3.134188055992126465e-02
-8.213277161121368408e-02
-4.637185856699943542e-02
2.346082217991352081e-02
-1.298878341913223267e-02
6.357940286397933960e-02
-5.001617968082427979e-02
-8.605829626321792603e-02
-1.034803315997123718e-02
-2.071712538599967957e-02
5.726875737309455872e-02
6.735315918922424316e-02
4.649822413921356201e-02
-3.838262986391782761e-03
-4.181899875402450562e-02
-3.122477605938911438e-02
7.092119753360748291e-02
-6.159072741866111755e-02
2.185351029038429260e-02
-1.877908967435359955e-02
4.759897291660308838e-02
8.830551803112030029e-02
-5.128420144319534302e-02
-6.698863208293914795e-02
6.529655307531356812e-02
3.771992027759552002e-02
4.368482902646064758e-02
-8.551067858934402466e-02
-6.438440829515457153e-02
6.781530380249023438e-02
-5.145031213760375977e-02
1.902458071708679199e-02
-3.013200312852859497e-02
9.593015536665916443e-03
-3.890321403741836548e-02
7.453529536724090576e-02
2.524837478995323181e-02
-6.227924674749374390e-02
-3.329617902636528015e-02
7.165297120809555054e-02
-9.296429343521595001e-03
7.711941748857498169e-02
7.713855709880590439e-03
8.381233364343643188e-02
-2.420792588964104652e-03
-4.933252558112144470e-02
-8.039212226867675781e-02
-8.229302614927291870e-02
-8.724796026945114136e-02
3.273507580161094666e-02
-4.423233214765787125e-03
-2.128072269260883331e-02
3.402172401547431946e-02
3.581951931118965149e-02
4.930488020181655884e-02
-2.418405003845691681e-02
2.993080578744411469e-02
8.805286884307861328e-02
-3.656248375773429871e-02
6.793501973152160645e-02
-7.439997792243957520e-02
4.360992461442947388e-02
3.901544213294982910e-02
6.516410410404205322e-02
-1.650869846343994141e-02
3.858320415019989014e-02
-7.627256959676742554e-02
-5.668045207858085632e-02
2.976642176508903503e-02
-5.767454579472541809e-02
-4.970911890268325806e-02
-4.336642846465110779e-02
-5.544263869524002075e-02
4.385958984494209290e-02
-8.725725859403610229e-02
2.769355662167072296e-02
-5.768957361578941345e-02
3.557195141911506653e-02
1.528359297662973404e-02
-1.958735845983028412e-02
1.890905760228633881e-02
-2.756301686167716980e-02
-9.294118732213973999e-03
3.767369687557220459e-02
1.856098533608019352e-04
2.116961032152175903e-02
-8.497407287359237671e-02
5.286941677331924438e-02
-6.724240630865097046e-02
5.433938279747962952e-02
1.764466613531112671e-02
-2.787563018500804901e-02
2.603614144027233124e-02
3.929313272237777710e-03
5.219849199056625366e-02
-7.743734121322631836e-02
8.046412467956542969e-02
5.036850646138191223e-02
8.601921796798706055e-02
1.776678301393985748e-02
-8.423610031604766846e-02
5.165174230933189392e-02
1.784242503345012665e-02
9.216694161295890808e-03
4.623285029083490372e-03
-6.207599490880966187e-02
5.757253989577293396e-02
8.422914892435073853e-02
6.784476339817047119e-02
3.686459362506866455e-02
-7.256186008453369141e-02
7.117339223623275757e-02
2.891228534281253815e-02
1.442519482225179672e-02
-3.041106648743152618e-02
6.023633480072021484e-02
5.265545845031738281e-02
5.633200332522392273e-02
-7.554215192794799805e-02
-5.600760877132415771e-02
7.867619395256042480e-02
2.679321542382240295e-02
-3.441577777266502380e-02
-9.893540292978286743e-03
1.786759681999683380e-02
6.888502836227416992e-02
-4.587299749255180359e-02
-3.449676185846328735e-02
2.529898285865783691e-02
-2.545827627182006836e-02
-3.074756450951099396e-02
1.491763442754745483e-02
6.802693009376525879e-02
7.394123822450637817e-02
2.276206947863101959e-02
-2.712334133684635162e-02
-5.577128008008003235e-02
8.708276599645614624e-02
-6.167551502585411072e-02
-7.438654452562332153e-02
-1.582737453281879425e-02
3.045167773962020874e-02
6.466356664896011353e-02
-4.327872395515441895e-02
-7.455517351627349854e-02
1.437184214591979980e-02
1.717769890092313290e-03
7.058549672365188599e-02
-6.361688673496246338e-02
-1.583158969879150391e-02
6.250320374965667725e-02
5.525140836834907532e-02
7.580099999904632568e-02
-6.470277905464172363e-02
-5.802737921476364136e-02
-3.504246845841407776e-02
-7.875595986843109131e-02
7.800159603357315063e-02
-1.100588031113147736e-02
-4.033475369215011597e-02
-7.787727285176515579e-03
7.227317243814468384e-02
-2.245201915502548218e-02
-3.347690403461456299e-02
4.620671644806861877e-02
-4.386811330914497375e-02
-3.874956816434860229e-02
1.217237859964370728e-02
4.872288182377815247e-02
-1.896418444812297821e-02
1.949393074028193951e-03
6.868122518062591553e-02
-7.217093557119369507e-02
8.108995854854583740e-02
2.010793425142765045e-02
-6.628697365522384644e-02
-3.570730611681938171e-02
-2.556953392922878265e-02
7.507464289665222168e-02
1.214877329766750336e-02
2.911017462611198425e-02
6.808281689882278442e-02
-7.880711555480957031e-02
-7.371101528406143188e-02
-5.886381492018699646e-02
-8.636885881423950195e-02
-4.678282141685485840e-02
-3.220495581626892090e-02
-1.741309650242328644e-02
-2.275978215038776398e-02
-6.589011847972869873e-02
3.104331344366073608e-02
7.809482514858245850e-02
2.090298198163509369e-02
3.765908256173133850e-02
-3.911386430263519287e-02
-7.782415300607681274e-02
-8.373945206403732300e-02
-8.157437294721603394e-02
-3.640532866120338440e-02
-3.213702514767646790e-02
7.320839166641235352e-02
-5.223059654235839844e-02
-7.529540359973907471e-02
-9.981954470276832581e-03
7.031112909317016602e-02
3.498943289741873741e-03
-7.542078197002410889e-02
7.802867889404296875e-02
-6.491964310407638550e-02
-7.603696733713150024e-02
7.524114102125167847e-02
2.274546399712562561e-02
8.811544626951217651e-02
8.575402200222015381e-02
3.874983265995979309e-02
-4.897136986255645752e-02
6.623628735542297363e-02
-1.664369553327560425e-02
-1.697842590510845184e-02
2.419496700167655945e-02
8.117256313562393188e-02
-3.392318636178970337e-02
-7.653727382421493530e-02
5.536231771111488342e-02
2.969028428196907043e-02
-5.413176864385604858e-02
-7.003133744001388550e-02
-1.497979089617729187e-02
-5.565943196415901184e-02
8.271961659193038940e-02
-7.520011067390441895e-02
-5.824069678783416748e-02
-2.935111708939075470e-02
-2.809911407530307770e-02
7.290074974298477173e-02
-2.775309421122074127e-02
1.733901351690292358e-02
6.564880162477493286e-02
3.219190984964370728e-02
-3.786166012287139893e-02
-8.550018072128295898e-02
1.998097868636250496e-03
2.503277733922004700e-02
8.754753507673740387e-03
-3.511621803045272827e-02
-4.117212817072868347e-02
-8.764812350273132324e-02
2.548479661345481873e-02
-4.234163090586662292e-02
-4.446654766798019409e-02
-4.934941604733467102e-02
-2.198664098978042603e-02
-5.994569510221481323e-02
5.083548277616500854e-02
4.087697342038154602e-02
6.443253904581069946e-02
-2.363305538892745972e-02
7.660737633705139160e-02
2.214508131146430969e-02
7.729627657681703568e-03
-5.828388407826423645e-02
-6.626970320940017700e-02
8.864389732480049133e-03
8.098373562097549438e-02
8.414536714553833008e-02
-7.902622222900390625e-02
7.379827648401260376e-02
8.771599084138870239e-02
8.396340161561965942e-02
-4.948743805289268494e-02
7.809800654649734497e-02
-7.177761197090148926e-02
-7.143785059452056885e-02
7.484868168830871582e-02
-7.140693813562393188e-02
3.162343427538871765e-02
7.410273700952529907e-02
3.049813397228717804e-02
2.249915711581707001e-02
5.622271448373794556e-02
1.465914864093065262e-02
4.057152569293975830e-02
2.845511771738529205e-02
-5.624472629278898239e-03
1.984047144651412964e-02
-8.149524778127670288e-02
-6.664298009127378464e-03
-6.039100512862205505e-02
-6.699084490537643433e-02
1.821924373507499695e-02
-1.613982953131198883e-02
-3.375267982482910156e-02
-5.869309976696968079e-02
4.798230156302452087e-02
8.312147855758666992e-02
-6.335018575191497803e-02
-2.213640836998820305e-03
2.579165808856487274e-02
-4.671427980065345764e-02
-4.275601729750633240e-02
1.850740797817707062e-02
-6.195966899394989014e-02
9.296531206928193569e-04
2.732208371162414551e-02
-5.488941073417663574e-02
3.724446520209312439e-02
-8.665505796670913696e-02
-3.809954505413770676e-03
8.026084303855895996e-02
-4.747052118182182312e-02
3.284152969717979431e-02
-2.966897934675216675e-02
1.824318990111351013e-02
6.545912474393844604e-02
-7.170848548412322998e-02
5.359600856900215149e-02
7.864625006914138794e-02
-2.973509579896926880e-02
7.503954321146011353e-02
-4.434688016772270203e-02
-2.392359450459480286e-02
4.102277010679244995e-02
-3.540966287255287170e-02
2.076067402958869934e-02
7.457794994115829468e-02
-4.952757060527801514e-02
-4.344980791211128235e-02
3.704284504055976868e-02
-3.671222180128097534e-02
4.484784975647926331e-02
7.555741071701049805e-02
5.300051346421241760e-02
-6.471446901559829712e-02
-3.724189102649688721e-02
-5.157270655035972595e-02
8.169417083263397217e-02
2.299715392291545868e-02
3.446635231375694275e-02
-8.329440653324127197e-02
-7.403458654880523682e-02
-8.268305659294128418e-02
-3.810284659266471863e-02
7.248463481664657593e-02
-5.032638087868690491e-02
-7.093720883131027222e-02
1.895666704513132572e-03
4.088341072201728821e-02
-7.610899396240711212e-03
7.669222354888916016e-02
-3.899385407567024231e-02
1.757306419312953949e-02
8.638025075197219849e-02
-7.068601995706558228e-02
2.893342077732086182e-02
5.971618369221687317e-02
2.703298814594745636e-02
-5.530614871531724930e-03
-2.771058306097984314e-02
7.740444503724575043e-03
7.365169934928417206e-03
-5.577694997191429138e-02
-1.909403875470161438e-02
4.139926657080650330e-02
4.288076236844062805e-02
2.786455675959587097e-02
-3.560386598110198975e-02
-6.627298146486282349e-02
5.835746228694915771e-02
2.228639647364616394e-02
-8.659689128398895264e-02
-4.618199914693832397e-02
4.343430697917938232e-02
-1.954229176044464111e-02
6.704485416412353516e-02
-4.217053577303886414e-02
-7.513986527919769287e-02
-7.199543714523315430e-02
-6.242406368255615234e-02
6.756253540515899658e-02
-7.144336402416229248e-02
2.527903579175472260e-02
-5.587283149361610413e-02
-1.935866847634315491e-02
7.191190868616104126e-02
-1.778163947165012360e-02
-4.735062271356582642e-02
8.290102332830429077e-02
-8.069821447134017944e-02
-8.798196911811828613e-03
-8.274858444929122925e-02
-7.963515073060989380e-02
-2.081048116087913513e-02
-8.699519187211990356e-02
7.724119722843170166e-02
3.820540732704102993e-04
-5.595088750123977661e-02
5.295898020267486572e-02
3.485254477709531784e-03
4.172896221280097961e-02
-6.583403795957565308e-02
-5.034333467483520508e-02
-7.723961770534515381e-02
6.086994428187608719e-03
-1.763838157057762146e-02
-3.193766996264457703e-02
-4.710969328880310059e-02
-6.813680380582809448e-02
3.026039339601993561e-02
-3.687058016657829285e-02
6.754238903522491455e-02
3.352838754653930664e-02
-4.062733799219131470e-02
-3.086780384182929993e-02
-2.383018657565116882e-02
5.486010760068893433e-02
-3.077521733939647675e-02
8.765619248151779175e-02
1.980266533792018890e-02
9.878652170300483704e-03
-7.800811529159545898e-02
-4.084314033389091492e-02
-8.516130037605762482e-03
-4.058235511183738708e-02
4.506833106279373169e-02
-6.837451457977294922e-02
3.005763515830039978e-02
5.540221929550170898e-02
4.245221242308616638e-02
5.124070495367050171e-02
-3.052995353937149048e-02
-4.609609022736549377e-02
7.116897404193878174e-02
1.369503326714038849e-02
8.083799481391906738e-02
-6.454020738601684570e-02
-3.381046652793884277e-02
-4.596231877803802490e-02
-8.243258297443389893e-02
-6.607443839311599731e-02
-8.638919144868850708e-02
1.542687881737947464e-02
-8.260589092969894409e-02
-3.234155103564262390e-02
-3.214396908879280090e-02
6.181085109710693359e-02
6.650976091623306274e-02
-5.612619966268539429e-02
2.060456201434135437e-02
2.494909055531024933e-02
-6.218886375427246094e-02
6.083174794912338257e-02
-2.685110084712505341e-03
3.057695925235748291e-02
5.425120145082473755e-02
2.681416086852550507e-02
6.230289116501808167e-02
-6.774928420782089233e-02
-7.149931043386459351e-02
1.038675382733345032e-02
-2.187520451843738556e-02
4.438616335391998291e-02
-2.215977013111114502e-02
-5.685774236917495728e-02
-5.222760513424873352e-02
-5.680486932396888733e-02
-1.886805891990661621e-02
-4.083684086799621582e-02
1.847238466143608093e-02
-2.133218385279178619e-02
-8.801616728305816650e-02
3.256255015730857849e-02
-3.629123792052268982e-02
-2.664272859692573547e-02
6.036023795604705811e-02
6.216716021299362183e-02
-5.935086309909820557e-02
-8.118703216314315796e-02
-6.171853840351104736e-02
-8.269824832677841187e-02
-7.153338193893432617e-02
1.736886426806449890e-02
3.969842102378606796e-03
4.239418730139732361e-02
-8.197786659002304077e-02
5.397589877247810364e-02
-6.006965786218643188e-02
6.675226031802594662e-04
2.186278253793716431e-02
6.385307759046554565e-02
-5.531887710094451904e-02
5.769151076674461365e-02
3.387087211012840271e-02
-8.454104512929916382e-02
-4.066244512796401978e-02
6.616704165935516357e-03
-7.917045056819915771e-02
5.437339469790458679e-02
-2.112677134573459625e-02
-3.935865312814712524e-02
2.742941118776798248e-02
3.599922405555844307e-03
3.844261541962623596e-02
7.262442260980606079e-02
7.076620310544967651e-02
3.330589458346366882e-02
-7.730399817228317261e-02
4.477718099951744080e-02
8.333012461662292480e-02
6.596973538398742676e-02
-1.832807250320911407e-02
-6.554851680994033813e-02
7.650013267993927002e-02
-8.016115427017211914e-02
7.197869569063186646e-02
4.316470399498939514e-02
5.553787946701049805e-02
4.421158134937286377e-02
-3.104985691606998444e-02
4.443889856338500977e-02
2.874073572456836700e-02
2.648041211068630219e-02
2.770077250897884369e-02
-8.975055068731307983e-03
6.275123357772827148e-02
2.897416613996028900e-02
-9.747923351824283600e-03
-4.532352834939956665e-02
6.526748090982437134e-02
7.706653326749801636e-02
-3.269704058766365051e-02
5.958465114235877991e-02
-2.463564462959766388e-02
4.698603413999080658e-03
-6.703171879053115845e-02
-8.770782500505447388e-02
-3.216268122196197510e-02
7.910636253654956818e-03
7.595894858241081238e-03
-5.573339015245437622e-02
3.204532340168952942e-02
-6.572029739618301392e-02
-8.564726263284683228e-02
5.934410914778709412e-02
-8.085621893405914307e-02
-2.487112954258918762e-02
-8.259286172688007355e-03
-8.004350587725639343e-03
-1.974174194037914276e-02
1.171822473406791687e-02
1.473967451602220535e-02
-7.994485646486282349e-02
-1.772582530975341797e-02
-3.450926020741462708e-02
8.790034800767898560e-02
7.463162392377853394e-02
3.112567961215972900e-02
8.619470894336700439e-02
8.666633814573287964e-02
7.593286037445068359e-02
-4.677577316761016846e-02
1.405655313283205032e-02
-2.144202962517738342e-02
-5.539331585168838501e-02
6.348750740289688110e-02
-4.961691424250602722e-02
-8.093817532062530518e-02
6.730772554874420166e-02
-3.065348602831363678e-02
-8.159162243828177452e-04
-1.342647243291139603e-03
-7.306630909442901611e-02
6.504332181066274643e-03
-3.204005584120750427e-02
-2.352008968591690063e-02
-6.568469107151031494e-02
-3.212685510516166687e-02
3.669395297765731812e-02
2.933193929493427277e-03
-1.138606574386358261e-02
4.518143087625503540e-02
3.526183217763900757e-02
-8.628483861684799194e-02
7.707181572914123535e-02
-6.937913596630096436e-02
8.531853556632995605e-02
-3.642101073637604713e-03
2.968031540513038635e-02
7.863044738769531250e-02
4.778177663683891296e-02
-5.079616978764533997e-02
1.148720737546682358e-02
-4.187862575054168701e-02
5.014293640851974487e-02
3.112468868494033813e-02
3.728505223989486694e-02
2.869846299290657043e-02
5.985141173005104065e-02
-3.202631324529647827e-02
4.449739679694175720e-02
-6.579389423131942749e-02
4.199080914258956909e-02
-7.434412837028503418e-02
-6.446643918752670288e-02
6.661251187324523926e-02
-2.275934442877769470e-03
5.564915016293525696e-02
8.537460118532180786e-02
-7.855184376239776611e-02
2.764212526381015778e-02
-5.390093103051185608e-02
6.539273262023925781e-02
1.000651624053716660e-02
-8.882785215973854065e-03
-5.777222290635108948e-02
-1.770550012588500977e-02
-3.218073688913136721e-04
-3.362961113452911377e-02
6.885024905204772949e-02
5.761620402336120605e-02
6.038250401616096497e-02
5.511119589209556580e-02
1.396434381604194641e-02
-3.533426299691200256e-02
2.556676231324672699e-02
-3.627372533082962036e-02
-8.111207187175750732e-02
2.626814879477024078e-02
-7.113918662071228027e-02
7.152303308248519897e-02
-7.354236394166946411e-02
2.239337936043739319e-02
-4.802230745553970337e-02
-3.123505972325801849e-02
5.569005385041236877e-02
-2.155212871730327606e-02
-9.259035810828208923e-03
-7.070810347795486450e-02
-7.289683073759078979e-02
4.861139506101608276e-02
2.029535174369812012e-02
9.558229707181453705e-03
-4.794059693813323975e-02
2.264611236751079559e-02
8.551637642085552216e-03
-4.619312286376953125e-02
-6.985723972320556641e-02
4.419076815247535706e-02
-5.590426549315452576e-02
-3.736891224980354309e-02
-5.447675939649343491e-03
-3.951375558972358704e-02
6.905648112297058105e-02
6.492519378662109375e-02
-2.277410216629505157e-02
-6.676894426345825195e-02
-3.878192603588104248e-02
-3.613043949007987976e-02
-1.326273754239082336e-02
4.125677049160003662e-02
2.322575822472572327e-02
6.112468894571065903e-03
8.286641538143157959e-02
3.338958695530891418e-02
-4.983147233724594116e-02
-7.736425101757049561e-02
-6.261046230792999268e-02
-5.819936096668243408e-02
6.069261115044355392e-03
7.519529759883880615e-02
1.072414964437484741e-02
3.112676367163658142e-02
5.349053442478179932e-02
9.664242155849933624e-03
-2.667395956814289093e-02
-5.226589366793632507e-02
-4.196625947952270508e-02
7.918159477412700653e-03
-2.177980542182922363e-02
-3.517196699976921082e-02
1.002182532101869583e-02
8.726400882005691528e-02
9.823735803365707397e-03
-1.559336576610803604e-02
8.302765339612960815e-02
-3.099324367940425873e-02
-4.213209822773933411e-02
4.084530100226402283e-02
2.786418795585632324e-02
2.589110285043716431e-02
3.198909759521484375e-02
2.117095142602920532e-02
-3.414846211671829224e-02
6.358020938932895660e-03
2.710572257637977600e-02
3.794322255998849869e-03
3.249998390674591064e-02
6.180999428033828735e-02
-8.276250213384628296e-02
6.578860431909561157e-02
6.578088738024234772e-03
6.829098332673311234e-03
-1.313226204365491867e-02
-5.281231924891471863e-02
-1.178880035877227783e-02
-2.808509021997451782e-02
1.317975390702486038e-02
4.184824973344802856e-02
9.254731237888336182e-03
7.674239575862884521e-03
-2.518215216696262360e-02
-6.997805833816528320e-02
-3.284576535224914551e-02
-8.400682359933853149e-02
2.847513742744922638e-02
-2.359722973778843880e-03
7.127123326063156128e-02
-5.713819712400436401e-02
6.286723166704177856e-02
-7.116074115037918091e-02
7.941129803657531738e-02
-7.169720530509948730e-02
-4.129024595022201538e-02
5.377229675650596619e-02
3.018528781831264496e-02
-5.354537814855575562e-02
-5.773247778415679932e-02
2.247433178126811981e-02
5.455183610320091248e-02
2.161239832639694214e-02
1.987622119486331940e-02
-6.631350517272949219e-02
-1.507609803229570389e-02
1.375342253595590591e-03
-5.758248642086982727e-02
-3.626698255538940430e-02
4.470314830541610718e-02
-8.351752907037734985e-02
2.530027925968170166e-02
-3.978554904460906982e-02
7.080887258052825928e-02
-4.109642282128334045e-02
-4.483377188444137573e-02
-7.465627789497375488e-02
-8.397355675697326660e-02
-3.494118154048919678e-02
-3.025401942431926727e-02
6.320639699697494507e-02
7.393510639667510986e-02
4.905701428651809692e-02
2.511146105825901031e-02
2.022025547921657562e-02
-5.455051735043525696e-02
-6.565199047327041626e-02
-9.561507962644100189e-03
4.732842370867729187e-02
-5.171016603708267212e-02
6.896797567605972290e-02
4.219249263405799866e-02
-5.040507018566131592e-02
4.407022614032030106e-03
6.960251927375793457e-02
7.566200196743011475e-02
-3.883093222975730896e-02
7.623621076345443726e-02
8.506689220666885376e-02
4.697740450501441956e-02
-1.624527014791965485e-02
4.117844998836517334e-02
-7.087342441082000732e-02
6.109245494008064270e-02
6.745571643114089966e-02
-1.743168383836746216e-02
4.281835258007049561e-02
3.549913177266716957e-03
3.930843621492385864e-02
-6.266672909259796143e-02
2.087707258760929108e-02
1.989959180355072021e-02
5.668538063764572144e-02
-7.695615291595458984e-02
-2.880288101732730865e-02
5.080221220850944519e-03
-5.170305445790290833e-02
-2.549670450389385223e-02
-4.903671890497207642e-02
1.496969629079103470e-02
-5.155713111162185669e-02
-4.970879480242729187e-02
-8.693156391382217407e-02
-4.726107418537139893e-02
-2.851525135338306427e-02
2.680132165551185608e-02
-3.539639292284846306e-03
-2.904584817588329315e-02
2.508183941245079041e-02
1.344714127480983734e-02
-1.634608581662178040e-02
8.755131810903549194e-02
-7.346736732870340347e-03
-1.413590833544731140e-02
-7.543167471885681152e-02
3.242767974734306335e-02
-7.324645668268203735e-02
-5.848201736807823181e-02
1.391529571264982224e-02
1.918672025203704834e-02
6.123916059732437134e-02
4.636188969016075134e-02
8.432510495185852051e-02
-3.805537894368171692e-02
4.142772778868675232e-02
5.340038239955902100e-02
1.495365146547555923e-02
-5.654653906822204590e-02
1.926721073687076569e-02
5.576450377702713013e-02
-7.982971519231796265e-02
7.594726048409938812e-03
2.585280314087867737e-02
-1.662195846438407898e-02
5.216700956225395203e-02
2.899461798369884491e-02
-4.125346243381500244e-02
5.966879427433013916e-03
5.390286818146705627e-02
6.998900324106216431e-03
4.795098677277565002e-02
-6.296546012163162231e-02
-2.283138968050479889e-02
5.108682811260223389e-02
7.243084162473678589e-02
-6.717387586832046509e-02
-7.981661707162857056e-02
-2.215085551142692566e-02
-7.271648198366165161e-02
2.040020190179347992e-02
6.266330182552337646e-02
-6.754864007234573364e-02
-8.074083179235458374e-02
-5.594190210103988647e-02
3.341773152351379395e-02
-1.350517757236957550e-02
-6.533314008265733719e-03
4.239917919039726257e-02
2.916222065687179565e-02
-3.762822970747947693e-02
-2.382674068212509155e-02
-4.475928843021392822e-02
-6.981183588504791260e-02
5.623376742005348206e-02
-1.889173500239849091e-02
6.856738775968551636e-02
-5.906076729297637939e-02
-2.639279887080192566e-02
5.068213120102882385e-02
-8.567013591527938843e-02
-8.593711070716381073e-03
-1.428450457751750946e-02
-3.076582960784435272e-02
-1.397118531167507172e-02
1.000685803592205048e-02
-6.412336230278015137e-02
-2.769870869815349579e-02
1.707447227090597153e-03
-3.529894351959228516e-02
-6.075968593358993530e-02
-5.603937432169914246e-02
-4.636535793542861938e-02
-2.254675142467021942e-02
-6.559537351131439209e-02
-6.189720705151557922e-02
6.489758193492889404e-02
9.164728224277496338e-03
-7.612372189760208130e-02
-1.697178743779659271e-02
5.610299855470657349e-02
-8.458589762449264526e-02
7.457598298788070679e-02
-7.885042577981948853e-03
-9.706311859190464020e-03
-9.622203186154365540e-03
2.706390246748924255e-02
8.659673482179641724e-02
-1.473268307745456696e-02
1.521644461899995804e-02
5.593534559011459351e-02
6.501432508230209351e-02
5.285189300775527954e-02
-4.975239560008049011e-02
5.512939393520355225e-02
2.192810922861099243e-02
1.298467442393302917e-02
-3.090449795126914978e-02
-4.502736404538154602e-02
3.940538316965103149e-02
3.259536996483802795e-02
2.465716004371643066e-02
-5.817045643925666809e-02
2.007455099374055862e-03
-2.968334034085273743e-02
-2.938431873917579651e-02
5.436604097485542297e-02
1.612501591444015503e-02
-1.791513897478580475e-02
5.836441740393638611e-02
-2.200753428041934967e-02
8.591146767139434814e-02
-4.088264331221580505e-02
-8.426109701395034790e-02
-5.383115634322166443e-02
8.393687754869461060e-02
-5.766804516315460205e-02
-1.892981491982936859e-02
-1.684110052883625031e-02
1.686399616301059723e-02
7.954484969377517700e-02
5.011646822094917297e-02
3.240061178803443909e-02
4.165022075176239014e-02
8.339419960975646973e-02
4.348292574286460876e-02
-8.726193010807037354e-02
-1.690086536109447479e-02
-3.801779448986053467e-02
5.419871956110000610e-02
8.598138391971588135e-02
-8.749688975512981415e-03
7.647357136011123657e-02
2.314612083137035370e-02
3.874548152089118958e-02
-4.979686066508293152e-02
3.841846436262130737e-02
-6.988260149955749512e-02
-2.838495373725891113e-02
3.209808096289634705e-02
-5.035823211073875427e-02
-4.256534855812788010e-03
2.999309822916984558e-02
8.713289350271224976e-02
-7.951410859823226929e-02
-6.497336924076080322e-02
-7.785539329051971436e-02
-2.465550601482391357e-02
6.186199560761451721e-02
3.094074875116348267e-02
8.783046156167984009e-02
-5.552842095494270325e-02
5.246762931346893311e-02
5.444997549057006836e-02
8.576206862926483154e-02
2.553074061870574951e-02
-3.893358260393142700e-02
1.164179202169179916e-02
-8.593646436929702759e-02
4.640077054500579834e-02
7.382449507713317871e-02
1.579109579324722290e-02
8.285190165042877197e-02
-6.515499949455261230e-02
5.696558579802513123e-02
-4.212626814842224121e-02
-6.088478863239288330e-02
2.169129671528935432e-03
-2.872893586754798889e-02
-3.134027868509292603e-02
2.411689050495624542e-02
-8.045331388711929321e-02
4.514035210013389587e-02
-3.513791039586067200e-02
-8.116973191499710083e-02
6.795908510684967041e-02
-3.889279440045356750e-02
-5.882886424660682678e-02
3.326561301946640015e-02
4.233008995652198792e-02
-4.065167158842086792e-03
-2.574199065566062927e-02
8.793163299560546875e-02
5.174018815159797668e-02
-2.725127525627613068e-02
-2.193397842347621918e-02
4.599705711007118225e-02
-8.157212287187576294e-02
-8.185811748262494802e-05
-7.801411300897598267e-02
5.127921700477600098e-02
6.093004252761602402e-03
-2.404202707111835480e-02
4.951993376016616821e-02
