-4.859973192214965820e-01
-7.074027061462402344e-01
-5.309269428253173828e-01
-3.442686200141906738e-01
4.796417951583862305e-01
-7.095330953598022461e-01
-6.242517754435539246e-02
-7.069811224937438965e-01
6.864373087882995605e-01
-6.178655028343200684e-01
-9.702581167221069336e-01
3.577705919742584229e-01
-1.285366415977478027e-01
2.975313365459442139e-01
-1.650042831897735596e-01
-5.774433016777038574e-01
-4.121716022491455078e-01
-1.135560963302850723e-02
-8.110406994819641113e-01
-1.924267113208770752e-01
5.803941488265991211e-01
2.648250162601470947e-01
-4.135508537292480469e-01
-4.232456088066101074e-01
-1.451987326145172119e-01
-4.071212708950042725e-01
8.726706355810165405e-02
-7.086555957794189453e-01
-2.063350677490234375e-01
1.090889871120452881e-01
-4.368998706340789795e-01
-6.869540214538574219e-01
-1.000816345214843750e+00
4.079447388648986816e-01
9.575489163398742676e-02
3.330343067646026611e-01
-4.187631309032440186e-01
-2.851545512676239014e-01
-3.934651613235473633e-01
3.120020329952239990e-01
-8.821163177490234375e-01
-4.755964279174804688e-01
-2.370850145816802979e-01
-7.817533016204833984e-01
-4.334368705749511719e-01
-5.131633877754211426e-01
-3.292942047119140625e-01
-4.204584658145904541e-01
-3.363980650901794434e-01
-3.916715085506439209e-01
-6.447058320045471191e-01
-1.776589006185531616e-01
-7.391273975372314453e-01
-5.413358807563781738e-01
6.858482956886291504e-01
-7.273815274238586426e-01
-6.370626688003540039e-01
-5.680146813392639160e-01
-3.454220890998840332e-01
-6.591731905937194824e-01
-8.752114772796630859e-01
-5.070549249649047852e-02
1.485109925270080566e-01
-1.022698760032653809e+00
-7.309603691101074219e-01
5.415081381797790527e-01
-4.263596832752227783e-01
-4.120422005653381348e-01
-6.525084972381591797e-01
4.888293147087097168e-01
-6.091392040252685547e-01
-4.553558230400085449e-01
2.030762135982513428e-01
-5.709309577941894531e-01
-4.340709149837493896e-01
-2.494575083255767822e-01
5.854913592338562012e-01
-4.444705247879028320e-01
-7.571634650230407715e-01
-4.158671498298645020e-01
-4.921921789646148682e-01
-1.004417613148689270e-01
-8.348395228385925293e-01
-1.427817791700363159e-01
-7.759246230125427246e-01
7.017639875411987305e-01
-6.646494269371032715e-01
-1.713207066059112549e-01
-7.755289077758789062e-01
-3.790658712387084961e-01
-3.221823573112487793e-01
-4.945689439773559570e-01
-3.819628357887268066e-01
-5.447718501091003418e-01
2.316284030675888062e-01
1.859147399663925171e-01
-1.580328643321990967e-01
-8.371065258979797363e-01
1.444478482007980347e-01
-4.036948978900909424e-01
-7.961652278900146484e-01
-4.673362970352172852e-01
-6.303377747535705566e-01
6.384367346763610840e-01
-7.880560159683227539e-01
-2.259759306907653809e-01
-4.512958526611328125e-01
-1.194572746753692627e-01
-1.373047530651092529e-01
1.418287754058837891e-01
-2.230145037174224854e-01
-7.626362442970275879e-01
3.755332827568054199e-01
2.091917693614959717e-01
1.188354194164276123e-01
-2.282777577638626099e-01
-7.891483902931213379e-01
-2.777142822742462158e-01
-3.516360521316528320e-01
2.318554371595382690e-01
-8.434515446424484253e-02
-4.320215880870819092e-01
-2.951588928699493408e-01
3.476279228925704956e-02
-7.363538146018981934e-01
4.540452361106872559e-01
-4.613468050956726074e-01
-4.977010786533355713e-01
