-1.011892676353454590e+00
-2.905402481555938721e-01
-3.405053913593292236e-01
-9.757351279258728027e-01
-1.647780418395996094e+00
-5.421696901321411133e-01
-6.245907545089721680e-01
-9.009821340441703796e-03
-2.574368238449096680e+00
-1.031191587448120117e+00
-6.240888833999633789e-01
-1.711936235427856445e+00
-9.909798949956893921e-02
-2.080470770597457886e-01
-1.614850163459777832e-01
-6.228870153427124023e-01
-2.946943342685699463e-01
6.442801654338836670e-02
-7.808830738067626953e-01
-4.737345874309539795e-01
-1.292227029800415039e+00
-6.976896524429321289e-01
8.302543163299560547e-01
-1.238637208938598633e+00
3.908924013376235962e-02
-5.108444094657897949e-01
-8.497505784034729004e-01
-2.008471250534057617e+00
-1.657637953758239746e+00
-8.963456749916076660e-01
-5.680196285247802734e-01
-2.177426815032958984e+00
-2.358314394950866699e-01
2.751138806343078613e-01
-4.222069382667541504e-01
-4.455576539039611816e-01
1.322340220212936401e-01
-1.402475237846374512e+00
-6.807757019996643066e-01
-1.157903671264648438e+00
-7.027842998504638672e-01
-7.848754525184631348e-02
-9.947882890701293945e-01
-1.080332994461059570e+00
6.831227540969848633e-01
-1.125238537788391113e+00
-9.348115921020507812e-01
-5.958912372589111328e-01
9.378853440284729004e-01
-3.978370726108551025e-01
3.247319534420967102e-02
2.578641176223754883e-01
6.676544994115829468e-02
-4.054868221282958984e-01
-8.916083574295043945e-01
-1.912250518798828125e-01
-2.116847038269042969e+00
-1.249938726425170898e+00
-1.071449965238571167e-01
-1.852675437927246094e+00
-1.051093101501464844e+00
-1.824988603591918945e+00
-4.248514473438262939e-01
-1.114898920059204102e+00
-7.489031553268432617e-01
-5.783371925354003906e-01
-1.328493118286132812e+00
2.839480876922607422e+00
-4.412428736686706543e-01
-8.599090576171875000e-01
-2.010735034942626953e+00
-7.542148828506469727e-01
-4.656978547573089600e-01
4.800608754158020020e-01
-1.775655865669250488e+00
-6.111681461334228516e-01
-8.137840628623962402e-01
1.480961918830871582e+00
-2.330752164125442505e-01
-7.374311685562133789e-01
-6.919980049133300781e-01
-4.961524009704589844e-01
-6.862016916275024414e-01
-6.118744611740112305e-01
5.137760043144226074e-01
-5.798953771591186523e-01
-1.899954199790954590e+00
-4.154616966843605042e-02
-4.836208820343017578e-01
-2.007794618606567383e+00
-1.650193333625793457e+00
-4.673320055007934570e-01
6.841087341308593750e-01
-2.038237154483795166e-01
-1.046862959861755371e+00
-1.221648573875427246e+00
-5.240761041641235352e-01
-5.618224143981933594e-01
2.999662458896636963e-01
-3.410906195640563965e-01
-5.775582194328308105e-01
-4.273755550384521484e-01
5.208297967910766602e-01
-1.055491209030151367e+00
-3.849034607410430908e-01
-4.634229838848114014e-01
-2.063935250043869019e-01
-1.254666447639465332e+00
-6.733577251434326172e-01
-3.990903794765472412e-01
-1.664678931236267090e+00
-1.205007433891296387e+00
-7.402719259262084961e-01
-1.173984289169311523e+00
7.641567587852478027e-01
8.447136729955673218e-02
-1.540647625923156738e+00
-9.578279852867126465e-01
-2.025084495544433594e+00
-4.103126525878906250e-01
-1.276900649070739746e+00
-5.815315246582031250e-01
-4.852516651153564453e-01
3.440293371677398682e-01
-1.778597950935363770e+00
-1.342711806297302246e+00
-1.904459834098815918e+00
2.451332360506057739e-01
-7.124243378639221191e-01
-1.524297356605529785e+00
-9.937033653259277344e-01
-4.345442056655883789e-01
-1.188427925109863281e+00
-9.929521679878234863e-01
-1.479469895362854004e+00
-1.618410348892211914e+00
-1.461196780204772949e+00
-1.244218587875366211e+00
-9.977949857711791992e-01
-1.244937777519226074e+00
-5.071514844894409180e-01
-1.405515432357788086e+00
-1.163930654525756836e+00
-2.427155971527099609e+00
-1.363484263420104980e+00
-1.010423302650451660e+00
-4.282135665416717529e-01
-2.177627980709075928e-01
-9.551255702972412109e-01
-3.455052897334098816e-02
-4.145858883857727051e-01
-1.288419365882873535e+00
-2.456022977828979492e+00
-1.049385309219360352e+00
1.697651147842407227e+00
-1.042213201522827148e+00
-1.493985056877136230e+00
-4.036737680435180664e-01
-8.448975086212158203e-01
-9.987229853868484497e-02
-9.176189303398132324e-01
2.057594776153564453e+00
-1.200368642807006836e+00
-2.082761049270629883e+00
-1.810822449624538422e-02
-7.809338569641113281e-01
-9.639122486114501953e-01
7.270910590887069702e-02
-2.218151241540908813e-01
-1.718437224626541138e-01
-9.445440173149108887e-01
5.395648069679737091e-03
-2.023924112319946289e+00
-2.897371292114257812e+00
-1.104946851730346680e+00
-5.789935588836669922e-01
-2.727207541465759277e-02
-1.745755910873413086e+00
1.104583978652954102e+00
4.642968475818634033e-01
-7.426458597183227539e-01
-3.018635034561157227e+00
-8.166399002075195312e-01
-6.729185581207275391e-01
-6.116549372673034668e-01
-7.048180699348449707e-01
-7.282993197441101074e-01
-7.371713966131210327e-02
3.248912692070007324e-01
-1.177033424377441406e+00
-5.509046316146850586e-01
-7.106470465660095215e-01
-8.390324711799621582e-01
1.176026985049247742e-01
-1.441128492355346680e+00
8.088208436965942383e-01
-1.943417906761169434e+00
-1.331401348114013672e+00
-6.684768795967102051e-01
-1.304968237876892090e+00
-1.518221050500869751e-01
2.577253580093383789e-01
-1.174343585968017578e+00
-1.395719289779663086e+00
-3.750728443264961243e-02
-2.289467602968215942e-01
-1.030284166336059570e+00
-6.373354196548461914e-01
-4.838663041591644287e-01
-1.271346926689147949e+00
-1.173725008964538574e+00
-5.464968085289001465e-01
1.704671680927276611e-01
-8.167300820350646973e-01
-3.661270141601562500e-01
-8.218116164207458496e-01
-1.674367308616638184e+00
-2.146538019180297852e+00
-9.030299782752990723e-01
-1.892108082771301270e+00
-1.197175383567810059e+00
-7.071976065635681152e-01
-2.605495750904083252e-01
-2.484326213598251343e-01
-2.158871412277221680e+00
-8.223629593849182129e-01
-1.760636866092681885e-01
-1.896155714988708496e+00
-3.357694149017333984e-01
-1.205931007862091064e-01
9.801032394170761108e-02
8.518664240837097168e-01
1.297623757272958755e-02
-5.417868494987487793e-01
-1.048449635505676270e+00
-5.803452730178833008e-01
-1.300131201744079590e+00
-9.626518487930297852e-01
-7.949440479278564453e-01
6.544111669063568115e-02
-1.362105846405029297e+00
-1.198426127433776855e+00
-1.679614305496215820e+00
2.928818464279174805e-01
-3.902569180354475975e-03
-1.165133714675903320e+00
-1.375754326581954956e-01
-4.719283580780029297e-01
-3.680643439292907715e-01
-9.104055166244506836e-01
-6.305202245712280273e-01
-6.692408323287963867e-01
4.889463633298873901e-02
1.301100403070449829e-01
-1.112958312034606934e+00
-4.663877785205841064e-01
