-7.427264750003814697e-02
1.197933107614517212e-01
-1.753468811511993408e-02
8.980381488800048828e-02
2.335913293063640594e-02
6.512340158224105835e-02
8.961654454469680786e-02
-4.528535902500152588e-02
-1.211976557970046997e-01
-7.057484984397888184e-02
-7.909863442182540894e-02
8.422626554965972900e-02
-1.165249347686767578e-01
1.213629320263862610e-01
-3.242502361536026001e-02
1.047482118010520935e-01
-1.158678084611892700e-01
1.127962544560432434e-01
-4.870925098657608032e-02
-5.734714493155479431e-02
-4.393652826547622681e-02
1.613495871424674988e-02
9.395768493413925171e-02
-6.783654540777206421e-02
-4.640993103384971619e-02
-1.179006099700927734e-01
-9.463347494602203369e-02
1.109610646963119507e-01
7.088982313871383667e-02
1.896818540990352631e-02
-1.682231388986110687e-02
1.434537768363952637e-02
-1.054362133145332336e-01
2.315571904182434082e-02
1.545236911624670029e-02
-2.419195603579282761e-03
1.355373393744230270e-02
5.057476460933685303e-03
-5.862201005220413208e-02
1.139190942049026489e-01
4.273372516036033630e-02
-5.086181685328483582e-03
8.099674014374613762e-04
6.520728766918182373e-02
3.936623781919479370e-02
4.237914457917213440e-02
-6.044412404298782349e-02
-9.277913719415664673e-03
-7.128371298313140869e-02
-9.436269849538803101e-02
4.428947716951370239e-02
1.003479436039924622e-01
-8.411671966314315796e-02
-8.837291598320007324e-02
6.415074318647384644e-02
-7.348602265119552612e-02
-4.527419432997703552e-02
1.151814833283424377e-01
9.948728978633880615e-02
3.327153390273451805e-04
-1.016200482845306396e-01
9.832886606454849243e-02
4.674365743994712830e-03
-1.220744922757148743e-01
7.700569927692413330e-02
-8.591243624687194824e-02
-6.430096179246902466e-02
-7.232118397951126099e-02
-1.018459349870681763e-01
2.580008283257484436e-02
-3.015852905809879303e-02
8.280429989099502563e-02
1.179843097925186157e-01
-6.312207132577896118e-02
-3.775572404265403748e-02
5.701565369963645935e-02
-6.196855008602142334e-02
8.316111564636230469e-02
-7.856884598731994629e-02
-5.124240368604660034e-02
2.853925153613090515e-02
1.236369535326957703e-01
-4.834401421248912811e-03
-1.117535457015037537e-01
-5.567359924316406250e-02
3.458228334784507751e-02
-2.893147803843021393e-02
1.577470451593399048e-02
-1.113036461174488068e-02
7.195001095533370972e-02
1.198435276746749878e-01
-3.802214562892913818e-02
9.348250180482864380e-02
5.416961386799812317e-02
-5.327223241329193115e-02
-6.901885569095611572e-02
-1.146598830819129944e-01
-1.016437038779258728e-01
3.143122047185897827e-02
1.120002716779708862e-01
-8.078045397996902466e-02
-1.065091118216514587e-01
-9.416502714157104492e-02
-8.012675680220127106e-03
-6.624621152877807617e-02
-4.217938520014286041e-03
4.295457899570465088e-02
1.081941425800323486e-01
-9.457340091466903687e-02
8.384609967470169067e-02
-3.242822363972663879e-02
-2.321030199527740479e-02
4.134928807616233826e-02
4.882732778787612915e-02
1.450078468769788742e-02
5.690982192754745483e-02
1.337979082018136978e-02
8.323379606008529663e-02
-1.790869422256946564e-02
-5.332094803452491760e-02
5.863661412149667740e-03
-2.657989785075187683e-02
4.430597275495529175e-02
-5.937509238719940186e-02
-5.969151481986045837e-02
1.228333339095115662e-01
9.215179085731506348e-02
-2.082160906866192818e-03
