9.898672103881835938e+00
9.388250350952148438e+00
8.432413101196289062e+00
8.143880844116210938e+00
8.421687126159667969e+00
4.188073635101318359e+00
7.411928653717041016e+00
1.073372364044189453e+01
7.587007045745849609e+00
5.633725166320800781e+00
5.693836688995361328e+00
8.272895812988281250e+00
9.726772308349609375e+00
5.133495330810546875e+00
6.878465175628662109e+00
7.452856063842773438e+00
2.845629215240478516e+00
2.664801836013793945e+00
8.762151718139648438e+00
9.391066551208496094e+00
4.533018589019775391e+00
1.171150302886962891e+01
1.307316303253173828e+01
6.760938167572021484e+00
8.630525588989257812e+00
4.467316627502441406e+00
9.196063041687011719e+00
9.962725639343261719e+00
4.672614097595214844e+00
5.349584579467773438e+00
8.563467979431152344e+00
7.256521701812744141e+00
3.254764080047607422e+00
6.996724605560302734e+00
6.757719039916992188e+00
6.686950683593750000e+00
4.475660800933837891e+00
3.531784534454345703e+00
2.569023609161376953e+00
6.642972946166992188e+00
3.504405736923217773e+00
1.253615760803222656e+01
6.820693016052246094e+00
4.248310565948486328e+00
7.626371860504150391e+00
1.009634876251220703e+01
4.844256877899169922e+00
2.281046152114868164e+00
1.232840251922607422e+01
5.233345985412597656e+00
5.944934844970703125e+00
6.141737937927246094e+00
1.312770271301269531e+01
7.501374721527099609e+00
4.886928081512451172e+00
6.510385036468505859e+00
5.491640567779541016e+00
8.471633911132812500e+00
3.123442649841308594e+00
9.015566825866699219e+00
8.465227127075195312e+00
8.949198722839355469e+00
5.661493301391601562e+00
8.680808067321777344e+00
