-5.696076899766921997e-03
-1.562731713056564331e-01
6.077491641044616699e-01
-3.292091190814971924e-01
-6.741312146186828613e-02
3.815705776214599609e-01
-1.604486703872680664e-01
5.005333200097084045e-02
1.413349509239196777e-01
-2.566334307193756104e-01
-3.226963579654693604e-01
-1.049835607409477234e-01
3.937782645225524902e-01
-2.582747340202331543e-01
-8.931639790534973145e-02
-4.420490190386772156e-02
-4.437159895896911621e-01
2.682686448097229004e-01
-3.852551281452178955e-01
6.094225049018859863e-01
-4.361260682344436646e-02
-2.666749060153961182e-01
-6.339392662048339844e-01
-1.248916164040565491e-01
-5.139225721359252930e-01
9.326242655515670776e-02
5.239424705505371094e-01
3.247421085834503174e-01
2.706247568130493164e-01
-9.799463301897048950e-02
-4.906139373779296875e-01
2.738264203071594238e-01
2.518418133258819580e-01
5.350323915481567383e-01
-2.734556198120117188e-01
5.948739498853683472e-02
-3.884190917015075684e-01
-9.189599007368087769e-02
1.579401493072509766e-01
1.877261400222778320e-01
2.004574388265609741e-01
-3.377568721771240234e-01
-3.182730376720428467e-01
-1.303992271423339844e-01
-1.838891804218292236e-01
4.006773233413696289e-01
5.684719681739807129e-01
-5.053649544715881348e-01
1.409760713577270508e-01
-7.077496647834777832e-01
-4.350600391626358032e-02
1.481852382421493530e-01
-8.628937602043151855e-02
-4.650499224662780762e-01
5.822926759719848633e-02
3.805060684680938721e-01
3.593745529651641846e-01
-7.016758918762207031e-01
-2.604459226131439209e-01
-6.040894389152526855e-01
8.778935670852661133e-02
-3.956913053989410400e-01
4.569688141345977783e-01
6.065393090248107910e-01
