9.739762544631958008e-01
9.789667725563049316e-01
9.946921467781066895e-01
9.886441826820373535e-01
9.764108061790466309e-01
1.006114482879638672e+00
9.781206250190734863e-01
9.641745686531066895e-01
1.010198473930358887e+00
9.748235344886779785e-01
9.867171049118041992e-01
1.066309928894042969e+00
9.958679080009460449e-01
1.026339769363403320e+00
9.903422594070434570e-01
1.035034179687500000e+00
1.051205754280090332e+00
9.955363869667053223e-01
1.054173469543457031e+00
1.018991231918334961e+00
9.716281890869140625e-01
9.771474599838256836e-01
9.528629779815673828e-01
9.447260499000549316e-01
9.612489342689514160e-01
9.772557020187377930e-01
1.031195044517517090e+00
9.958627223968505859e-01
9.920597672462463379e-01
1.002496600151062012e+00
1.008672595024108887e+00
1.001705408096313477e+00
9.890257716178894043e-01
1.038356781005859375e+00
1.003814816474914551e+00
9.979644417762756348e-01
9.825202822685241699e-01
9.749596714973449707e-01
9.944162368774414062e-01
1.006963372230529785e+00
9.871865510940551758e-01
9.218822121620178223e-01
1.000670671463012695e+00
1.013174653053283691e+00
1.029320597648620605e+00
1.015969991683959961e+00
1.008759856224060059e+00
1.030667781829833984e+00
1.040503501892089844e+00
1.015578746795654297e+00
9.782639145851135254e-01
1.003167748451232910e+00
1.011790513992309570e+00
1.003660321235656738e+00
1.040753602981567383e+00
1.032636761665344238e+00
1.006626725196838379e+00
1.034044384956359863e+00
9.742654561996459961e-01
1.024490237236022949e+00
9.510415196418762207e-01
9.756866693496704102e-01
9.937863349914550781e-01
1.087788105010986328e+00
9.689423441886901855e-01
1.023779511451721191e+00
1.006604313850402832e+00
9.750103950500488281e-01
9.968290328979492188e-01
9.759013056755065918e-01
9.358342885971069336e-01
9.541984200477600098e-01
1.008661031723022461e+00
9.893764257431030273e-01
9.837482571601867676e-01
9.813761115074157715e-01
9.983894824981689453e-01
1.012104988098144531e+00
1.036537885665893555e+00
1.055169224739074707e+00
1.005725979804992676e+00
9.873118400573730469e-01
9.995862245559692383e-01
9.877889156341552734e-01
1.000985622406005859e+00
9.343659877777099609e-01
1.029194355010986328e+00
9.892044067382812500e-01
1.056499123573303223e+00
9.913799762725830078e-01
1.043857455253601074e+00
1.000746726989746094e+00
9.869178533554077148e-01
1.006296515464782715e+00
9.761598706245422363e-01
9.222464561462402344e-01
9.848609566688537598e-01
9.666797518730163574e-01
9.626849293708801270e-01
9.895838499069213867e-01
1.068253397941589355e+00
9.848948717117309570e-01
9.592512845993041992e-01
9.900817871093750000e-01
1.001411080360412598e+00
1.043729782104492188e+00
1.003023862838745117e+00
1.022112727165222168e+00
1.017024040222167969e+00
1.029294133186340332e+00
9.536445140838623047e-01
1.008246302604675293e+00
1.000850081443786621e+00
1.096497178077697754e+00
9.600427150726318359e-01
1.023243188858032227e+00
9.782077670097351074e-01
1.041136860847473145e+00
1.001815199851989746e+00
1.023504853248596191e+00
9.437907934188842773e-01
9.932354688644409180e-01
9.914507269859313965e-01
9.630847573280334473e-01
9.941828846931457520e-01
9.810060858726501465e-01
9.925301671028137207e-01
1.033599376678466797e+00
