7.880785316228866577e-02
-5.455960333347320557e-02
5.686644911766052246e-01
-4.470339119434356689e-01
2.480641379952430725e-02
1.882971823215484619e-01
-1.006155833601951599e-02
9.295741468667984009e-02
1.345134973526000977e-01
-7.028743624687194824e-02
-1.119810864329338074e-01
-1.563252694904804230e-02
5.724381804466247559e-01
-4.167754650115966797e-01
-2.651069462299346924e-01
8.280959725379943848e-02
-4.299290478229522705e-01
1.220707818865776062e-01
-2.425862848758697510e-01
4.513343870639801025e-01
-1.978932619094848633e-01
-2.875670492649078369e-01
-4.834978282451629639e-01
2.497464232146739960e-02
-4.308988749980926514e-01
2.700234353542327881e-01
4.063516557216644287e-01
3.690335452556610107e-01
4.119910597801208496e-01
5.861717835068702698e-02
-4.405390024185180664e-01
4.132555127143859863e-01
2.128755599260330200e-01
3.843093514442443848e-01
-9.953407943248748779e-02
-1.447149664163589478e-01
-3.653968870639801025e-01
-2.944934666156768799e-01
1.221407856792211533e-02
4.171603620052337646e-01
1.238426640629768372e-01
-1.359730213880538940e-01
-1.217937022447586060e-01
-1.246266663074493408e-01
-4.843918234109878540e-02
5.250527858734130859e-01
4.667090177536010742e-01
-4.333738386631011963e-01
4.118444025516510010e-02
-5.316100716590881348e-01
-5.982587579637765884e-03
2.997485697269439697e-01
-2.418839186429977417e-01
-3.757361769676208496e-01
-9.063232690095901489e-02
2.215830385684967041e-01
5.070945620536804199e-01
-5.228396654129028320e-01
-1.578473746776580811e-01
-4.929219186305999756e-01
2.899788916110992432e-01
-4.996458292007446289e-01
3.641880154609680176e-01
5.276657342910766602e-01
