-3.596299091856991481e-10
-9.100870612677169902e-10
-8.085520586398331488e-10
8.747298996247820924e-10
-2.025225764867855105e-09
-5.152521742601834376e-10
5.225114230178462549e-10
1.554000123027421409e-10
1.460101373140787473e-09
-4.567696498813944572e-10
7.420332681640218198e-10
2.320650061005125053e-10
1.032915419862945328e-09
-9.236164055792528416e-10
-2.690389577786334030e-10
-1.219979395283843360e-10
-8.453374666927970793e-10
-4.718220814048379452e-10
6.708103517105712399e-11
1.374327318615087279e-09
-4.170224443544867654e-10
-2.190606807062067674e-09
1.979150524022976754e-11
-6.991874856865365473e-10
1.295626272934669032e-09
-4.136883058336593422e-10
-1.371367241986831687e-09
-1.346703415450178909e-09
1.007057881530215582e-09
-1.376754526355439268e-11
1.896908852216938612e-09
-7.289186476633346956e-10
1.095381563231967448e-09
-1.642581182181857002e-09
1.145958536397095884e-10
-4.690977051247102736e-10
-4.994700208982294498e-10
-1.969465979190232474e-10
-2.271170473910899545e-10
6.136185448646358509e-10
-1.260408777348231979e-09
-8.950027940990423758e-10
-5.864144725364894839e-10
3.028992889841930491e-10
-7.865472162471576212e-10
7.544419533545010381e-10
-4.283851051667397769e-10
-2.652657815627179616e-10
1.609103961186519882e-10
8.584110644527243039e-10
1.448180464436177317e-10
5.856927720593319009e-10
6.371049798836736500e-10
5.431110006171024907e-10
-1.817899941691791810e-09
-2.094914464123576181e-09
-1.594948284555641749e-09
-6.185598699914862664e-10
1.165892243859545374e-10
1.152148598748681252e-09
-4.635924144569258942e-10
1.623937873063141524e-09
-5.587549312124906464e-10
-4.204421533149371726e-10
7.390971723530981308e-10
-1.248599668102201576e-09
-9.382673804569918730e-11
-5.146649773024591923e-10
2.487348105262299214e-10
5.827942989311551969e-11
-9.367158160245026011e-10
-2.086133710221815818e-09
1.617860290181738492e-10
7.317156325292728525e-10
7.024041348557830133e-10
7.298347481921041435e-10
1.358261246531267119e-11
-1.483381417699547455e-09
-7.248550093486016976e-10
-5.829345339769531620e-10
6.513809491792699191e-10
-3.959742256309795039e-10
-4.261714592335152929e-11
-9.731408734392488213e-11
1.374181463065227149e-10
-4.247039386839901454e-10
1.070620925247567357e-09
2.855623029707210492e-11
-3.940514026190555796e-10
1.594961829276542176e-09
6.687967402108085935e-10
-1.119587977882474661e-09
-5.693365223713442447e-10
-9.599129269233230843e-10
-9.113960697249012810e-10
-1.096128632305237716e-09
2.950732436168834738e-10
-1.412984729221022917e-09
-3.304339468712669259e-09
-9.056723149214462865e-10
9.317828730814881055e-10
-2.177684921278455477e-09
-4.645085982524221890e-10
1.685557471375886962e-09
3.477967913667612265e-10
8.114175442663906779e-10
-8.934922246517373878e-10
-5.251389323390753816e-10
8.822860220192296765e-10
1.025757589978582018e-09
-7.021662695727570735e-10
-3.402877979397089803e-10
6.591296952684899679e-11
-5.000175620772928653e-11
-1.296960649987966008e-09
1.129429993973474211e-09
-1.096353563490026772e-09
-6.231562488245856457e-11
4.483103124841569809e-11
-1.194366272549984842e-09
1.334270360864309168e-09
3.852748675647887922e-10
-5.252785983955732263e-10
-2.224625171576288807e-11
5.125639912506585461e-10
8.457518019255871877e-10
1.316946662832663151e-09
-5.791562784907000605e-10
-3.510846058318861651e-10
9.917725529717813515e-10
-1.306587393834490740e-09
5.004175407385957897e-10
1.507134868294901509e-11
-3.259271297295640579e-09
6.489128123732257336e-10
1.025482143646172517e-09
1.129957238887868698e-11
-1.013702788377202069e-09
1.566946156161819204e-10
-2.393637232867007469e-10
-1.829402851427630594e-09
-1.712960329136592463e-10
-1.573536079213511130e-09
4.301043410315230631e-10
-9.859655314414794702e-10
3.003760296049762246e-10
-9.322446148374297081e-10
3.157439865120181821e-10
-3.485795541102731931e-10
-4.453417495886569100e-11
-1.855599451872080863e-09
-2.360262429945692020e-09
1.349713674159147558e-09
1.990569514775941684e-10
-7.127726187050598128e-10
1.425670415056146112e-10
1.238164126782237418e-09
1.091765455818460850e-09
1.058955367838620987e-09
-2.886434424809181110e-10
-1.288191553427964209e-09
-6.212309000552806992e-10
-5.250320178618039790e-10
2.396817189165290074e-10
-6.205501112965805532e-10
2.543417698674943495e-10
-1.121318593533260355e-09
1.031722068889351362e-10
1.289611889498942787e-10
-5.442273853795143168e-10
4.779922013753434840e-10
-1.459914744650347984e-09
1.102997915225500947e-09
-1.540196858940134916e-09
-1.172129060478255269e-09
3.261275249855088987e-09
-4.313350232543200491e-10
-6.638382066270764881e-10
-5.880748110698164055e-10
6.682051578721370788e-10
-2.532273557509512329e-10
-1.076217892581610158e-09
1.481593736585296028e-10
2.593935621852949680e-10
7.790422751341452567e-10
-5.261436286652099170e-10
1.961880657930237248e-09
1.077359867984739594e-09
-8.326689338034043431e-10
5.225266400121775234e-12
-3.646776214338842692e-10
3.701254858157199124e-10
-1.242847491589316178e-09
-6.248037642819781468e-10
2.955518330072237632e-10
-1.412133743272647735e-09
1.376801228580859515e-09
-1.368835600423778942e-09
-2.579614577502553630e-10
-1.709465013988165083e-09
-5.012525949865676012e-10
2.246485220069871502e-10
1.864244758564836957e-09
-1.265097693270433865e-09
1.880199329562515231e-09
1.413716105985729499e-11
-7.615508917924174170e-11
-1.383030689972031269e-09
-2.384020064694070129e-12
2.191199027778978348e-10
4.748710799584721087e-11
-1.706787489119676593e-10
1.236786340008677598e-09
-2.329896942043774288e-09
-1.401438853854131139e-09
-3.658134239969967894e-09
-1.459958681726547525e-10
1.609379185474324458e-09
-4.214772975075220529e-10
-4.527759001060616129e-10
-1.760317225318885903e-09
2.137292010040425794e-10
1.997622511851204763e-09
4.497700545336158484e-10
6.196738677743951484e-10
8.401410123148878029e-10
-7.357324749435179001e-10
1.040052211020991990e-10
2.720808300882282538e-10
-1.398571952693217213e-10
9.539892209531330991e-10
1.391755821700257911e-09
-1.229977564243256438e-09
1.305491825753790636e-10
-8.050717870133894394e-10
1.798315940604311436e-09
1.242612176349799924e-11
-1.577923014473014973e-09
1.322275622328561440e-09
1.769137059071113072e-10
5.247645651351717788e-10
4.928635832790462246e-10
-6.944264607788852572e-10
1.364452106855651436e-09
-7.402159996061641323e-10
-9.776904841274358660e-10
-1.371210034406544764e-09
9.215252450012201280e-10
-3.114550395366677549e-09
-9.421137203702301122e-10
1.182113407161011764e-09
-1.775444902207823361e-09
1.113821479492571598e-09
-1.514499858856765968e-09
-1.173290908873525495e-09
-1.015263775827612847e-10
9.157508952528647939e-12
2.160160272879352306e-09
1.170888053181329269e-09
6.297572463509482077e-10
-2.141016919310345656e-09
-3.382977231680683872e-10
-1.972595004007260400e-10
-2.826041900494402626e-10
-8.341867752115206258e-10
1.029866969481929573e-09
-2.434225043757010098e-10
-1.422933021411054710e-10
-5.460125129808091060e-10
-6.774020233635269506e-10
1.134715411910125482e-11
4.580928414377183344e-10
1.595801046860856331e-09
3.941192094902845611e-10
1.042737007850291775e-09
-8.381244587241098998e-10
-5.926820145774058801e-10
1.462204468616334907e-09
1.437448493568638241e-09
-5.416402881763815458e-10
1.409774297300714352e-09
7.038573612838661120e-10
2.159323164718784938e-09
1.851519604301188338e-09
-5.184596085783255148e-10
7.751380648457484313e-10
-8.659470918104261727e-10
-8.798390904729558315e-10
-7.185131933873378784e-10
3.531873959961018272e-10
2.245979846549062131e-09
-5.880448905593027575e-10
1.527714177385064431e-09
8.523170502705568197e-10
-1.165029517302684781e-09
-4.606595938039248495e-10
-7.281750202814407658e-10
-1.025730167469873777e-09
-7.488427100632577549e-10
-9.746828899537263169e-10
2.981720703676415951e-10
1.417046924245823902e-09
-1.117505046832611981e-10
-9.517250182389247470e-11
4.099040273874976492e-10
1.218285750059777683e-10
-9.325070715604510951e-10
1.403015065237767089e-10
1.582999398230811039e-09
-1.648825742606163658e-09
1.125707749238813449e-09
-7.291773435058601649e-11
3.657875669027532695e-10
-2.149165706510913765e-10
-9.615434004572875892e-10
-1.538122185174017886e-09
2.956523914576791867e-10
-1.949734151907023261e-09
1.775232405520910106e-09
-3.521655467242368331e-10
2.039400037734395710e-10
-1.321958320588123570e-09
-1.539154914631524207e-09
2.156782974438442579e-09
-4.672205400346740589e-10
1.620364176169175607e-09
8.280431895713036283e-10
-2.650477580468102445e-11
-1.299048202341168690e-09
-3.849183749515816544e-10
3.212772270444474998e-10
2.750085159597404072e-10
6.216054337926379958e-10
-4.291678123991005123e-10
-1.616384692759709196e-09
1.063844234927557864e-09
-8.496975900662562253e-10
-1.031609575541381218e-09
9.041477566640310215e-10
7.772201771061304498e-10
1.865540166789969589e-09
2.491945094718062137e-09
7.204429275375900943e-10
-1.197784982309713087e-09
-9.483650531549869811e-10
-7.687586123239498193e-10
-5.511754941345259340e-10
3.365654421827457554e-10
-9.997831451613592435e-10
-1.090765033850971122e-09
4.655506535833353610e-10
-2.216688610445771701e-09
1.566483831538789673e-09
-1.168101448900671357e-10
-9.743535978046224955e-10
2.623053330097491198e-09
-1.538166538583851661e-10
-6.238008720682586272e-11
-1.637864510684039487e-09
-1.083309331129100883e-09
1.348926526034688322e-09
2.979417601522982295e-09
-1.453925535521705115e-09
-1.843158264902555743e-11
-2.178307090261455414e-09
-2.218153882793671983e-09
5.576246131511197746e-10
-2.999159254279959441e-10
3.010349969301273632e-09
1.415422445916192373e-09
-1.621256739969823002e-10
2.663628873023071719e-09
1.286386552834528629e-09
1.684857031669650951e-09
-1.211757139074620682e-09
6.598648849553967466e-10
-1.651942298230846262e-11
1.386271764047819488e-09
-5.284924720072581295e-10
1.012242956122122450e-09
2.081410738208333555e-10
1.881567644745896217e-11
-1.402484350876420649e-09
1.353424150529747294e-09
1.185635922773542461e-09
1.094754217834115195e-10
1.178249053879198982e-09
1.253225967445814604e-09
1.728640564024885862e-09
-2.373889418372243654e-10
-1.193045440217588293e-09
8.387650018981673838e-10
-2.110046137815402290e-09
1.993592624316420370e-09
1.582220021667524179e-09
-9.937374256807629536e-10
2.998058190595287442e-10
7.317300654285929795e-10
-1.460163240318834710e-10
4.352688764974743663e-10
-2.738101412269600132e-10
-4.845510104267702900e-10
-5.321713625328072794e-10
1.537667548845433885e-09
-1.725513731898331571e-09
-2.724732384162820154e-10
-4.015746624119742592e-10
-1.403918925557690045e-10
-1.302898011701358882e-09
3.073932497432707578e-10
-7.517019784408773830e-10
1.056920440056785537e-09
9.522599375699769553e-10
-5.497596267112214719e-10
-1.363651302987989311e-09
1.828599771602767987e-10
3.923664171345819796e-10
-1.517577508103329365e-09
-8.395500405988798320e-10
-8.066722845256890650e-10
3.497806211338883031e-10
6.742134628368035010e-10
-2.150312566895351551e-10
-1.813282579643527015e-10
-8.375278248706763407e-10
2.546938493441786022e-10
-1.165651131174172406e-09
-9.605684303526373924e-11
8.156049724483693808e-10
1.546961891918385845e-09
1.110522368508171098e-10
1.160898266405752111e-09
9.944823853302864336e-10
2.956223876804386919e-10
-3.508303370036713886e-10
4.110478901697689480e-10
1.147069994544835936e-09
1.858769138607385685e-09
-9.449428739483067829e-11
-1.650667047492504480e-09
1.028043650208587678e-09
1.563852491948125589e-09
-6.536038377191744075e-10
9.743705842168992604e-10
7.890577080615912564e-10
2.709745205997649009e-10
-6.672774555127602980e-10
-7.588814576742208828e-10
-5.671640934679089696e-10
-8.888697000664080861e-10
-1.626756646055937949e-10
-7.898826037688877477e-11
-4.876382075913454628e-10
-3.751225996495577419e-10
-1.518640491138256721e-10
4.089782679184139624e-10
-8.050274336035556644e-10
3.188703190382113917e-10
-1.851600955893317746e-10
7.553109526714507638e-11
3.283850691371270614e-10
2.362543716216691791e-09
1.532098115042401787e-09
-1.826504725244149085e-09
-3.061369380219503000e-09
-9.552371116328117751e-10
-1.005203476012184183e-09
2.035126650534735404e-10
-1.187260068036266603e-09
-2.908440155380276337e-10
-1.226746704219294770e-09
9.813014845150291876e-10
-1.936967919391463511e-09
9.509801834894915373e-10
1.342676317350743886e-11
-1.191211296269756303e-10
1.120337711491004029e-09
3.731261133399499386e-10
-8.256202388423616867e-10
-3.899173761645613467e-10
-1.857588111109365059e-10
2.492966666434170975e-10
1.202828614488282710e-09
6.392392171150618196e-10
3.959297889544188820e-10
1.026987828112169154e-09
-5.685144577327605475e-10
4.586567514675010671e-10
-1.143071470810497203e-10
-5.517684087408269988e-10
7.775158294975881290e-10
-1.096882695783563122e-09
1.619057110602284411e-10
2.092636480766074669e-10
1.396422127236673916e-11
-6.148420661489240047e-10
-1.412452488303017617e-09
4.854402435583438091e-10
1.306076913287768093e-09
-3.024640260473887565e-10
-1.059643595091586121e-09
1.077626876622161944e-09
-2.958125966401325968e-10
-1.815805172888929064e-09
-1.917790370953298407e-09
7.001412644092042115e-11
-4.008202797445292731e-11
9.659967270536640171e-10
6.582617229078380205e-10
-1.601804244799609478e-09
2.095659645817704586e-09
2.976739743587586418e-09
6.181054973408706132e-11
-8.613056934336782433e-10
-1.878367017482673873e-09
-8.157080566562058266e-10
4.411863929743020662e-10
-6.572055122333608779e-10
8.225554126717327108e-10
9.734648642734100576e-10
-7.986381556079891197e-10
-4.890532423473814561e-10
1.342706834606133270e-09
-1.773362234835929030e-09
-3.806077120138695591e-10
-2.184527447823825241e-09
-7.816822744644014165e-10
-1.278496863932332417e-09
-5.027986915706605942e-10
-1.950306138809310141e-09
-1.114399350576888992e-09
-1.898806667455232855e-09
9.172726467276959283e-10
-1.020987849820187421e-09
3.260591241449617428e-10
-4.297918132500910815e-10
3.016258076637967633e-10
7.859021766698504052e-10
7.243249403043883206e-12
9.004847562055218191e-11
-9.812723966717840085e-10
-5.696416602307685650e-11
-7.417758074446112460e-10
5.451041840132120342e-10
-1.004723193531731340e-09
-2.243848662430991681e-09
-1.627070922438633716e-09
1.404302008012336955e-09
-6.061916524302546350e-10
5.738645669772779456e-10
-6.510922911928673784e-10
5.389710899805777444e-10
-4.114377172292904561e-10
-1.985301256723914776e-09
-4.702222500263530947e-10
5.891180876460566651e-10
-7.591094974834788900e-10
-1.682428751870190808e-09
-1.368246349553459140e-10
-2.011962374481868210e-09
6.008372688270924300e-10
8.453979738476391503e-10
-4.422961996652929884e-10
3.460510211716893991e-10
-8.632204395730980195e-10
-5.700644400974397286e-10
2.716843972017102260e-10
-7.337396246143157441e-10
5.553913232092533292e-11
-1.478753008932187640e-09
-9.543745793649804909e-10
-5.576249462180271621e-10
-9.335952011468862111e-10
5.020396320887243746e-10
-4.225045591166320946e-10
-2.206913818358913204e-10
-7.815428859636597281e-10
-1.073566457954200359e-09
1.788652448375671611e-09
-1.411710859322568012e-09
1.559266937789516305e-09
-9.893564856255920859e-10
7.289122083697918697e-10
1.356250250994506246e-10
9.633635000838580709e-10
8.581960142528544111e-11
6.652668971263153708e-10
-5.141260195351549100e-10
-1.604757854378746629e-10
-5.646481060495034399e-10
3.473714718649212330e-11
-1.379179659366513988e-09
8.087170932924436784e-10
-1.098252044862135790e-09
1.285425543784413094e-09
6.836032295787219937e-10
4.466737257846631337e-10
-3.013046756539239368e-10
-1.934145510418261438e-09
9.394456323974509360e-10
5.171331765585485130e-11
1.212859701560375925e-09
-5.868416308452140129e-10
1.230726187628761181e-09
3.844682072706717690e-10
4.024583166728490369e-10
-1.417638340051041723e-09
-5.848299622357444605e-11
2.713687496935790477e-09
4.718733181974243962e-10
-9.940067657865370165e-10
-1.688627238038975520e-09
7.154160042155410792e-10
-6.548374065218354190e-10
-8.065511036825512292e-10
1.375696334626752559e-09
-1.505574775961804335e-09
-9.379582666113606138e-10
9.419994784209961836e-10
5.669342217906603310e-10
6.123354046039253262e-10
-6.509773275986674435e-10
-4.556533483857094780e-10
1.978835706406556483e-10
-1.702549767834682370e-10
8.430395270764279303e-10
-1.239543689912636637e-09
-2.592024650471813629e-10
2.789289285654028561e-11
-1.579159691900144935e-09
-1.466380239456555046e-09
-1.576922037394012932e-09
1.039467734109678076e-09
-3.174141782746886520e-10
4.743293535725001675e-10
-2.180354369274439819e-10
-2.119858955040854198e-09
8.032320919504343237e-10
-1.273459337980398232e-09
-1.280755834720537223e-09
-7.115800726431587009e-10
-2.579137736713477125e-10
-1.534689562932012308e-11
3.386141367300865568e-10
-1.011351002944138600e-09
1.189941811752248668e-09
-2.756710970608367006e-10
3.847296370373953778e-10
-7.888673603240192733e-10
1.368452240413375876e-09
-1.407588268165227419e-09
3.933696701707845023e-10
-7.163896698081373415e-10
7.510073118943694226e-10
1.357743778518383237e-10
9.740205308972349485e-10
-2.515673502845316989e-10
1.333366306255356903e-09
5.007583930849435205e-11
-6.539978558706138756e-10
8.630886005889237822e-10
-2.029493462174514207e-09
1.362448487363110416e-09
-1.326518783706376325e-09
1.972378649295336572e-10
-1.610771072080297017e-09
-1.876296451541747956e-09
-1.614849476361257530e-09
2.234340906737131149e-10
-1.568087659720163174e-09
-1.113525729956599264e-10
-1.890622103317696201e-09
1.298948504313557351e-09
8.596200973265410994e-10
7.956537095843430052e-10
-1.890756662348280770e-09
-3.002169624011230553e-10
1.528897453084709923e-09
-1.008177083483552394e-10
-1.960192841377050854e-10
7.614753827489550986e-10
-4.167213241146328073e-10
6.404024532891128274e-10
-1.715521835699007624e-09
-1.279873651505170074e-09
1.286663997568382456e-09
-4.396483177515619900e-10
-1.406357474920127970e-09
1.210506250792775518e-09
1.665693916130805974e-09
-5.031679933820143447e-11
-1.191730492067222258e-09
1.004566874129864118e-09
2.918561503584271577e-10
7.874209062563863881e-10
3.105265211633678746e-10
1.406190164310316959e-10
-3.083500677014683333e-10
-3.456400721191243974e-10
-9.643627008060207118e-10
-1.971302149295084405e-10
-2.526894804510959602e-10
9.316427629357804108e-10
-6.551457709669250562e-10
8.371485726854643872e-10
-3.278132765238694901e-10
-7.052530781592736275e-10
1.356001866348321983e-09
-1.063121590760829349e-09
3.773898415992960054e-10
1.496020751723392550e-09
1.758114209771122205e-09
-5.159523919218145238e-10
5.746116915616994447e-10
-1.639334445968643195e-09
-5.388227641844878235e-10
-2.200045923217430754e-09
-2.669965810941921092e-11
1.781628622410380558e-09
-4.978545908862486158e-10
-4.568017075712305086e-10
-9.665680478221361227e-10
-1.007233074723501431e-09
1.706652735800062715e-10
7.039169247491372516e-10
-6.737497781905688043e-10
4.562735952950980334e-11
-2.690230926916115095e-09
1.317439268788689333e-09
1.205789801339562928e-09
-8.571137688484498085e-10
9.364877762152445939e-10
-2.962695921926439269e-10
-5.781746262312204010e-11
-4.169463108105730953e-10
1.142946631435548532e-12
1.343415267918146583e-09
-4.035268508228995188e-10
-1.589924636391515378e-09
1.734398513697499311e-09
1.602082799756487930e-09
-1.545842204242475759e-10
-1.864609133761518933e-09
-6.257635520867665946e-10
1.542014516076051223e-09
2.437805235455670072e-10
-1.231113766486657823e-09
-2.721275149664137416e-10
-3.130334880196983249e-10
-1.927390913536441985e-09
-5.368425703977663943e-10
-3.264521153401034326e-10
1.269753191479594534e-09
1.028094498423115510e-09
-5.712121886602972154e-10
-1.384632408729657982e-10
1.530535698179846804e-10
-1.455811582395938331e-10
-4.050637048003125074e-10
1.224695789225904718e-09
-2.711442737002300873e-10
-4.021522836961111125e-10
4.228946706708036629e-11
1.384665212350588703e-11
1.407772454165012732e-09
-3.988659055820242827e-11
-5.538903224966418293e-10
-4.551851950918006651e-10
1.312566583200336368e-10
-1.405681016031223862e-09
-1.300030749717961953e-09
-7.324078010739754063e-10
-2.016565359141964109e-09
-1.420206841018512023e-09
-3.185471331157430086e-10
-2.813905358722834649e-12
9.936793610165750579e-10
-1.135363580928583360e-09
-3.922064895078847258e-10
-8.937042772494407927e-10
1.100599167358495833e-09
-5.425118687618635249e-10
1.329650722858843892e-09
-4.903165096159511904e-10
1.099353386102563945e-09
-1.054285547752442653e-09
-1.133660831875715758e-09
7.012544989137836637e-10
-2.538665944129547825e-09
-7.059897111361124189e-10
-7.214437380831384417e-10
-6.412870234839829209e-10
6.764532267666822918e-10
-2.541123311772253146e-09
5.918037171426249188e-10
-9.039709952807228888e-11
-7.717432248810496276e-10
9.283593338516027416e-10
-1.351173506414227177e-09
-2.210904348487474635e-09
8.872651918734320020e-11
-1.478881572758439233e-09
-7.726855266732002292e-10
-9.748778451168504944e-10
1.570321095378801601e-09
-7.082733843866151346e-10
5.948854742143794283e-10
-1.592088683111114733e-09
-5.079705545085744234e-10
-1.231453716776798046e-09
-9.340709317129380906e-10
-8.357073921771984715e-10
-3.523133174088144415e-10
6.070841052085995670e-11
-5.851037987447682553e-10
4.056201763358302514e-10
1.619389289331252257e-09
-1.839456031937913849e-09
-2.202805160500531656e-10
9.100335485179300576e-10
-8.305418852661006213e-11
-1.239792046803245285e-09
-2.557755396370708922e-10
7.663069623298213173e-10
-9.380386467583434751e-10
1.241922786832105885e-09
4.686569465839340864e-10
6.174703526262703690e-10
2.167679591380533566e-09
-4.568575379115813462e-11
-1.662835868998513433e-09
-3.852239360835341131e-10
2.772781781956723535e-09
-4.325832136942153738e-09
-1.368929858358569618e-09
-6.223705995012096537e-10
7.239778221368453615e-11
-1.358250623084700237e-09
5.663722824067463080e-10
1.472631572241311915e-09
-2.023746059620634696e-09
-1.394625637196611478e-09
2.779415864129219926e-10
-1.616884071076185592e-09
-1.023573226177632023e-09
-1.916459879680587619e-09
2.545021415834014533e-10
-8.843837329131076785e-10
-8.901389625393107963e-10
3.496276324010949565e-10
8.378042148926567734e-10
-1.064880073009533135e-09
-1.222116963184305405e-09
-2.308452734522958849e-10
1.378352570968743862e-10
-5.138069969490288713e-10
5.948623260643159938e-10
1.410278560598499098e-10
-5.730951303795084328e-12
-1.433947266482604732e-10
-8.031491027793435933e-10
-7.861791218033431505e-10
4.713467949279959157e-10
-2.128290599312521181e-10
1.598803645030955067e-09
-7.977742078058014386e-11
1.280051203922383252e-10
4.171464007551861641e-10
3.381740443231251447e-10
6.677071118232902336e-10
2.811729515883598651e-09
6.862733714640967264e-10
-3.610405724385756798e-11
-8.803739959262202319e-10
-1.364663521075115682e-10
4.029421796225562957e-10
-8.385677152666914935e-10
-1.978837316229942189e-09
-1.356671663899078339e-09
-1.837153346118114428e-10
-2.598510295825917638e-10
2.821834987898341751e-10
1.691922851820848450e-10
1.049734965619109062e-09
-1.765574769718725179e-10
2.681544986060657720e-10
-2.344439642421036751e-10
-2.483711236678232126e-09
-2.333460535908216116e-09
-2.442476443320629187e-09
7.815049718473687790e-10
-1.145353034637253131e-09
8.637998094584986575e-10
-1.043874542361322710e-09
-1.366072033270882002e-09
-3.931494019226988712e-10
-2.805317089737968672e-10
-1.552697415085901866e-09
-2.592874803752920343e-09
9.215243568228004278e-10
-5.399293165342378131e-11
-2.941021648439345881e-09
-4.150771670818897974e-10
-6.553763087779884700e-10
3.128851622236084040e-10
-1.064407118001042818e-09
-8.712257582033089420e-10
5.071553246804860748e-11
-2.209398913821658539e-10
6.861703982785627431e-10
1.792774151354592505e-09
-9.152162916414852134e-10
-2.653175901201620945e-09
4.164515399196488943e-10
-9.326713845680956183e-10
7.450756123184021362e-10
5.796226831833450888e-10
-1.215899048112589753e-09
-1.624030077085336643e-10
-5.027028598079963384e-13
1.788284409443008371e-09
-8.050510258428289490e-10
5.366824207264642155e-10
1.277019712198068646e-09
1.153972584155837922e-09
-5.230257338340038586e-10
7.794289658136221988e-10
2.076417482399506298e-09
-1.728821197310992375e-09
-2.467642534753622385e-09
-6.007730424251178647e-10
5.109793144164598289e-10
-6.194843527040916342e-10
9.269485179430603239e-11
7.121206957449999209e-10
2.763843154340861474e-09
-2.590045122818906975e-10
-3.606911158637871040e-10
-1.013408912342583790e-09
-1.818071693193701321e-09
4.917029561291030859e-10
2.153689449002627043e-10
-7.352566333551635580e-10
-1.523850629014944502e-10
-1.816608752314152753e-09
-1.128746207612607577e-09
-1.043963915314805035e-09
6.489167536649631529e-11
6.981892286539448378e-10
-1.756849554723771689e-09
9.220713637070332425e-10
-4.158142719035140544e-10
-2.276452581995158653e-09
1.367451818445886147e-09
7.011263097878028816e-11
-3.668243486742994719e-11
-2.560690895436756875e-11
-1.521572201568233140e-09
-1.316177500321202842e-09
-3.047262997490918224e-10
5.832369587288610546e-10
1.350849848646973328e-10
-2.894772199724116035e-10
-2.251197450675590517e-09
1.285626938241080097e-09
3.084211011583626316e-11
-1.349556910668070486e-09
-2.417844258140178226e-10
-5.247285383980226925e-10
-2.134313392687658961e-09
-2.863662540604494655e-13
2.938917720296529978e-10
-9.239965459428844952e-10
1.327772114478875665e-09
1.828088791455684259e-09
-4.942155573672835089e-10
-1.238388835922421549e-09
-8.186978317503701419e-10
-8.008019802829835498e-10
1.475001343287374311e-09
1.183724007702835479e-09
-1.861006460046610300e-09
-4.057561231451956019e-11
-2.393039100212490666e-10
6.411757791369154802e-10
-1.651199621477417168e-09
-9.670604317335573796e-10
-3.140437354609559861e-10
-2.425431522290466546e-10
-4.450785920373512283e-11
2.335510396189732774e-10
5.799739022371852570e-10
-1.797085702470724300e-09
8.736758538852029687e-10
-6.650479056347080586e-10
3.274333582048427616e-10
-5.192052898728150012e-10
-9.871308215281260345e-10
-2.900286677487429188e-09
6.164835308908322986e-10
4.015376642296786258e-10
9.113533261384532125e-10
1.028086435428399170e-10
8.033578802191243540e-10
-1.583524755766063663e-09
5.277236980738564398e-10
-5.094514254899706884e-10
-3.687202765334518517e-10
4.840382539228471614e-10
9.803267086994083002e-10
7.947932312291072776e-10
8.947172447371087856e-10
7.526960721371267482e-10
1.663344184610338061e-10
-3.871778897490685267e-09
7.787184785890133298e-10
-8.492101466472945503e-10
2.537645926725673462e-10
-1.447670455734240136e-10
-5.132256841733351393e-10
1.024996199028294086e-09
-6.390673407130620376e-11
1.609932964719007487e-09
-4.000087761024673227e-10
